fragment_length	frequency
80	29
82	21
83	5
84	8
85	5
86	4
87	2
88	7
89	4
91	4
92	2
93	3
94	6
95	4
96	7
97	2
98	3
100	3
101	5
102	2
103	1
104	2
105	2
106	1
107	4
108	3
109	2
111	10
112	5
115	2
116	1
117	1
119	1
120	4
122	2
123	3
124	2
125	2
126	2
127	4
128	1
129	1
130	4
132	1
133	1
136	2
138	1
139	2
140	2
141	1
142	8
144	1
145	2
147	1
148	2
149	1
150	1
151	3
152	4
153	2
154	4
155	2
156	2
158	4
159	2
160	7
161	3
162	3
163	3
164	5
165	3
166	3
167	14
168	1
169	2
170	4
171	29
172	4
173	2
174	2
175	2
176	1
177	1
178	2
179	3
180	2
182	1
184	1
185	1
186	1
187	3
189	4
190	1
192	1
193	3
194	3
195	5
196	1
197	4
198	1
200	2
201	3
202	4
203	4
204	3
205	2
206	1
207	2
209	1
210	1
211	1
213	6
214	1
215	3
216	3
217	1
219	5
221	2
222	3
223	2
225	4
226	6
227	3
229	1
230	2
231	1
232	1
233	1
234	3
236	2
237	1
239	1
240	2
241	2
242	1
243	1
244	1
245	1
246	1
247	1
248	2
249	2
250	1
251	2
252	1
253	2
254	3
255	2
256	1
257	1
258	1
259	1
260	3
262	4
263	1
264	1
265	1
266	5
267	1
268	2
269	6
270	8
271	1
272	4
273	2
274	2
275	5
276	3
277	3
278	1
280	2
281	3
282	1
283	2
284	1
285	2
286	1
287	3
288	1
289	1
290	2
291	1
292	3
294	3
295	2
297	2
298	1
299	1
300	2
302	2
303	2
304	2
307	3
309	3
310	2
311	2
313	1
314	1
315	1
316	1
317	2
318	1
319	1
322	1
323	4
324	2
325	2
326	2
328	4
329	2
330	2
331	1
332	3
333	1
334	1
335	3
337	2
338	1
341	3
342	1
343	1
344	1
347	3
348	2
349	2
350	4
351	1
352	5
353	2
354	1
355	2
356	1
357	3
358	2
360	1
361	2
362	1
363	1
364	1
368	3
369	4
370	3
371	4
372	3
373	2
375	1
376	1
377	2
378	2
379	2
384	2
385	1
386	3
391	1
393	2
395	2
398	1
400	1
401	1
402	3
403	1
406	4
408	2
411	1
412	2
413	2
416	1
417	1
419	2
420	1
422	1
424	1
427	1
428	2
433	1
435	1
438	1
440	1
441	1
442	1
443	1
444	1
446	1
447	3
448	1
449	1
451	2
452	4
455	5
456	1
457	3
460	1
461	1
462	2
463	2
466	1
468	1
469	1
470	1
471	3
473	2
474	2
475	2
478	4
479	1
484	1
485	1
486	1
491	2
492	1
494	1
498	4
499	1
503	2
504	1
506	1
509	3
511	1
512	1
515	1
518	2
519	1
526	1
527	3
528	2
529	1
532	3
534	3
536	1
537	2
538	1
539	2
540	1
544	2
545	1
546	3
547	1
548	2
553	3
555	1
557	2
562	1
563	1
564	1
568	1
570	1
571	1
572	2
574	2
578	3
579	1
581	1
583	2
584	1
585	1
587	2
593	2
594	1
595	1
597	1
600	1
602	2
603	2
604	1
605	1
606	1
608	1
611	1
612	2
617	1
618	1
621	1
622	1
626	1
629	3
630	1
631	2
632	4
634	1
635	1
636	1
637	1
641	1
642	1
643	1
645	1
647	1
648	1
649	2
656	2
657	2
660	1
663	1
669	1
671	2
673	1
674	1
675	2
678	1
679	1
683	2
684	4
685	1
687	1
689	2
690	2
691	1
693	1
694	1
695	2
699	4
701	2
702	1
703	1
704	2
706	1
711	1
712	1
713	1
717	1
718	1
719	3
723	1
724	1
725	2
728	1
729	1
732	1
734	1
737	1
738	2
742	1
746	1
749	1
752	1
754	1
755	2
757	2
759	1
761	2
765	3
766	2
770	2
774	1
775	1
777	2
780	1
781	1
782	1
783	1
786	1
788	1
791	1
792	2
793	1
794	1
795	1
797	2
798	1
800	1
802	1
804	1
805	1
811	1
814	2
816	1
817	1
818	1
821	2
822	1
823	1
826	1
827	2
830	2
831	1
836	2
837	1
839	1
843	1
847	2
854	1
855	1
858	1
861	2
862	1
865	1
868	1
870	1
871	1
872	1
874	1
875	1
876	1
878	1
881	1
885	1
888	1
889	2
890	1
892	1
893	1
894	2
895	1
898	1
900	1
902	1
903	1
904	1
906	1
907	3
911	1
915	1
916	1
917	2
918	2
920	1
925	3
926	1
927	1
930	1
931	1
932	1
933	1
934	1
935	1
936	1
937	1
938	1
940	2
945	2
947	2
951	1
954	3
955	1
957	1
967	1
968	1
970	2
972	2
973	1
974	1
976	1
977	1
980	1
981	1
982	3
985	2
986	2
987	1
993	1
999	1
1003	1
1004	1
1007	3
1012	1
1014	1
1016	2
1018	1
1019	2
1020	3
1021	2
1022	3
1023	1
1026	1
1028	1
1031	1
1035	1
1037	2
1038	1
1041	2
1042	2
1044	2
1047	1
1054	1
1055	1
1061	1
1064	1
1068	3
1069	1
1070	1
1077	1
1078	1
1079	1
1081	1
1082	2
1083	1
1084	1
1087	1
1091	1
1095	1
1096	1
1097	4
1098	1
1102	1
1103	1
1106	1
1108	1
1109	2
1116	2
1117	1
1118	1
1122	1
1128	2
1129	2
1138	1
1139	2
1140	1
1142	1
1145	1
1147	1
1149	1
1150	1
1151	1
1152	1
1157	1
1162	1
1167	1
1169	2
1170	2
1173	2
1175	2
1176	1
1177	1
1182	1
1184	1
1188	1
1189	1
1192	1
1194	2
1197	1
1200	2
1201	1
1204	1
1205	2
1206	1
1207	1
1212	2
1217	2
1220	1
1226	1
1227	1
1228	1
1229	1
1230	1
1232	1
1233	1
1241	1
1244	1
1245	1
1246	1
1247	1
1248	1
1249	1
1250	1
1251	2
1253	1
1254	1
1257	1
1262	1
1263	1
1264	1
1270	1
1271	1
1273	1
1274	1
1276	1
1280	1
1281	1
1283	1
1287	1
1289	1
1290	1
1291	1
1292	1
1295	1
1296	2
1297	2
1298	1
1299	1
1300	1
1301	1
1303	2
1304	1
1305	2
1306	2
1307	1
1310	1
1311	1
1315	2
1317	1
1318	2
1323	2
1327	2
1335	1
1336	1
1337	1
1341	1
1343	2
1352	1
1355	1
1358	1
1362	1
1363	1
1368	2
1372	1
1378	1
1381	1
1382	2
1384	1
1386	2
1393	1
1398	1
1399	1
1400	1
1401	1
1404	2
1421	2
1428	1
1430	2
1431	1
1432	1
1433	1
1438	1
1440	2
1441	1
1446	1
1453	1
1454	1
1455	1
1456	1
1457	1
1459	1
1466	1
1469	1
1471	1
1472	1
1473	1
1476	1
1478	1
1479	1
1485	1
1486	1
1489	1
1491	1
1494	2
1496	2
1498	1
1499	2
1501	1
1505	1
1507	1
1508	1
1510	2
1511	1
1512	1
1515	1
1516	1
1524	1
1528	1
1532	1
1534	1
1537	1
1540	2
1541	1
1542	1
1543	2
1544	1
1545	1
1546	1
1548	1
1550	1
1554	2
1558	1
1559	1
1561	2
1562	2
1566	1
1572	1
1573	1
1574	1
1577	1
1578	1
1584	2
1589	1
1595	1
1598	1
1607	1
1608	1
1610	2
1612	1
1617	1
1621	1
1632	1
1636	2
1638	1
1641	4
1643	2
1647	1
1651	1
1656	1
1657	1
1658	2
1663	1
1666	1
1669	2
1673	2
1679	1
1680	1
1681	2
1687	1
1689	1
1691	1
1692	1
1693	1
1694	1
1697	1
1698	1
1702	1
1707	3
1709	1
1711	1
1713	1
1714	1
1719	2
1720	1
1722	1
1726	1
1729	1
1733	1
1734	1
1743	1
1745	1
1746	1
1749	1
1751	2
1753	1
1754	1
1756	1
1758	1
1760	1
1762	1
1763	1
1768	1
1769	1
1773	2
1787	1
1793	1
1794	1
1796	1
1797	1
1798	2
1799	1
1803	1
1804	1
1805	1
1807	1
1809	1
1814	1
1816	1
1817	1
1818	1
1820	1
1821	1
1823	1
1825	1
1828	2
1836	2
1840	1
1842	1
1847	2
1848	1
1853	1
1856	2
1857	1
1858	2
1859	1
1863	1
1867	1
1872	1
1873	2
1874	1
1875	1
1876	1
1881	2
1883	1
1888	1
1889	1
1894	1
1902	1
1905	2
1907	1
1908	1
1912	3
1914	1
1919	2
1920	1
1923	1
1924	1
1934	1
1936	1
1939	1
1948	2
1953	1
1955	1
1959	1
1963	1
1964	1
1967	1
1970	1
1972	1
1976	1
1977	1
1981	2
1982	1
1983	2
1984	1
1985	1
1988	1
1990	1
1993	1
1994	1
1997	1
2005	2
2009	1
2011	1
2014	1
2017	1
2018	2
2021	1
2023	1
2024	1
2025	1
2027	2
2034	2
2036	1
2042	1
2047	1
2049	1
2051	1
2053	1
2057	1
2060	1
2061	1
2077	1
2078	1
2081	1
2083	1
2087	1
2089	1
2090	1
2094	1
2100	1
2102	1
2103	1
2106	1
2111	1
2113	1
2114	1
2120	1
2121	3
2124	1
2128	1
2131	1
2146	1
2153	1
2158	1
2162	1
2166	1
2167	1
2170	1
2173	1
2177	1
2178	1
2195	1
2198	1
2199	1
2206	2
2207	1
2208	1
2211	1
2219	1
2225	1
2229	1
2230	1
2232	1
2234	1
2237	1
2253	1
2260	1
2267	1
2268	1
2272	2
2275	1
2282	1
2283	1
2285	1
2286	2
2293	1
2298	1
2300	1
2302	1
2304	1
2306	1
2311	1
2312	1
2313	1
2314	1
2320	1
2323	1
2324	1
2331	1
2334	1
2338	1
2339	1
2346	1
2349	1
2354	1
2356	1
2357	1
2364	1
2365	1
2371	1
2388	1
2389	1
2393	1
2395	1
2396	1
2397	1
2410	1
2412	1
2419	1
2423	1
2424	2
2427	1
2430	1
2432	1
2433	1
2437	1
2441	1
2445	1
2447	1
2449	1
2450	2
2461	1
2462	1
2463	1
2475	1
2482	1
2484	1
2487	1
2489	1
2490	1
2493	1
2499	1
2507	1
2517	1
2519	2
2521	1
2522	2
2525	1
2528	1
2533	1
2534	1
2535	1
2538	1
2540	1
2542	1
2552	1
2559	2
2561	1
2567	1
2571	1
2572	1
2573	1
2578	1
2584	1
2591	1
2594	1
2597	1
2599	2
2603	2
2607	1
2608	1
2622	1
2624	2
2627	1
2628	1
2637	1
2641	1
2642	1
2643	1
2648	2
2649	1
2656	1
2660	1
2663	1
2668	1
2675	1
2683	1
2695	1
2696	1
2703	1
2707	1
2715	1
2721	2
2723	3
2734	1
2740	2
2745	2
2746	1
2747	1
2752	1
2761	1
2765	1
2766	1
2767	1
2773	1
2774	1
2775	2
2778	1
2782	1
2785	1
2788	1
2797	1
2798	1
2803	1
2804	1
2805	1
2809	1
2812	1
2819	1
2822	1
2823	1
2824	1
2826	1
2827	2
2832	2
2839	1
2841	1
2842	1
2845	1
2846	1
2848	1
2873	1
2875	1
2876	1
2877	1
2886	1
2899	1
2907	1
2909	1
2924	1
2930	1
2935	1
2938	1
2939	1
2944	1
2946	1
2947	1
2960	1
2961	1
2966	1
2969	1
2971	2
2972	1
2974	1
2975	2
2977	1
2980	1
2982	1
2984	1
2990	1
2992	1
2994	1
2995	1
3004	1
3010	1
3037	1
3038	1
3040	1
3043	1
3046	2
3055	1
3061	1
3064	1
3076	2
3092	1
3093	1
3097	1
3109	1
3111	2
3112	1
3115	1
3125	1
3133	2
3138	1
3140	1
3146	1
3147	1
3152	1
3155	1
3158	1
3159	1
3160	1
3165	1
3174	1
3182	1
3186	1
3187	1
3206	1
3214	1
3222	1
3224	1
3226	1
3230	1
3236	1
3239	1
3241	1
3248	1
3249	1
3262	1
3270	1
3281	1
3287	1
3291	1
3297	1
3301	1
3305	1
3307	1
3309	1
3316	1
3322	1
3346	1
3362	1
3395	1
3407	1
3409	1
3416	1
3419	1
3422	1
3429	1
3451	1
3456	1
3464	1
3465	1
3483	1
3488	1
3491	1
3494	1
3499	1
3511	1
3534	1
3543	1
3550	1
3551	1
3560	1
3569	1
3585	1
3588	1
3611	1
3615	1
3624	1
3633	1
3668	1
3671	2
3675	2
3681	1
3684	1
3713	1
3728	1
3749	1
3757	1
3786	1
3787	1
3800	1
3803	1
3805	1
3808	1
3810	1
3829	1
3838	1
3850	1
3852	1
3853	1
3865	1
3867	1
3870	1
3893	1
3899	1
3910	1
3911	1
3914	1
3921	1
3926	1
3934	2
3941	1
3944	1
3958	1
3961	1
3987	1
3990	1
3991	1
3992	1
4000	2
4005	1
4009	1
4012	1
4013	1
4016	1
4028	1
4032	1
4036	1
4043	1
4058	1
4059	1
4061	1
4064	1
4074	1
4088	1
4100	1
4103	1
4109	1
4114	1
4115	1
4121	1
4122	1
4136	1
4141	1
4151	1
4180	1
4188	1
4189	1
4190	1
4199	1
4206	1
4207	1
4224	2
4236	1
4248	1
4249	1
4260	1
4262	1
4266	1
4283	1
4294	1
4299	1
4316	1
4325	1
4329	1
4333	1
4337	1
4342	1
4368	1
4378	1
4399	1
4405	1
4410	1
4418	1
4422	1
4423	1
4425	1
4426	2
4433	1
4437	1
4446	1
4456	1
4459	1
4462	1
4503	1
4504	1
4511	1
4513	1
4546	1
4574	2
4587	1
4624	1
4630	1
4638	1
4660	1
4663	1
4669	1
4681	1
4690	1
4691	1
4701	1
4704	1
4742	1
4744	1
4757	1
4786	1
4793	1
4795	1
4798	1
4814	1
4824	1
4878	1
4890	1
4898	1
4900	1
4947	1
4953	1
4955	1
4970	1
4972	1
4989	1
5007	1
5010	1
5014	1
5029	1
5047	1
5052	1
5117	1
5130	1
5131	1
5138	1
5156	1
5166	1
5169	1
5178	1
5211	1
5226	1
5236	1
5265	1
5273	1
5318	1
5321	1
5380	1
5396	1
5411	1
5416	1
5421	1
5436	1
5438	1
5442	2
5474	1
5483	1
5496	1
5504	1
5519	1
5535	1
5543	1
5581	1
5608	1
5613	1
5636	1
5648	1
5650	1
5656	2
5671	1
5679	1
5702	1
5718	1
5721	1
5738	1
5741	1
5764	1
5773	1
5776	1
5781	1
5800	1
5831	1
5843	1
5870	1
5876	1
5904	1
5944	1
5961	1
5962	1
5983	1
6004	1
6016	1
6030	1
6050	1
6058	1
6075	1
6100	1
6125	1
6127	1
6165	1
6168	1
6185	1
6191	1
6192	1
6198	1
6202	1
6212	1
6214	1
6231	1
6235	1
6248	1
6276	1
6311	1
6317	1
6320	1
6399	1
6405	1
6418	1
6457	1
6469	1
6470	1
6472	1
6473	1
6478	1
6503	1
6557	1
6577	1
6594	1
6633	1
6662	1
6696	1
6716	1
6790	1
6828	1
6862	1
6902	1
6908	1
6912	1
6934	1
6982	1
6987	1
6993	1
7020	1
7031	1
7050	1
7081	2
7086	1
7185	1
7251	1
7288	1
7347	1
7422	1
7482	1
7512	1
7524	1
7578	1
7624	1
7762	1
7838	1
7928	1
7932	1
7995	1
8000	1
8068	1
8069	1
8110	1
8176	1
8206	1
8242	1
8282	1
8372	1
8697	1
8939	1
8958	1
9212	1
9223	1
9346	1
9427	1
9428	1
9494	1
9500	1
9525	1
9546	1
9614	1
9677	1
9714	1
9957	1
10211	1
10341	1
10430	1
10596	1
10651	1
10765	1
11080	1
11161	1
11433	1
11454	1
11486	1
11491	1
11507	1
11777	1
12467	1
12510	1
12636	1
16892	1
17279	1
20230	1
22275	1
25879	1
36161	1
50764	1
3002512	1
