fragment_length	frequency
80	621
82	151
83	100
84	77
85	73
86	72
87	67
88	84
89	70
90	87
91	72
92	76
93	35
94	48
95	111
96	49
97	37
98	32
99	34
100	39
101	57
102	44
103	38
104	40
105	35
106	29
107	68
108	27
109	50
110	29
111	25
112	31
113	26
114	32
115	30
116	51
117	60
118	29
119	24
120	33
121	18
122	32
123	34
124	32
125	31
126	30
127	34
128	38
129	28
130	39
131	24
132	22
133	41
134	42
135	24
136	23
137	26
138	29
139	29
140	26
141	17
142	25
143	30
144	31
145	32
146	30
147	24
148	26
149	33
150	31
151	36
152	56
153	26
154	35
155	26
156	22
157	39
158	25
159	24
160	37
161	32
162	33
163	32
164	27
165	21
166	25
167	33
168	38
169	20
170	41
171	82
172	34
173	34
174	36
175	52
176	41
177	24
178	25
179	30
180	30
181	27
182	41
183	35
184	36
185	40
186	59
187	26
188	23
189	23
190	27
191	45
192	26
193	36
194	35
195	31
196	27
197	28
198	23
199	27
200	38
201	31
202	34
203	31
204	28
205	32
206	26
207	23
208	33
209	27
210	32
211	17
212	27
213	30
214	20
215	22
216	29
217	27
218	16
219	39
220	26
221	25
222	21
223	30
224	30
225	18
226	34
227	21
228	27
229	31
230	26
231	24
232	25
233	25
234	30
235	29
236	34
237	31
238	45
239	25
240	34
241	42
242	31
243	21
244	39
245	41
246	32
247	37
248	34
249	30
250	35
251	39
252	66
253	26
254	29
255	20
256	23
257	29
258	23
259	25
260	28
261	28
262	27
263	34
264	15
265	27
266	48
267	26
268	31
269	24
270	39
271	22
272	24
273	14
274	24
275	33
276	20
277	22
278	27
279	28
280	22
281	28
282	36
283	18
284	19
285	22
286	31
287	23
288	20
289	26
290	21
291	18
292	24
293	13
294	22
295	31
296	17
297	27
298	19
299	26
300	23
301	17
302	16
303	25
304	28
305	19
306	27
307	26
308	26
309	24
310	33
311	25
312	22
313	22
314	25
315	18
316	22
317	20
318	17
319	19
320	22
321	36
322	20
323	21
324	25
325	24
326	16
327	14
328	33
329	25
330	26
331	21
332	31
333	18
334	23
335	20
336	22
337	17
338	20
339	22
340	19
341	21
342	23
343	12
344	26
345	19
346	20
347	21
348	22
349	16
350	34
351	22
352	21
353	20
354	26
355	26
356	21
357	22
358	23
359	16
360	29
361	19
362	17
363	30
364	17
365	19
366	18
367	17
368	23
369	26
370	20
371	26
372	27
373	22
374	23
375	16
376	15
377	25
378	21
379	22
380	18
381	25
382	19
383	27
384	13
385	25
386	22
387	20
388	23
389	24
390	20
391	25
392	23
393	22
394	27
395	20
396	21
397	18
398	16
399	15
400	17
401	23
402	16
403	15
404	17
405	28
406	19
407	17
408	26
409	22
410	16
411	14
412	22
413	28
414	15
415	19
416	18
417	20
418	21
419	22
420	18
421	17
422	25
423	27
424	17
425	20
426	16
427	19
428	17
429	17
430	23
431	23
432	25
433	18
434	22
435	28
436	19
437	16
438	23
439	18
440	18
441	17
442	14
443	22
444	16
445	16
446	18
447	18
448	16
449	23
450	25
451	11
452	16
453	18
454	22
455	31
456	17
457	15
458	21
459	31
460	23
461	21
462	23
463	30
464	15
465	17
466	15
467	28
468	18
469	16
470	18
471	18
472	19
473	21
474	14
475	16
476	25
477	15
478	17
479	31
480	20
481	30
482	23
483	14
484	24
485	26
486	14
487	15
488	12
489	14
490	14
491	20
492	18
493	22
494	18
495	13
496	16
497	19
498	19
499	12
500	14
501	14
502	12
503	22
504	7
505	21
506	19
507	25
508	15
509	16
510	10
511	21
512	21
513	28
514	21
515	25
516	16
517	22
518	22
519	19
520	16
521	17
522	20
523	17
524	18
525	10
526	20
527	15
528	17
529	17
530	26
531	13
532	15
533	18
534	18
535	13
536	18
537	17
538	16
539	17
540	20
541	20
542	23
543	11
544	16
545	17
546	15
547	22
548	15
549	20
550	21
551	23
552	22
553	11
554	16
555	15
556	17
557	12
558	14
559	14
560	19
561	17
562	19
563	29
564	16
565	13
566	15
567	9
568	16
569	17
570	21
571	15
572	17
573	14
574	13
575	12
576	17
577	12
578	17
579	14
580	15
581	19
582	11
583	13
584	12
585	18
586	9
587	16
588	7
589	13
590	24
591	19
592	21
593	14
594	18
595	19
596	16
597	18
598	10
599	7
600	16
601	17
602	19
603	18
604	17
605	20
606	24
607	21
608	7
609	13
610	16
611	14
612	17
613	17
614	20
615	16
616	13
617	20
618	12
619	16
620	16
621	17
622	16
623	17
624	11
625	22
626	12
627	12
628	15
629	12
630	14
631	20
632	14
633	18
634	16
635	18
636	20
637	19
638	8
639	10
640	16
641	22
642	15
643	16
644	20
645	19
646	16
647	23
648	21
649	16
650	16
651	15
652	20
653	16
654	16
655	9
656	9
657	12
658	16
659	20
660	14
661	22
662	11
663	14
664	15
665	12
666	15
667	15
668	11
669	19
670	11
671	16
672	22
673	10
674	23
675	13
676	16
677	4
678	9
679	11
680	6
681	15
682	18
683	16
684	13
685	15
686	12
687	15
688	24
689	18
690	11
691	18
692	20
693	12
694	12
695	21
696	15
697	10
698	19
699	23
700	17
701	17
702	10
703	17
704	28
705	18
706	9
707	12
708	12
709	15
710	13
711	17
712	13
713	19
714	12
715	11
716	10
717	23
718	23
719	16
720	14
721	16
722	16
723	15
724	15
725	11
726	11
727	12
728	9
729	17
730	16
731	18
732	8
733	19
734	20
735	12
736	16
737	12
738	18
739	20
740	19
741	5
742	9
743	17
744	16
745	15
746	17
747	16
748	18
749	21
750	18
751	14
752	12
753	17
754	10
755	17
756	13
757	17
758	21
759	19
760	20
761	20
762	10
763	14
764	19
765	10
766	13
767	10
768	27
769	18
770	12
771	8
772	13
773	18
774	19
775	15
776	17
777	14
778	22
779	12
780	14
781	20
782	14
783	15
784	16
785	14
786	9
787	19
788	22
789	11
790	15
791	17
792	15
793	12
794	13
795	14
796	19
797	17
798	15
799	10
800	21
801	15
802	16
803	19
804	15
805	12
806	16
807	14
808	10
809	13
810	15
811	20
812	10
813	18
814	10
815	12
816	20
817	14
818	14
819	11
820	18
821	14
822	12
823	12
824	8
825	6
826	17
827	6
828	15
829	9
830	15
831	16
832	12
833	9
834	4
835	19
836	13
837	15
838	12
839	12
840	11
841	15
842	15
843	16
844	15
845	20
846	12
847	10
848	15
849	17
850	7
851	21
852	13
853	17
854	20
855	8
856	15
857	12
858	10
859	15
860	20
861	21
862	14
863	18
864	16
865	20
866	19
867	12
868	16
869	8
870	12
871	12
872	22
873	11
874	12
875	11
876	14
877	17
878	10
879	11
880	19
881	8
882	13
883	11
884	17
885	16
886	13
887	20
888	4
889	19
890	16
891	12
892	15
893	17
894	16
895	15
896	22
897	12
898	11
899	20
900	16
901	13
902	13
903	20
904	12
905	11
906	15
907	12
908	11
909	10
910	11
911	18
912	16
913	11
914	17
915	16
916	12
917	19
918	12
919	18
920	14
921	21
922	14
923	16
924	12
925	22
926	13
927	14
928	8
929	12
930	12
931	16
932	15
933	15
934	19
935	16
936	13
937	16
938	8
939	14
940	10
941	12
942	11
943	12
944	17
945	7
946	18
947	9
948	13
949	12
950	14
951	11
952	14
953	14
954	12
955	13
956	9
957	26
958	12
959	11
960	16
961	16
962	15
963	17
964	17
965	12
966	7
967	8
968	14
969	17
970	15
971	14
972	8
973	10
974	18
975	15
976	10
977	12
978	11
979	4
980	16
981	17
982	12
983	12
984	13
985	14
986	6
987	14
988	17
989	16
990	16
991	7
992	10
993	12
994	16
995	6
996	13
997	12
998	7
999	22
1000	8
1001	13
1002	12
1003	13
1004	10
1005	17
1006	12
1007	10
1008	14
1009	8
1010	18
1011	6
1012	13
1013	11
1014	10
1015	9
1016	8
1017	11
1018	13
1019	19
1020	15
1021	15
1022	12
1023	17
1024	10
1025	13
1026	13
1027	16
1028	12
1029	8
1030	10
1031	17
1032	14
1033	11
1034	17
1035	14
1036	14
1037	9
1038	15
1039	16
1040	17
1041	12
1042	8
1043	11
1044	19
1045	12
1046	12
1047	12
1048	11
1049	11
1050	11
1051	11
1052	17
1053	16
1054	14
1055	9
1056	10
1057	19
1058	12
1059	8
1060	13
1061	12
1062	9
1063	11
1064	10
1065	12
1066	17
1067	13
1068	10
1069	15
1070	8
1071	18
1072	15
1073	13
1074	15
1075	13
1076	12
1077	13
1078	12
1079	16
1080	12
1081	10
1082	10
1083	16
1084	8
1085	15
1086	14
1087	9
1088	13
1089	16
1090	4
1091	9
1092	9
1093	12
1094	9
1095	10
1096	12
1097	14
1098	12
1099	11
1100	20
1101	10
1102	10
1103	9
1104	8
1105	17
1106	11
1107	10
1108	7
1109	14
1110	11
1111	17
1112	14
1113	7
1114	10
1115	16
1116	13
1117	11
1118	13
1119	5
1120	10
1121	18
1122	16
1123	11
1124	7
1125	8
1126	16
1127	9
1128	19
1129	11
1130	9
1131	21
1132	12
1133	8
1134	21
1135	15
1136	10
1137	13
1138	14
1139	13
1140	16
1141	7
1142	11
1143	8
1144	8
1145	8
1146	13
1147	10
1148	12
1149	13
1150	12
1151	16
1152	8
1153	11
1154	11
1155	13
1156	17
1157	16
1158	11
1159	8
1160	5
1161	15
1162	6
1163	7
1164	10
1165	12
1166	5
1167	4
1168	12
1169	12
1170	8
1171	11
1172	10
1173	7
1174	8
1175	6
1176	7
1177	10
1178	11
1179	8
1180	10
1181	14
1182	15
1183	10
1184	10
1185	9
1186	13
1187	14
1188	14
1189	6
1190	7
1191	19
1192	12
1193	9
1194	9
1195	9
1196	7
1197	11
1198	12
1199	18
1200	6
1201	13
1202	10
1203	6
1204	8
1205	17
1206	13
1207	11
1208	11
1209	13
1210	11
1211	13
1212	14
1213	11
1214	13
1215	10
1216	15
1217	10
1218	9
1219	12
1220	11
1221	13
1222	7
1223	13
1224	9
1225	15
1226	15
1227	10
1228	9
1229	9
1230	11
1231	8
1232	14
1233	11
1234	5
1235	10
1236	11
1237	10
1238	11
1239	10
1240	17
1241	12
1242	12
1243	7
1244	11
1245	13
1246	10
1247	13
1248	12
1249	4
1250	12
1251	1
1252	10
1253	10
1254	11
1255	10
1256	11
1257	11
1258	10
1259	10
1260	3
1261	14
1262	7
1263	9
1264	10
1265	10
1266	8
1267	12
1268	8
1269	8
1270	8
1271	13
1272	5
1273	14
1274	12
1275	11
1276	11
1277	8
1278	6
1279	10
1280	10
1281	13
1282	12
1283	9
1284	9
1285	11
1286	11
1287	7
1288	18
1289	9
1290	10
1291	10
1292	4
1293	9
1294	11
1295	12
1296	12
1297	11
1298	13
1299	22
1300	10
1301	11
1302	10
1303	9
1304	7
1305	10
1306	10
1307	11
1308	8
1309	6
1310	13
1311	12
1312	9
1313	13
1314	12
1315	14
1316	15
1317	11
1318	7
1319	10
1320	15
1321	5
1322	11
1323	11
1324	15
1325	9
1326	16
1327	15
1328	16
1329	11
1330	7
1331	12
1332	7
1333	10
1334	11
1335	12
1336	13
1337	7
1338	10
1339	6
1340	10
1341	14
1342	5
1343	9
1344	8
1345	13
1346	10
1347	8
1348	8
1349	9
1350	11
1351	8
1352	10
1353	10
1354	10
1355	12
1356	7
1357	12
1358	6
1359	18
1360	11
1361	8
1362	12
1363	4
1364	11
1365	9
1366	10
1367	11
1368	8
1369	6
1370	6
1371	10
1372	9
1373	10
1374	9
1375	7
1376	9
1377	12
1378	7
1379	5
1380	10
1381	11
1382	11
1383	4
1384	8
1385	10
1386	9
1387	17
1388	6
1389	10
1390	4
1391	12
1392	3
1393	13
1394	7
1395	9
1396	5
1397	11
1398	10
1399	10
1400	5
1401	9
1402	12
1403	10
1404	13
1405	12
1406	8
1407	12
1408	5
1409	9
1410	16
1411	14
1412	10
1413	7
1414	9
1415	5
1416	12
1417	6
1418	8
1419	12
1420	6
1421	14
1422	6
1423	3
1424	10
1425	9
1426	7
1427	5
1428	7
1429	13
1430	12
1431	12
1432	8
1433	6
1434	8
1435	16
1436	9
1437	7
1438	7
1439	4
1440	11
1441	15
1442	7
1443	10
1444	11
1445	14
1446	13
1447	13
1448	11
1449	6
1450	11
1451	6
1452	8
1453	9
1454	8
1455	10
1456	13
1457	11
1458	9
1459	14
1460	3
1461	11
1462	9
1463	7
1464	13
1465	13
1466	15
1467	8
1468	6
1469	9
1470	7
1471	8
1472	8
1473	10
1474	8
1475	8
1476	8
1477	16
1478	10
1479	16
1480	15
1481	11
1482	11
1483	14
1484	15
1485	16
1486	6
1487	11
1488	12
1489	13
1490	10
1491	12
1492	11
1493	11
1494	5
1495	9
1496	5
1497	12
1498	11
1499	8
1500	9
1501	14
1502	9
1503	7
1504	4
1505	8
1506	6
1507	8
1508	7
1509	11
1510	9
1511	11
1512	10
1513	6
1514	11
1515	9
1516	15
1517	9
1518	12
1519	9
1520	8
1521	7
1522	4
1523	12
1524	12
1525	18
1526	10
1527	4
1528	5
1529	8
1530	7
1531	7
1532	9
1533	6
1534	13
1535	8
1536	9
1537	5
1538	10
1539	8
1540	17
1541	10
1542	10
1543	4
1544	8
1545	10
1546	6
1547	6
1548	13
1549	10
1550	9
1551	8
1552	8
1553	12
1554	8
1555	6
1556	12
1557	15
1558	12
1559	8
1560	8
1561	9
1562	5
1563	11
1564	7
1565	4
1566	6
1567	11
1568	6
1569	8
1570	1
1571	10
1572	6
1573	10
1574	6
1575	8
1576	10
1577	9
1578	12
1579	10
1580	14
1581	6
1582	17
1583	11
1584	7
1585	11
1586	10
1587	8
1588	7
1589	9
1590	9
1591	6
1592	13
1593	12
1594	7
1595	10
1596	12
1597	8
1598	16
1599	7
1600	10
1601	13
1602	3
1603	9
1604	5
1605	10
1606	6
1607	12
1608	7
1609	9
1610	12
1611	12
1612	8
1613	5
1614	6
1615	3
1616	5
1617	12
1618	12
1619	13
1620	8
1621	10
1622	10
1623	7
1624	10
1625	11
1626	9
1627	12
1628	8
1629	13
1630	10
1631	5
1632	2
1633	6
1634	10
1635	7
1636	8
1637	13
1638	9
1639	8
1640	10
1641	12
1642	6
1643	14
1644	5
1645	10
1646	2
1647	8
1648	8
1649	13
1650	9
1651	4
1652	8
1653	10
1654	10
1655	9
1656	6
1657	10
1658	5
1659	3
1660	9
1661	7
1662	10
1663	8
1664	11
1665	8
1666	4
1667	9
1668	6
1669	9
1670	7
1671	7
1672	13
1673	10
1674	10
1675	4
1676	8
1677	4
1678	6
1679	9
1680	13
1681	6
1682	16
1683	8
1684	1
1685	3
1686	11
1687	9
1688	3
1689	10
1690	11
1691	11
1692	9
1693	5
1694	11
1695	10
1696	10
1697	4
1698	2
1699	5
1700	10
1701	8
1702	5
1703	13
1704	7
1705	6
1706	4
1707	4
1708	8
1709	4
1710	8
1711	9
1712	9
1713	8
1714	7
1715	9
1716	9
1717	5
1718	10
1719	7
1720	13
1721	14
1722	8
1723	7
1724	10
1725	3
1726	6
1727	9
1728	6
1729	8
1730	5
1731	15
1732	14
1733	7
1734	16
1735	5
1736	10
1737	10
1738	7
1739	8
1740	7
1741	7
1742	9
1743	9
1744	6
1745	3
1746	7
1747	4
1748	6
1749	5
1750	5
1751	10
1752	14
1753	5
1754	5
1755	13
1756	11
1757	3
1758	9
1759	11
1760	9
1761	10
1762	7
1763	4
1764	6
1765	6
1766	5
1767	12
1768	10
1769	9
1770	8
1771	6
1772	6
1773	4
1774	4
1775	5
1776	11
1777	6
1778	5
1779	10
1780	7
1781	11
1782	6
1783	6
1784	8
1785	6
1786	5
1787	10
1788	9
1789	8
1790	6
1791	12
1792	4
1793	10
1794	9
1795	10
1796	6
1797	8
1798	6
1799	4
1800	12
1801	8
1802	7
1803	6
1804	5
1805	7
1806	7
1807	14
1808	11
1809	6
1810	5
1811	10
1812	14
1813	10
1814	5
1815	8
1816	4
1817	8
1818	5
1819	8
1820	8
1821	11
1822	6
1823	11
1824	9
1825	9
1826	6
1827	11
1828	10
1829	4
1830	7
1831	5
1832	7
1833	9
1834	12
1835	8
1836	8
1837	6
1838	4
1839	10
1840	3
1841	7
1842	6
1843	15
1844	6
1845	10
1846	8
1847	10
1848	9
1849	1
1850	9
1851	8
1852	5
1853	6
1854	3
1855	7
1856	6
1857	7
1858	5
1859	10
1860	7
1861	3
1862	6
1863	9
1864	7
1865	5
1866	10
1867	8
1868	11
1869	10
1870	10
1871	4
1872	3
1873	13
1874	8
1875	6
1876	6
1877	4
1878	6
1879	6
1880	5
1881	9
1882	10
1883	9
1884	8
1885	9
1886	8
1887	11
1888	10
1889	5
1890	7
1891	3
1892	8
1893	8
1894	3
1895	8
1896	7
1897	6
1898	8
1899	5
1900	15
1901	10
1902	7
1903	5
1904	4
1905	7
1906	5
1907	5
1908	3
1909	2
1910	8
1911	8
1912	7
1913	5
1914	10
1915	7
1916	7
1917	9
1918	8
1919	5
1920	6
1921	12
1922	3
1923	10
1924	9
1925	10
1926	6
1927	4
1928	4
1929	9
1930	9
1931	2
1932	12
1933	9
1934	8
1935	11
1936	5
1937	6
1938	10
1939	7
1940	5
1941	9
1942	6
1943	7
1944	4
1945	7
1946	4
1947	7
1948	13
1949	8
1950	10
1951	7
1952	6
1953	6
1954	9
1955	6
1956	7
1957	5
1958	6
1959	6
1960	9
1961	7
1962	8
1963	9
1964	8
1965	7
1966	12
1967	11
1968	7
1969	7
1970	9
1971	9
1972	5
1973	15
1974	6
1975	12
1976	5
1977	10
1978	9
1979	6
1980	10
1981	8
1982	9
1983	12
1984	12
1985	7
1986	4
1987	10
1988	8
1989	9
1990	7
1991	5
1992	6
1993	8
1994	10
1995	8
1996	11
1997	3
1998	2
1999	7
2000	8
2001	7
2002	7
2003	6
2004	11
2005	8
2006	3
2007	5
2008	5
2009	7
2010	9
2011	13
2012	3
2013	7
2014	4
2015	8
2016	5
2017	11
2018	7
2019	12
2020	4
2021	6
2022	6
2023	6
2024	4
2025	9
2026	10
2027	7
2028	10
2029	5
2030	6
2031	11
2032	6
2033	10
2034	9
2035	6
2036	15
2037	2
2038	7
2039	9
2040	3
2041	3
2042	6
2043	5
2044	6
2045	4
2046	11
2047	6
2048	5
2049	7
2050	14
2051	7
2052	6
2053	4
2054	8
2055	9
2056	6
2057	6
2058	4
2059	6
2060	7
2061	3
2062	7
2063	9
2064	5
2065	12
2066	7
2067	4
2068	3
2069	9
2070	9
2071	9
2072	7
2073	6
2074	13
2075	7
2076	6
2077	8
2078	10
2079	16
2080	2
2081	10
2082	7
2083	5
2084	5
2085	11
2086	10
2087	7
2088	9
2089	9
2090	8
2091	11
2092	6
2093	9
2094	2
2095	11
2096	10
2097	4
2098	9
2099	10
2100	7
2101	7
2102	7
2103	4
2104	7
2105	9
2106	9
2107	9
2108	5
2109	4
2110	8
2111	8
2112	6
2113	8
2114	7
2115	8
2116	10
2117	6
2118	7
2119	7
2120	6
2121	9
2122	9
2123	4
2124	8
2125	7
2126	7
2127	8
2128	12
2129	10
2130	3
2131	4
2132	6
2133	4
2134	11
2135	10
2136	7
2137	3
2138	6
2139	5
2140	5
2141	13
2142	8
2143	7
2144	5
2145	7
2146	9
2147	10
2148	5
2149	10
2150	10
2151	9
2152	9
2153	7
2154	9
2155	3
2156	5
2157	6
2158	8
2159	3
2160	6
2161	7
2162	10
2163	6
2164	9
2165	6
2166	3
2167	4
2168	9
2169	3
2170	6
2171	6
2172	5
2173	7
2174	7
2175	9
2176	2
2177	9
2178	6
2179	6
2180	13
2181	7
2182	9
2183	12
2184	8
2185	5
2186	7
2187	3
2188	12
2189	4
2190	5
2191	7
2192	6
2193	8
2194	7
2195	8
2196	7
2197	12
2198	3
2199	7
2200	6
2201	3
2202	6
2203	5
2204	7
2205	6
2206	11
2207	5
2208	6
2209	13
2210	5
2211	2
2212	4
2213	5
2214	6
2215	6
2216	4
2217	6
2218	3
2219	6
2220	12
2221	5
2222	6
2223	9
2224	9
2225	8
2226	9
2227	5
2228	5
2229	9
2230	12
2231	11
2232	4
2233	5
2234	5
2235	9
2236	5
2237	4
2238	12
2239	2
2240	12
2241	7
2242	4
2243	4
2244	4
2245	6
2246	7
2247	7
2248	7
2249	5
2250	9
2251	9
2252	4
2253	6
2254	5
2255	3
2256	6
2257	7
2258	6
2259	5
2260	7
2261	6
2262	6
2263	12
2264	7
2265	9
2266	7
2267	7
2268	4
2269	4
2270	9
2271	12
2272	11
2273	5
2274	2
2275	8
2276	3
2277	9
2278	6
2279	4
2280	5
2281	4
2282	7
2283	3
2284	3
2285	5
2286	2
2287	7
2288	6
2289	3
2290	3
2291	6
2292	5
2293	3
2294	4
2295	7
2296	5
2297	6
2298	10
2299	5
2300	7
2301	12
2302	4
2303	3
2304	5
2305	7
2306	3
2307	3
2308	12
2309	7
2310	7
2311	4
2312	10
2313	5
2314	6
2315	5
2316	8
2317	6
2318	7
2319	5
2320	4
2321	7
2322	9
2323	7
2324	7
2325	5
2326	6
2327	9
2328	4
2329	4
2330	7
2331	3
2332	5
2333	1
2334	9
2335	8
2336	5
2337	5
2338	8
2339	5
2340	9
2341	9
2342	8
2343	4
2344	3
2345	5
2346	6
2347	6
2348	8
2349	13
2350	9
2351	7
2352	3
2353	7
2354	9
2355	5
2356	7
2357	8
2358	4
2359	6
2360	9
2361	9
2362	5
2363	6
2364	5
2365	8
2366	4
2367	5
2368	10
2369	3
2370	2
2371	8
2372	1
2373	5
2374	5
2375	4
2376	9
2377	6
2378	5
2379	6
2380	3
2381	8
2382	12
2383	3
2384	4
2385	3
2386	3
2387	7
2388	12
2389	2
2390	6
2391	7
2392	12
2393	6
2394	4
2395	6
2396	4
2397	2
2398	5
2399	4
2400	9
2401	6
2402	6
2403	10
2404	5
2405	7
2406	2
2407	6
2408	3
2409	9
2410	6
2411	6
2412	8
2413	6
2414	3
2415	11
2416	7
2417	6
2418	7
2419	6
2420	6
2421	8
2422	5
2423	5
2424	5
2425	8
2426	7
2427	3
2428	7
2429	6
2430	5
2431	9
2432	4
2433	6
2434	3
2435	3
2436	3
2437	6
2438	7
2439	3
2440	5
2441	2
2442	2
2443	5
2444	5
2445	8
2446	5
2447	2
2448	6
2449	4
2450	8
2451	6
2452	6
2453	6
2454	7
2455	3
2456	5
2457	5
2458	2
2459	5
2460	7
2461	9
2462	8
2463	5
2464	9
2465	8
2466	9
2467	4
2468	11
2469	6
2470	5
2471	3
2472	9
2473	4
2474	8
2475	6
2476	9
2477	8
2478	4
2479	5
2480	8
2481	6
2482	6
2483	2
2484	4
2485	1
2486	3
2487	8
2488	3
2489	5
2490	10
2491	4
2492	3
2493	4
2494	10
2495	3
2496	7
2497	7
2498	3
2499	4
2500	3
2501	9
2502	6
2503	7
2504	1
2505	4
2506	3
2507	7
2508	6
2509	10
2510	5
2511	5
2512	6
2513	12
2514	4
2515	4
2516	12
2517	7
2518	8
2519	5
2520	4
2521	5
2522	6
2523	8
2524	3
2525	5
2526	6
2527	6
2528	6
2529	6
2530	5
2531	8
2532	6
2533	8
2534	7
2535	5
2536	2
2537	3
2538	7
2539	4
2540	7
2541	2
2542	4
2543	4
2544	6
2545	6
2546	3
2547	1
2548	3
2549	10
2550	3
2551	5
2552	6
2553	9
2554	4
2555	12
2556	6
2557	2
2558	5
2559	1
2560	8
2561	4
2562	2
2563	5
2564	11
2565	4
2566	8
2567	6
2568	3
2569	5
2570	6
2571	4
2572	4
2573	9
2574	5
2575	5
2576	8
2577	3
2578	8
2579	3
2580	3
2581	2
2582	4
2583	6
2584	5
2585	5
2586	6
2587	4
2588	5
2589	8
2590	7
2591	3
2592	2
2593	7
2594	4
2595	6
2596	3
2597	5
2598	6
2599	5
2600	2
2601	1
2602	1
2603	2
2604	4
2605	6
2606	6
2607	7
2608	7
2609	3
2610	6
2611	9
2612	4
2613	10
2614	10
2615	7
2616	5
2617	7
2618	5
2619	2
2620	3
2621	5
2622	2
2623	7
2624	2
2625	7
2626	7
2627	3
2628	4
2629	6
2630	2
2631	2
2632	5
2633	4
2634	5
2635	7
2636	4
2637	7
2638	8
2639	5
2640	2
2641	5
2642	8
2643	8
2644	6
2645	2
2646	2
2647	6
2648	7
2649	3
2650	4
2651	2
2652	4
2653	8
2654	7
2655	6
2656	8
2657	4
2658	6
2659	3
2660	5
2661	7
2662	6
2663	8
2664	6
2665	3
2666	2
2667	12
2668	6
2669	7
2670	6
2671	5
2672	4
2673	10
2674	2
2675	4
2676	9
2677	7
2678	4
2679	8
2680	6
2681	8
2682	5
2683	5
2684	3
2685	3
2686	4
2687	11
2688	2
2689	7
2690	4
2691	6
2692	2
2693	7
2694	6
2695	4
2696	2
2697	6
2698	3
2699	5
2700	7
2701	5
2702	5
2703	3
2704	4
2705	5
2706	5
2707	4
2708	6
2709	5
2710	9
2711	6
2712	3
2713	2
2714	6
2715	2
2716	5
2717	4
2718	4
2719	7
2720	6
2721	6
2722	5
2723	5
2724	6
2725	6
2726	6
2727	8
2728	4
2729	11
2730	5
2731	7
2732	3
2733	5
2734	4
2735	4
2736	8
2737	6
2738	4
2739	4
2740	7
2741	3
2742	3
2743	6
2744	3
2745	5
2746	4
2747	5
2748	6
2749	4
2750	5
2751	3
2752	2
2753	7
2754	6
2755	14
2756	4
2757	8
2758	9
2759	9
2760	4
2761	5
2762	6
2763	3
2764	5
2765	4
2766	3
2767	4
2768	5
2769	4
2770	9
2771	5
2772	7
2773	3
2774	6
2775	4
2776	6
2777	4
2778	4
2779	4
2780	4
2781	2
2782	4
2783	6
2784	7
2785	6
2786	2
2787	8
2788	3
2789	5
2790	7
2791	9
2792	8
2793	7
2794	5
2795	5
2796	3
2797	4
2798	8
2799	3
2800	3
2801	4
2802	5
2803	7
2804	3
2805	3
2806	5
2807	3
2808	12
2809	7
2810	5
2811	5
2812	4
2813	6
2814	5
2815	3
2816	5
2817	7
2818	7
2819	7
2820	2
2821	5
2822	4
2823	3
2824	3
2825	4
2826	5
2827	7
2828	2
2829	9
2830	2
2831	5
2832	7
2833	5
2834	3
2835	2
2836	5
2837	3
2838	8
2839	9
2840	4
2841	7
2842	4
2843	3
2844	11
2845	3
2846	2
2847	5
2848	3
2849	5
2850	4
2851	5
2852	8
2853	5
2854	7
2855	3
2856	3
2857	3
2858	3
2859	5
2860	1
2861	7
2862	4
2863	3
2864	5
2865	2
2866	4
2867	6
2868	4
2869	5
2870	3
2871	2
2872	4
2873	2
2874	3
2875	8
2876	7
2877	3
2878	6
2879	1
2880	2
2881	4
2882	5
2883	4
2884	1
2885	6
2886	10
2887	5
2888	6
2889	6
2890	6
2891	7
2892	5
2893	6
2894	1
2895	5
2896	7
2897	4
2898	2
2899	7
2900	3
2901	7
2902	3
2903	4
2904	3
2905	3
2906	5
2907	3
2908	3
2909	5
2910	5
2911	2
2912	5
2913	3
2914	5
2915	4
2916	4
2917	4
2918	2
2919	4
2920	5
2921	3
2922	6
2923	3
2924	4
2925	5
2926	1
2927	2
2928	6
2929	5
2930	5
2931	6
2932	2
2933	5
2934	8
2935	3
2936	4
2937	4
2938	4
2939	4
2940	4
2941	3
2942	2
2943	4
2944	5
2945	5
2946	4
2947	7
2948	2
2949	4
2950	4
2951	2
2952	4
2953	9
2954	3
2955	5
2956	3
2957	8
2959	2
2960	6
2961	4
2962	5
2963	6
2964	4
2965	6
2966	3
2967	6
2968	8
2969	1
2970	2
2971	1
2972	3
2973	6
2974	1
2975	1
2976	8
2977	7
2978	5
2979	6
2980	3
2981	2
2982	2
2983	3
2984	6
2985	4
2986	7
2987	2
2989	7
2990	2
2991	1
2992	7
2993	5
2994	9
2995	7
2996	8
2997	6
2998	5
2999	6
3000	2
3001	1
3002	4
3003	4
3004	6
3005	3
3006	5
3007	8
3008	1
3009	1
3010	3
3011	4
3012	4
3013	3
3014	2
3015	6
3016	1
3017	6
3018	4
3019	4
3020	4
3021	3
3022	8
3023	5
3024	4
3025	4
3026	6
3027	5
3028	2
3029	7
3030	4
3031	1
3032	5
3033	2
3034	3
3035	6
3036	3
3037	2
3038	3
3039	3
3040	4
3041	3
3042	8
3043	4
3044	1
3045	6
3046	6
3047	2
3048	2
3049	2
3050	1
3051	2
3052	3
3053	4
3054	3
3055	3
3056	7
3057	7
3058	7
3059	1
3060	1
3061	1
3062	2
3063	4
3064	6
3065	5
3066	3
3067	4
3068	6
3069	6
3070	3
3071	3
3072	1
3073	4
3074	7
3075	4
3076	4
3077	4
3078	7
3079	6
3080	7
3081	5
3082	6
3083	4
3084	4
3085	4
3086	6
3087	2
3088	5
3089	5
3090	7
3091	8
3092	3
3093	2
3094	3
3095	6
3096	3
3097	3
3098	4
3099	4
3100	7
3101	5
3102	2
3103	5
3104	3
3105	3
3106	2
3107	9
3108	3
3109	3
3110	1
3111	3
3112	4
3113	2
3114	5
3115	2
3116	2
3117	3
3118	4
3119	1
3120	4
3121	3
3122	3
3123	4
3124	6
3125	2
3126	4
3127	5
3128	4
3129	4
3130	3
3131	2
3132	1
3133	6
3134	3
3135	4
3136	3
3137	5
3138	1
3139	7
3140	2
3141	4
3142	3
3143	6
3144	5
3145	2
3146	5
3147	3
3148	7
3149	2
3150	6
3151	4
3152	2
3153	3
3154	7
3155	4
3156	3
3157	6
3158	2
3159	8
3160	4
3161	5
3162	2
3163	5
3164	3
3165	5
3166	6
3167	2
3168	4
3169	2
3170	2
3171	4
3172	2
3173	5
3174	4
3175	1
3176	6
3177	1
3178	1
3179	5
3180	5
3181	2
3182	6
3183	6
3184	3
3185	6
3186	3
3187	2
3188	2
3189	5
3190	3
3191	2
3193	6
3194	3
3195	8
3196	4
3197	6
3198	3
3199	7
3200	4
3201	6
3202	5
3204	2
3205	2
3206	3
3207	6
3208	4
3209	2
3210	3
3211	6
3212	7
3213	4
3214	7
3215	3
3216	4
3217	3
3218	6
3219	3
3220	5
3221	4
3222	4
3223	8
3224	5
3225	4
3226	3
3227	4
3228	8
3229	6
3230	4
3231	2
3232	2
3234	3
3235	6
3236	5
3237	3
3238	6
3239	5
3240	5
3241	4
3242	3
3243	4
3244	6
3245	3
3246	2
3247	3
3248	2
3249	4
3250	4
3251	4
3252	6
3253	6
3254	1
3256	5
3257	2
3258	2
3259	3
3260	7
3261	4
3262	8
3263	4
3264	4
3265	5
3266	4
3268	1
3269	5
3270	5
3271	4
3272	3
3273	8
3274	4
3275	2
3276	7
3277	2
3278	4
3279	3
3280	5
3281	2
3282	6
3283	2
3284	3
3285	1
3286	4
3287	5
3288	4
3289	5
3290	2
3291	3
3292	4
3293	3
3294	4
3295	1
3296	2
3297	5
3298	3
3299	3
3301	2
3302	1
3303	6
3304	2
3305	2
3306	3
3307	1
3308	6
3309	2
3310	5
3311	1
3312	6
3313	3
3314	3
3315	2
3316	4
3317	1
3318	2
3319	2
3320	2
3321	3
3323	3
3324	2
3325	4
3326	5
3327	3
3328	1
3329	5
3330	5
3331	2
3332	4
3333	4
3334	5
3335	4
3336	2
3337	4
3338	1
3339	2
3340	3
3341	4
3342	1
3343	4
3344	8
3345	3
3346	2
3347	6
3348	6
3349	4
3350	3
3351	2
3352	3
3353	4
3354	4
3355	4
3356	3
3357	6
3358	4
3359	4
3360	3
3362	2
3363	3
3364	6
3365	3
3366	3
3368	3
3369	3
3370	6
3371	3
3372	6
3373	6
3374	1
3375	3
3376	5
3377	7
3379	3
3380	3
3381	3
3382	2
3383	6
3384	5
3385	3
3386	6
3387	4
3388	3
3389	6
3390	4
3391	5
3392	2
3393	2
3394	3
3395	2
3396	3
3397	2
3398	6
3399	3
3400	4
3401	3
3402	4
3403	8
3404	4
3405	4
3406	2
3407	4
3408	4
3409	6
3410	4
3411	3
3412	2
3413	3
3414	4
3415	4
3416	2
3417	3
3418	5
3419	6
3420	6
3421	5
3422	3
3424	5
3425	5
3426	7
3427	2
3428	4
3429	4
3430	3
3431	3
3432	4
3433	6
3434	4
3435	4
3436	2
3437	3
3438	5
3439	7
3440	7
3441	4
3442	3
3443	1
3444	8
3445	1
3446	5
3447	1
3448	5
3449	6
3450	2
3451	2
3452	4
3453	5
3454	2
3456	6
3457	3
3458	7
3459	4
3460	5
3461	2
3462	2
3463	4
3464	3
3465	5
3466	4
3467	3
3468	2
3469	2
3470	3
3471	3
3472	10
3473	2
3474	2
3475	4
3476	8
3477	2
3478	3
3479	3
3480	1
3482	2
3483	4
3484	5
3485	6
3486	1
3487	6
3488	3
3489	3
3490	2
3491	2
3492	6
3493	3
3494	2
3495	1
3496	2
3497	2
3498	1
3499	2
3500	1
3501	1
3502	6
3503	1
3504	3
3505	4
3506	2
3507	3
3508	5
3509	4
3510	2
3511	3
3512	3
3513	4
3514	2
3515	3
3516	3
3517	4
3518	4
3519	1
3520	7
3521	2
3522	8
3523	4
3524	1
3525	3
3526	2
3527	3
3528	2
3529	4
3530	2
3531	2
3532	2
3533	6
3534	4
3535	2
3536	3
3537	3
3538	2
3539	3
3540	2
3541	2
3542	1
3543	4
3544	6
3545	1
3546	2
3547	3
3548	4
3549	3
3550	4
3552	4
3553	4
3554	4
3555	2
3556	5
3557	8
3558	2
3559	4
3560	4
3561	5
3562	1
3563	4
3564	6
3565	4
3566	1
3568	2
3569	3
3570	3
3571	8
3572	2
3573	4
3574	3
3575	5
3576	1
3577	6
3578	2
3579	2
3580	2
3581	4
3582	2
3583	5
3584	1
3585	5
3587	5
3588	3
3589	2
3590	3
3591	5
3592	1
3593	4
3594	4
3595	3
3596	3
3597	4
3598	3
3599	2
3600	5
3601	1
3602	4
3603	4
3604	5
3605	4
3606	2
3607	2
3608	3
3609	1
3610	2
3611	4
3612	2
3613	3
3614	4
3615	2
3616	1
3617	2
3618	3
3619	5
3620	5
3621	4
3622	4
3623	2
3624	2
3626	2
3627	6
3628	2
3629	4
3630	1
3631	6
3632	3
3633	2
3634	3
3635	4
3637	4
3638	4
3639	2
3640	4
3641	5
3642	2
3643	3
3644	3
3645	2
3646	3
3647	4
3648	1
3649	1
3650	6
3652	3
3653	7
3654	7
3655	5
3656	2
3657	2
3658	1
3659	3
3660	6
3661	1
3662	1
3663	5
3664	2
3665	1
3666	1
3667	3
3668	4
3669	6
3670	3
3671	4
3672	2
3673	1
3675	1
3676	4
3677	1
3678	5
3679	2
3680	4
3681	5
3682	7
3683	2
3684	4
3685	1
3686	2
3687	8
3688	1
3689	1
3690	3
3691	4
3693	3
3694	3
3696	3
3697	3
3698	1
3699	1
3700	2
3701	4
3702	7
3703	3
3704	2
3705	2
3706	1
3707	2
3708	2
3709	2
3710	2
3711	2
3712	5
3713	2
3714	2
3715	4
3716	2
3717	3
3718	2
3719	2
3720	5
3721	3
3722	2
3723	4
3724	4
3725	2
3726	2
3727	2
3728	9
3729	3
3730	1
3731	4
3732	3
3734	2
3735	3
3736	3
3737	3
3738	4
3739	2
3740	4
3742	3
3743	3
3744	1
3745	2
3747	7
3748	3
3749	1
3750	2
3751	5
3752	3
3753	1
3754	4
3755	1
3756	3
3758	3
3759	5
3760	2
3761	4
3762	2
3763	3
3764	5
3765	1
3766	6
3767	6
3768	1
3769	3
3770	1
3771	3
3772	1
3773	1
3774	1
3775	3
3776	3
3777	4
3778	2
3779	2
3780	3
3781	1
3782	2
3783	4
3784	7
3786	4
3787	3
3788	2
3789	1
3790	4
3791	2
3792	4
3793	2
3794	4
3795	3
3796	4
3797	1
3798	4
3799	1
3800	2
3801	2
3803	1
3804	3
3805	2
3806	2
3807	4
3808	1
3809	1
3810	4
3811	2
3812	9
3813	1
3814	2
3815	3
3816	2
3817	1
3818	2
3819	4
3820	4
3821	3
3822	3
3823	1
3824	2
3825	4
3826	4
3827	4
3828	2
3829	1
3830	2
3831	6
3832	3
3833	4
3834	1
3835	3
3836	2
3837	1
3838	1
3839	4
3840	3
3841	3
3842	2
3843	1
3844	3
3845	1
3846	1
3847	4
3848	3
3849	3
3850	2
3851	3
3852	2
3853	4
3854	6
3855	3
3856	3
3857	1
3858	2
3859	5
3860	2
3861	1
3862	1
3863	5
3864	1
3865	3
3866	1
3867	3
3868	1
3869	5
3870	3
3871	3
3872	1
3873	6
3874	3
3875	4
3876	2
3877	4
3878	2
3880	2
3881	3
3883	1
3884	4
3885	4
3886	1
3887	1
3888	4
3889	4
3890	7
3891	4
3892	3
3894	3
3895	3
3896	2
3897	5
3898	5
3899	3
3901	1
3902	4
3903	4
3904	2
3905	2
3906	2
3907	1
3908	3
3909	2
3910	2
3911	2
3912	4
3914	3
3916	4
3917	3
3918	2
3919	2
3920	3
3921	3
3922	2
3923	3
3924	1
3925	3
3926	5
3927	1
3928	3
3929	4
3930	4
3931	3
3932	1
3934	2
3935	2
3936	3
3938	2
3939	2
3941	2
3942	1
3944	2
3945	2
3946	2
3947	2
3948	1
3949	3
3950	1
3951	1
3952	1
3954	3
3955	3
3956	5
3957	1
3958	2
3959	2
3960	3
3961	2
3962	6
3963	3
3964	1
3965	5
3966	4
3967	3
3968	2
3969	2
3970	1
3971	1
3972	6
3973	7
3974	3
3975	2
3976	2
3977	2
3978	3
3979	2
3980	1
3982	2
3983	3
3984	4
3985	2
3986	1
3987	2
3988	1
3989	2
3990	2
3991	5
3992	4
3993	3
3994	3
3995	1
3996	3
3997	2
3998	2
3999	4
4000	1
4001	2
4002	1
4003	1
4004	1
4005	2
4007	5
4009	1
4011	3
4012	4
4013	4
4014	3
4015	4
4016	1
4017	4
4018	2
4019	2
4020	2
4021	4
4022	1
4023	3
4024	3
4025	1
4026	3
4027	3
4028	2
4029	2
4030	3
4031	3
4032	2
4033	1
4034	5
4035	4
4036	1
4037	5
4038	5
4039	2
4040	2
4042	1
4043	4
4045	4
4046	6
4047	1
4048	3
4049	3
4050	2
4051	1
4053	3
4054	2
4055	1
4056	1
4057	1
4058	3
4059	5
4060	1
4061	1
4062	3
4065	1
4066	3
4067	1
4068	3
4069	1
4070	1
4071	3
4072	3
4073	4
4074	2
4075	5
4076	2
4077	1
4078	5
4079	1
4080	2
4081	1
4082	2
4083	1
4084	1
4085	3
4086	3
4087	2
4088	2
4089	3
4090	3
4091	4
4092	2
4093	2
4094	2
4096	5
4097	1
4098	1
4099	1
4100	2
4101	1
4102	1
4104	2
4105	5
4106	3
4107	1
4108	3
4109	1
4110	1
4111	3
4112	1
4113	2
4114	3
4115	3
4116	2
4117	3
4118	3
4119	2
4120	3
4121	1
4122	3
4123	2
4125	2
4126	2
4127	1
4129	2
4130	1
4131	2
4132	5
4133	2
4134	1
4135	3
4137	2
4138	3
4139	2
4140	4
4141	2
4143	2
4144	2
4145	1
4146	3
4148	2
4149	3
4150	2
4152	1
4153	2
4154	5
4156	3
4157	2
4158	3
4160	5
4161	2
4163	1
4164	5
4165	5
4166	1
4167	4
4168	2
4169	1
4170	1
4171	1
4172	3
4173	1
4174	1
4175	2
4176	1
4177	2
4178	2
4181	2
4182	3
4183	1
4184	5
4185	2
4187	2
4188	3
4190	1
4191	1
4192	2
4194	4
4195	2
4196	4
4197	2
4198	6
4199	5
4202	1
4203	5
4204	2
4205	2
4206	3
4207	2
4208	1
4209	3
4210	3
4211	2
4212	3
4213	2
4214	3
4215	2
4216	3
4217	2
4218	2
4219	3
4220	3
4221	1
4222	3
4223	3
4224	5
4225	3
4226	2
4228	1
4230	1
4231	1
4232	1
4233	3
4234	3
4235	2
4236	2
4239	1
4240	3
4242	1
4243	2
4244	1
4246	4
4247	2
4248	3
4249	1
4250	2
4251	1
4252	2
4253	2
4254	1
4255	2
4256	2
4257	6
4258	1
4259	1
4261	2
4262	1
4263	1
4264	5
4266	3
4267	3
4269	2
4270	1
4271	5
4272	3
4273	4
4274	2
4275	1
4276	5
4277	1
4278	1
4279	1
4280	2
4281	3
4282	3
4283	3
4284	4
4285	1
4286	2
4287	3
4288	3
4290	2
4291	1
4292	2
4293	3
4294	1
4295	3
4296	2
4297	3
4298	3
4299	3
4300	3
4301	6
4302	4
4303	5
4305	3
4306	1
4307	2
4308	2
4309	3
4310	1
4311	3
4313	2
4316	1
4317	2
4318	1
4319	1
4320	3
4321	4
4322	1
4323	2
4324	3
4326	2
4327	1
4328	2
4329	2
4330	3
4331	3
4332	4
4333	4
4334	2
4335	4
4336	4
4337	1
4339	5
4341	4
4342	1
4343	1
4344	2
4345	3
4346	2
4348	2
4349	3
4350	2
4351	1
4352	2
4353	2
4354	4
4355	1
4356	3
4357	1
4358	2
4359	1
4360	1
4361	1
4362	3
4363	1
4364	2
4365	3
4366	5
4367	2
4368	2
4369	2
4370	2
4371	2
4372	4
4373	4
4374	4
4375	2
4376	4
4377	2
4378	4
4379	3
4380	1
4381	3
4382	1
4383	4
4384	2
4385	7
4386	2
4387	2
4388	4
4389	1
4390	1
4391	1
4392	1
4394	1
4395	2
4396	1
4397	3
4398	1
4400	2
4401	4
4403	2
4404	2
4405	4
4406	2
4407	2
4409	2
4411	1
4412	2
4413	1
4414	3
4415	3
4416	3
4417	1
4418	1
4419	1
4420	1
4421	1
4422	2
4423	1
4424	2
4425	2
4426	1
4427	3
4428	1
4429	2
4430	1
4431	4
4432	4
4433	2
4434	1
4435	3
4436	2
4437	1
4438	3
4439	3
4440	2
4442	2
4443	1
4444	1
4445	1
4446	3
4447	1
4448	1
4449	1
4450	2
4451	3
4453	2
4454	1
4455	2
4456	2
4457	4
4458	2
4459	2
4460	1
4461	1
4462	1
4464	1
4468	2
4469	2
4470	4
4471	3
4472	1
4473	2
4474	3
4475	2
4476	2
4477	3
4478	5
4479	4
4480	2
4481	3
4482	3
4483	3
4484	1
4485	2
4486	1
4487	3
4488	1
4489	1
4490	1
4492	2
4493	3
4494	2
4495	2
4496	1
4497	1
4498	3
4499	4
4500	1
4501	5
4502	2
4503	2
4504	2
4505	2
4506	2
4507	5
4508	2
4509	1
4510	3
4511	1
4512	6
4513	3
4514	2
4515	4
4516	3
4517	1
4519	4
4520	2
4521	1
4522	3
4523	3
4524	3
4525	2
4526	2
4527	2
4528	2
4530	2
4531	5
4532	3
4533	1
4534	1
4535	3
4536	1
4537	2
4538	3
4539	4
4540	4
4541	2
4542	1
4543	1
4544	2
4545	3
4546	5
4547	1
4548	1
4549	3
4550	2
4551	2
4552	1
4553	1
4554	2
4557	1
4558	5
4559	1
4560	1
4561	4
4562	3
4563	1
4564	3
4565	3
4566	3
4568	2
4569	3
4570	4
4571	1
4573	2
4574	4
4575	2
4576	3
4577	1
4578	2
4579	1
4580	2
4581	1
4582	1
4583	2
4584	2
4585	2
4588	1
4589	1
4590	1
4591	1
4592	1
4593	1
4594	1
4595	3
4596	3
4598	3
4599	2
4600	1
4602	3
4603	1
4605	2
4606	1
4607	3
4608	1
4610	1
4611	1
4612	3
4613	2
4614	4
4615	1
4616	1
4618	3
4619	2
4620	1
4621	3
4622	1
4623	1
4624	1
4625	3
4626	2
4627	1
4628	1
4629	1
4630	1
4631	1
4632	5
4633	1
4634	6
4635	1
4636	2
4637	1
4638	4
4639	1
4640	2
4642	1
4643	1
4645	2
4646	1
4648	2
4649	1
4650	2
4652	4
4654	1
4655	1
4657	4
4658	2
4659	1
4661	5
4662	3
4663	2
4664	2
4666	3
4667	1
4668	2
4669	2
4670	1
4672	3
4673	1
4674	3
4675	2
4676	3
4678	3
4679	4
4680	1
4681	1
4682	2
4683	2
4684	2
4685	3
4686	2
4687	2
4688	3
4690	2
4691	2
4692	1
4693	3
4694	1
4695	1
4697	4
4698	1
4699	3
4700	1
4701	1
4703	3
4704	4
4705	4
4706	1
4707	2
4708	3
4709	4
4710	2
4711	2
4712	2
4713	3
4714	1
4717	1
4718	2
4719	4
4720	1
4721	2
4722	3
4723	3
4724	7
4725	1
4726	3
4728	1
4729	3
4730	1
4732	2
4733	2
4734	2
4735	4
4737	2
4738	1
4739	1
4740	2
4741	4
4742	1
4743	1
4744	1
4745	2
4746	1
4747	1
4749	3
4750	2
4751	4
4752	2
4753	1
4754	1
4755	4
4756	2
4757	1
4758	3
4759	2
4760	1
4761	1
4763	1
4765	3
4766	2
4767	1
4768	2
4769	2
4770	1
4771	1
4772	4
4774	2
4775	1
4776	1
4777	3
4778	1
4779	1
4781	1
4782	3
4783	4
4785	1
4786	2
4787	1
4788	1
4789	1
4792	2
4793	2
4794	1
4795	1
4796	3
4797	2
4798	1
4801	3
4802	2
4803	1
4804	2
4805	2
4806	2
4807	1
4808	1
4810	2
4811	2
4813	2
4814	1
4815	1
4816	3
4817	1
4818	3
4819	3
4820	2
4821	1
4822	1
4823	3
4824	6
4825	3
4827	1
4828	2
4830	2
4831	1
4832	4
4833	3
4835	2
4836	1
4837	2
4839	2
4840	3
4843	1
4844	2
4845	1
4846	2
4847	2
4848	3
4849	1
4850	3
4851	2
4852	5
4853	2
4855	3
4857	2
4858	1
4859	2
4860	2
4861	1
4862	3
4863	3
4864	2
4866	1
4867	1
4868	4
4869	3
4870	2
4872	2
4873	2
4875	1
4877	3
4878	3
4879	1
4880	2
4881	4
4884	1
4885	3
4887	2
4889	1
4891	1
4892	5
4893	1
4894	2
4895	3
4896	1
4898	2
4900	2
4901	2
4903	2
4904	1
4905	1
4906	3
4907	2
4908	1
4909	1
4910	3
4911	3
4912	3
4913	1
4914	3
4915	2
4916	1
4917	1
4918	1
4919	2
4921	3
4923	4
4924	3
4925	1
4926	3
4927	1
4928	3
4929	1
4930	2
4931	3
4933	2
4934	2
4935	1
4937	3
4938	1
4939	3
4940	4
4941	2
4942	3
4944	1
4945	1
4946	1
4947	1
4948	1
4951	1
4952	2
4953	1
4954	2
4957	1
4958	1
4960	4
4961	1
4962	4
4963	2
4964	3
4965	2
4966	3
4967	2
4968	4
4969	1
4970	1
4971	1
4973	1
4975	2
4976	3
4977	4
4978	3
4979	1
4980	1
4981	2
4983	2
4984	2
4986	1
4987	2
4988	3
4989	1
4990	1
4991	2
4992	3
4995	3
4996	2
4998	4
4999	3
5000	1
5002	2
5003	1
5004	1
5005	1
5006	2
5007	1
5008	2
5009	2
5010	2
5013	2
5014	1
5019	3
5020	3
5021	1
5022	4
5023	2
5025	3
5026	1
5027	1
5028	1
5029	2
5030	4
5031	2
5034	2
5037	2
5038	3
5039	2
5040	1
5041	2
5042	1
5043	1
5044	2
5045	3
5046	2
5047	1
5048	2
5049	1
5050	2
5052	2
5053	1
5054	1
5055	2
5056	1
5057	3
5058	1
5059	1
5060	1
5062	2
5064	4
5066	2
5067	1
5068	1
5070	1
5071	2
5073	2
5074	1
5075	1
5077	3
5078	2
5079	2
5081	2
5083	1
5084	2
5085	1
5086	1
5088	1
5090	1
5091	2
5092	2
5093	2
5094	1
5095	1
5097	1
5098	2
5099	3
5100	2
5102	1
5103	1
5104	2
5105	1
5106	1
5107	2
5108	1
5109	1
5111	2
5113	5
5114	2
5116	4
5118	2
5120	5
5121	2
5122	1
5123	1
5124	3
5125	2
5126	2
5127	2
5128	3
5129	4
5131	1
5132	1
5134	2
5135	1
5136	2
5137	1
5138	2
5139	2
5140	2
5141	2
5142	1
5143	1
5144	1
5145	1
5146	3
5148	2
5149	1
5150	2
5151	1
5152	2
5153	3
5155	1
5156	4
5157	1
5158	2
5159	2
5160	1
5162	2
5166	2
5168	2
5169	3
5170	3
5171	4
5172	1
5173	2
5174	1
5175	2
5177	1
5178	3
5179	1
5180	2
5181	1
5182	1
5183	1
5184	2
5185	1
5188	1
5189	3
5190	1
5191	1
5192	1
5193	1
5194	1
5195	2
5196	3
5197	2
5199	3
5202	3
5203	2
5204	1
5205	1
5207	2
5208	1
5209	2
5210	1
5211	1
5213	1
5214	1
5215	1
5217	2
5218	1
5219	3
5220	3
5221	2
5222	1
5224	2
5225	2
5228	1
5229	1
5230	1
5231	1
5232	2
5233	1
5235	2
5238	1
5239	1
5240	1
5241	2
5242	1
5243	1
5246	1
5247	1
5248	5
5249	1
5251	2
5252	1
5253	3
5255	1
5256	3
5257	2
5258	2
5259	1
5261	3
5263	1
5265	2
5266	1
5268	3
5269	2
5271	1
5272	1
5273	1
5274	2
5275	2
5277	3
5278	2
5279	3
5281	2
5282	1
5283	5
5284	2
5286	1
5288	2
5289	1
5290	2
5291	1
5293	1
5294	1
5295	1
5296	3
5297	3
5299	3
5301	2
5303	1
5304	2
5306	1
5307	2
5308	2
5309	1
5311	4
5313	1
5314	1
5316	1
5317	1
5319	3
5320	1
5321	2
5323	4
5324	2
5326	3
5327	3
5328	2
5330	3
5332	1
5334	2
5335	2
5337	2
5338	2
5339	1
5341	1
5342	2
5343	2
5344	2
5345	2
5346	4
5347	1
5348	1
5349	4
5350	1
5354	2
5355	2
5356	2
5357	2
5358	2
5359	3
5360	4
5361	1
5362	1
5363	1
5365	2
5366	4
5367	1
5369	2
5372	4
5373	1
5374	2
5375	1
5376	3
5377	1
5378	4
5379	2
5380	1
5381	1
5383	2
5384	1
5386	2
5387	3
5388	2
5390	2
5391	1
5392	1
5394	1
5396	1
5397	2
5398	1
5399	1
5401	4
5402	1
5403	1
5406	1
5409	1
5411	2
5412	1
5415	1
5416	1
5417	1
5418	1
5419	1
5420	4
5421	1
5422	2
5424	2
5427	3
5428	2
5429	1
5430	4
5431	2
5434	1
5438	1
5440	2
5441	3
5442	1
5443	1
5444	1
5445	2
5446	3
5447	1
5448	2
5449	1
5451	2
5452	3
5453	1
5454	1
5455	2
5456	1
5457	2
5458	2
5459	1
5460	1
5462	3
5464	2
5466	1
5467	2
5469	4
5470	3
5472	4
5475	1
5477	1
5478	2
5479	3
5480	1
5481	2
5484	2
5485	1
5486	1
5487	2
5489	1
5490	2
5493	2
5495	1
5496	2
5497	1
5499	1
5502	3
5503	1
5504	2
5505	1
5506	1
5511	1
5512	1
5513	2
5515	3
5516	3
5517	1
5518	1
5520	1
5521	2
5522	1
5523	3
5526	3
5527	2
5528	5
5529	1
5531	4
5533	1
5536	2
5537	1
5539	1
5540	3
5542	1
5543	1
5545	1
5547	1
5548	3
5549	1
5551	1
5552	1
5553	1
5554	3
5556	1
5561	6
5563	1
5565	2
5567	2
5568	1
5569	1
5570	1
5571	3
5572	2
5573	1
5577	2
5579	1
5580	2
5581	1
5582	2
5583	2
5584	3
5585	2
5586	2
5587	2
5588	1
5589	1
5590	1
5591	1
5593	1
5594	3
5595	1
5596	2
5599	2
5600	1
5601	2
5604	1
5605	1
5608	3
5609	1
5610	2
5611	1
5613	1
5615	2
5616	3
5618	1
5620	2
5621	2
5623	2
5624	1
5625	1
5626	1
5627	1
5628	2
5629	1
5632	2
5633	2
5634	2
5636	2
5637	1
5638	1
5639	1
5641	1
5642	1
5643	1
5645	1
5646	1
5650	1
5651	1
5659	3
5662	1
5664	1
5665	1
5666	1
5667	1
5668	1
5669	1
5670	2
5671	3
5672	1
5674	3
5675	1
5677	3
5679	1
5680	1
5681	1
5682	3
5683	4
5684	2
5685	2
5686	3
5687	2
5689	2
5690	1
5691	4
5692	1
5693	3
5694	2
5696	2
5697	1
5698	1
5699	3
5700	2
5701	1
5704	1
5705	1
5706	1
5707	1
5708	2
5712	2
5715	2
5716	1
5719	1
5720	1
5721	2
5722	1
5725	1
5728	1
5729	1
5730	3
5732	1
5733	2
5734	2
5735	2
5736	1
5737	4
5741	2
5742	2
5746	1
5748	1
5749	1
5750	2
5751	1
5752	1
5754	1
5755	1
5756	2
5757	2
5758	1
5760	1
5761	1
5762	1
5765	1
5766	2
5767	1
5769	2
5770	1
5771	2
5772	1
5773	1
5775	1
5776	2
5777	2
5779	2
5780	3
5781	3
5782	1
5783	1
5784	1
5785	1
5788	1
5789	1
5791	1
5792	2
5793	1
5794	2
5795	1
5798	1
5800	1
5801	2
5802	2
5803	2
5804	1
5807	2
5808	3
5809	2
5810	1
5811	1
5812	1
5813	1
5815	2
5816	1
5817	2
5819	3
5820	1
5822	2
5824	2
5825	1
5826	1
5827	2
5828	2
5830	2
5831	2
5832	2
5833	1
5835	2
5837	1
5838	1
5839	1
5840	1
5841	1
5843	2
5847	2
5848	1
5849	1
5850	2
5852	1
5854	1
5855	1
5856	3
5858	1
5859	2
5860	2
5861	2
5863	1
5864	1
5865	3
5866	2
5867	1
5868	2
5873	2
5876	2
5878	1
5880	2
5881	2
5882	1
5884	2
5888	2
5889	3
5891	1
5892	2
5893	1
5896	1
5898	2
5900	2
5901	1
5906	1
5908	2
5909	1
5910	1
5911	2
5912	2
5913	1
5915	1
5917	3
5918	1
5919	2
5920	1
5921	1
5925	2
5928	1
5932	1
5933	2
5934	2
5935	1
5937	1
5938	1
5939	3
5940	1
5941	1
5943	1
5945	2
5946	1
5949	2
5950	1
5951	2
5952	1
5955	1
5956	1
5958	1
5959	1
5960	2
5961	1
5962	1
5963	1
5966	1
5967	2
5969	1
5970	1
5973	2
5975	2
5976	1
5980	1
5981	1
5982	2
5983	1
5984	1
5985	1
5987	1
5990	2
5992	1
5993	1
5999	2
6004	1
6005	2
6007	3
6008	2
6009	1
6011	1
6012	2
6013	1
6015	1
6016	1
6018	2
6021	1
6024	2
6031	1
6034	3
6036	1
6038	1
6039	3
6040	4
6042	2
6043	1
6044	2
6046	1
6047	1
6048	1
6049	1
6052	2
6053	1
6054	1
6055	1
6056	2
6059	1
6060	1
6061	1
6062	2
6063	1
6064	1
6065	2
6067	2
6069	1
6070	1
6071	1
6072	1
6074	5
6076	1
6077	1
6078	3
6079	1
6080	3
6081	2
6082	1
6083	2
6089	1
6090	1
6092	1
6093	1
6095	1
6096	2
6097	2
6098	1
6100	1
6101	1
6102	1
6103	2
6107	1
6108	1
6109	3
6110	1
6112	2
6114	2
6115	2
6116	1
6117	1
6119	1
6120	1
6121	2
6122	1
6123	1
6124	2
6125	1
6128	3
6131	1
6134	1
6135	1
6136	1
6141	2
6142	1
6143	2
6144	2
6145	1
6146	1
6148	1
6149	1
6150	2
6152	3
6154	1
6156	1
6158	1
6162	1
6163	1
6166	3
6168	1
6169	1
6171	2
6172	1
6174	1
6175	1
6176	1
6177	2
6178	1
6179	1
6181	1
6182	2
6184	1
6185	1
6186	2
6187	2
6188	1
6190	2
6194	4
6195	3
6198	1
6199	1
6202	3
6203	2
6204	1
6206	1
6210	3
6217	2
6220	1
6221	1
6222	1
6225	1
6226	1
6227	1
6229	2
6230	1
6231	2
6232	1
6233	3
6234	1
6235	1
6236	1
6238	1
6241	3
6242	1
6244	3
6245	1
6247	1
6251	1
6254	1
6256	1
6257	1
6258	2
6260	2
6261	1
6263	1
6267	1
6268	3
6270	1
6271	1
6272	1
6274	1
6281	2
6285	1
6286	1
6289	2
6290	2
6292	1
6294	1
6296	1
6298	1
6299	1
6305	2
6307	1
6308	1
6309	1
6310	2
6311	2
6313	3
6316	2
6317	1
6319	1
6320	1
6321	1
6327	1
6330	1
6331	2
6333	1
6334	1
6336	1
6337	1
6339	1
6341	4
6342	1
6346	2
6347	2
6349	1
6351	2
6353	1
6354	1
6356	1
6359	2
6361	1
6362	2
6363	2
6364	1
6369	1
6371	1
6373	1
6374	1
6375	1
6376	1
6380	1
6381	1
6384	1
6385	1
6386	2
6387	1
6388	3
6389	1
6391	1
6392	1
6393	2
6396	1
6397	1
6398	1
6401	1
6402	1
6403	1
6409	1
6410	1
6413	1
6414	1
6418	2
6419	1
6421	1
6423	1
6425	1
6427	1
6434	2
6435	2
6436	1
6437	2
6439	1
6442	1
6445	1
6447	2
6448	1
6449	2
6452	2
6453	1
6454	2
6455	1
6458	1
6460	1
6464	1
6466	3
6467	1
6470	1
6471	1
6472	2
6477	1
6478	1
6483	1
6484	1
6485	2
6487	1
6488	1
6489	1
6493	1
6497	1
6501	1
6503	2
6507	2
6508	1
6509	1
6510	2
6512	2
6515	3
6517	1
6519	1
6522	1
6523	1
6525	1
6527	2
6531	1
6534	1
6537	1
6538	1
6542	1
6543	1
6544	1
6546	1
6548	3
6549	2
6550	1
6553	1
6554	1
6556	1
6557	1
6560	1
6561	1
6562	1
6564	3
6566	1
6567	1
6568	1
6569	1
6570	1
6571	1
6573	3
6575	1
6577	1
6579	2
6580	1
6581	3
6582	1
6583	1
6584	2
6585	4
6586	1
6587	1
6589	1
6590	1
6592	1
6594	1
6595	1
6596	1
6597	1
6599	2
6600	1
6601	1
6602	1
6605	1
6606	1
6607	3
6610	1
6612	1
6613	2
6616	1
6618	2
6619	1
6620	2
6622	2
6623	1
6624	1
6625	1
6626	4
6627	2
6630	1
6631	1
6635	2
6636	2
6637	1
6641	2
6642	1
6643	1
6646	1
6647	1
6649	1
6650	1
6651	2
6654	1
6656	1
6657	1
6658	3
6665	1
6668	1
6674	1
6675	1
6678	1
6680	1
6681	1
6683	1
6684	1
6686	1
6687	1
6688	1
6689	2
6690	2
6691	2
6692	1
6694	2
6695	5
6697	1
6698	1
6699	1
6700	1
6701	1
6702	2
6703	2
6704	1
6705	1
6708	1
6709	2
6710	2
6711	1
6714	1
6716	1
6719	1
6722	1
6724	1
6725	1
6728	1
6735	2
6737	1
6739	2
6741	1
6744	1
6750	1
6751	3
6752	1
6753	1
6755	1
6757	1
6758	1
6759	1
6763	2
6766	1
6774	1
6776	1
6778	2
6782	1
6790	1
6794	2
6795	1
6796	1
6797	2
6798	2
6799	1
6802	1
6803	3
6804	1
6805	2
6806	1
6807	2
6808	1
6809	1
6810	1
6811	1
6812	2
6813	1
6820	1
6821	2
6822	2
6823	1
6824	1
6825	1
6826	1
6827	2
6828	1
6829	1
6830	1
6831	1
6833	1
6838	1
6840	1
6844	1
6845	2
6847	1
6849	1
6852	1
6853	1
6856	3
6861	1
6862	1
6868	1
6869	1
6871	1
6874	3
6875	1
6877	1
6879	1
6880	1
6883	1
6885	2
6888	1
6889	1
6891	3
6893	1
6894	1
6895	1
6897	1
6898	1
6902	1
6903	1
6904	1
6907	1
6908	4
6910	1
6911	2
6915	1
6917	1
6934	1
6935	1
6936	1
6938	1
6940	1
6941	2
6942	1
6943	1
6946	1
6947	5
6950	1
6951	1
6952	3
6953	1
6961	2
6963	1
6965	1
6970	1
6971	1
6972	2
6974	1
6979	1
6980	2
6982	1
6983	2
6985	3
6986	1
6987	1
6988	1
6992	1
6994	1
6995	1
6999	1
7001	1
7009	2
7012	1
7014	1
7015	1
7017	1
7022	3
7023	1
7026	1
7027	1
7031	1
7032	1
7034	1
7037	2
7042	1
7043	3
7044	1
7045	2
7047	1
7048	1
7049	1
7050	1
7052	1
7053	1
7054	1
7056	1
7058	2
7059	1
7062	1
7067	2
7068	1
7069	1
7070	1
7073	1
7074	1
7075	2
7080	1
7084	3
7086	1
7089	2
7090	1
7091	1
7094	1
7095	1
7097	1
7100	2
7103	1
7105	2
7106	2
7108	1
7111	1
7112	1
7116	1
7121	3
7122	1
7125	2
7126	1
7132	1
7136	2
7138	1
7140	1
7143	1
7144	1
7145	1
7146	1
7147	2
7149	1
7150	1
7152	1
7154	1
7158	2
7159	1
7160	1
7163	1
7164	1
7169	1
7170	1
7173	1
7176	1
7179	1
7180	1
7186	1
7187	1
7188	1
7190	1
7191	1
7192	1
7193	1
7195	1
7198	1
7204	1
7205	1
7206	1
7214	1
7215	1
7217	1
7218	1
7221	2
7222	1
7223	1
7224	1
7226	2
7227	1
7229	1
7231	1
7234	1
7235	1
7236	1
7237	2
7238	1
7240	1
7245	2
7247	1
7254	2
7257	1
7258	1
7260	1
7262	2
7264	1
7265	1
7266	3
7268	1
7270	1
7273	1
7276	2
7278	2
7279	2
7280	1
7281	1
7283	3
7285	1
7286	1
7287	1
7291	2
7300	3
7301	1
7303	2
7305	1
7307	1
7309	2
7310	1
7312	1
7318	2
7322	1
7323	1
7325	1
7327	1
7329	1
7331	1
7332	1
7333	1
7336	1
7337	3
7340	1
7341	2
7348	1
7352	1
7353	1
7360	1
7362	1
7365	1
7372	3
7374	1
7377	1
7387	2
7388	2
7390	1
7391	1
7394	1
7396	3
7399	1
7401	1
7402	1
7404	2
7406	1
7407	1
7411	1
7414	2
7421	1
7427	1
7428	1
7431	1
7432	1
7433	1
7434	1
7435	2
7437	1
7438	1
7440	1
7441	1
7442	1
7448	2
7451	1
7452	2
7453	2
7454	1
7456	3
7457	1
7461	2
7466	2
7468	1
7470	1
7472	1
7476	1
7478	1
7479	1
7481	1
7484	1
7487	1
7488	1
7489	1
7490	1
7493	1
7494	1
7496	1
7500	1
7505	1
7507	2
7511	1
7514	1
7520	1
7522	1
7526	1
7535	1
7536	1
7537	2
7538	1
7539	1
7543	1
7545	2
7547	1
7548	1
7551	1
7553	1
7554	1
7557	1
7559	1
7568	2
7569	2
7570	2
7573	1
7575	2
7583	1
7585	1
7586	1
7589	1
7595	1
7596	1
7598	1
7602	1
7603	1
7607	1
7609	1
7612	3
7615	1
7620	1
7623	1
7624	1
7625	1
7626	1
7627	1
7631	1
7635	1
7637	1
7638	3
7639	2
7643	1
7644	1
7645	1
7647	1
7648	1
7650	1
7653	1
7655	1
7662	1
7663	1
7665	1
7672	1
7674	1
7675	1
7677	1
7685	2
7687	1
7691	2
7692	1
7693	1
7695	1
7697	1
7698	1
7705	2
7706	2
7707	1
7709	1
7710	1
7715	1
7716	1
7720	1
7725	1
7726	1
7727	1
7728	1
7733	1
7738	1
7739	2
7740	2
7742	1
7743	1
7745	1
7748	1
7751	2
7752	1
7753	1
7760	2
7761	1
7764	1
7765	1
7766	1
7767	1
7769	1
7770	1
7773	1
7782	1
7786	1
7794	1
7796	1
7798	2
7799	1
7800	1
7807	1
7815	1
7821	1
7823	1
7828	1
7829	1
7833	1
7835	2
7837	1
7838	1
7845	1
7848	2
7853	1
7858	1
7860	1
7864	1
7866	1
7871	2
7874	1
7876	1
7877	1
7880	1
7881	1
7883	1
7884	1
7885	1
7887	1
7890	1
7895	1
7896	2
7899	1
7900	1
7901	1
7905	1
7913	1
7914	1
7916	1
7917	1
7918	1
7919	1
7920	1
7924	2
7927	1
7928	1
7931	2
7933	1
7936	1
7939	1
7940	1
7941	1
7943	2
7945	1
7947	1
7948	1
7949	1
7958	1
7960	1
7961	1
7963	2
7964	1
7966	1
7984	1
7995	1
7999	1
8000	1
8003	1
8006	1
8015	1
8019	1
8026	1
8027	2
8037	1
8038	1
8042	2
8044	1
8045	1
8046	1
8055	1
8057	1
8065	1
8075	2
8078	1
8080	1
8082	1
8084	3
8090	1
8091	1
8093	1
8097	2
8101	1
8102	1
8107	1
8110	1
8111	1
8113	1
8120	1
8122	1
8123	1
8125	2
8127	3
8128	1
8130	2
8137	1
8140	1
8142	1
8143	1
8148	2
8149	2
8150	1
8153	1
8154	1
8157	1
8159	1
8161	1
8169	3
8179	1
8181	1
8182	1
8183	1
8190	1
8191	1
8195	1
8196	1
8199	1
8200	1
8206	1
8207	2
8211	1
8213	1
8214	1
8222	1
8224	1
8230	1
8231	1
8232	1
8235	1
8242	1
8243	1
8246	1
8250	1
8251	1
8254	1
8255	1
8256	1
8259	1
8262	1
8263	1
8265	1
8274	1
8275	1
8280	2
8284	1
8286	1
8291	1
8293	2
8295	1
8297	1
8301	1
8309	2
8317	1
8318	1
8320	1
8321	1
8328	1
8330	1
8331	2
8337	1
8343	1
8346	1
8351	1
8356	1
8358	1
8361	1
8362	1
8364	1
8365	3
8367	2
8369	1
8371	2
8372	1
8373	1
8374	1
8375	2
8376	2
8378	1
8380	2
8382	1
8395	1
8396	1
8397	1
8400	1
8401	1
8404	1
8407	1
8408	1
8412	1
8413	1
8418	1
8419	3
8421	1
8422	1
8424	1
8426	1
8431	3
8433	1
8434	1
8439	1
8440	1
8444	1
8448	1
8453	1
8454	1
8455	1
8464	1
8466	1
8469	1
8477	1
8495	1
8500	1
8504	1
8505	1
8506	1
8509	1
8514	2
8517	1
8519	1
8522	1
8525	1
8527	1
8540	1
8544	2
8545	1
8547	2
8564	1
8568	3
8573	1
8574	1
8577	1
8581	2
8583	1
8590	1
8608	1
8610	1
8611	1
8612	2
8613	1
8614	1
8616	1
8622	1
8626	1
8633	1
8636	1
8648	1
8654	1
8657	2
8659	1
8663	1
8677	1
8679	1
8680	1
8691	1
8695	2
8709	1
8725	1
8729	1
8732	1
8739	1
8748	1
8756	1
8764	2
8767	1
8773	1
8781	1
8782	2
8791	2
8796	1
8798	1
8801	1
8802	1
8803	1
8804	2
8810	1
8811	2
8818	1
8838	3
8841	1
8843	3
8853	1
8859	2
8866	2
8870	1
8872	1
8873	1
8874	1
8878	1
8886	1
8906	1
8908	1
8910	1
8913	2
8918	1
8929	1
8930	2
8934	1
8938	1
8941	1
8948	2
8950	1
8964	1
8967	1
8971	1
8975	1
8978	1
8983	1
8984	1
8985	1
8990	1
8994	1
8998	2
9001	1
9005	1
9010	1
9015	1
9018	1
9019	1
9020	1
9021	1
9023	2
9039	1
9041	1
9048	1
9050	1
9056	1
9057	1
9064	1
9066	1
9069	1
9073	1
9074	1
9080	1
9085	1
9086	1
9088	1
9092	1
9096	1
9097	1
9101	1
9109	1
9111	1
9112	1
9113	1
9117	1
9118	1
9124	1
9125	2
9136	1
9150	1
9158	1
9169	1
9170	1
9171	1
9172	1
9176	1
9181	1
9186	1
9193	1
9197	1
9200	2
9201	1
9204	1
9224	1
9228	1
9237	2
9242	1
9246	1
9250	1
9261	2
9266	1
9271	2
9274	1
9284	2
9287	2
9298	1
9307	1
9315	1
9325	1
9332	1
9333	1
9334	1
9335	1
9338	1
9362	1
9367	1
9370	1
9386	1
9389	3
9390	1
9391	1
9394	1
9404	2
9407	1
9409	1
9417	1
9421	1
9439	1
9449	1
9456	1
9460	1
9466	1
9476	1
9479	1
9485	1
9487	1
9495	1
9508	1
9516	1
9517	1
9525	1
9554	1
9557	1
9561	1
9571	1
9572	1
9580	1
9587	2
9603	1
9608	1
9614	1
9620	1
9628	1
9632	1
9636	1
9640	2
9641	1
9643	1
9649	1
9653	1
9658	1
9661	1
9663	1
9669	1
9672	1
9683	1
9684	1
9707	1
9708	1
9717	1
9720	1
9727	1
9729	1
9734	1
9735	2
9740	1
9746	2
9753	1
9761	2
9779	2
9785	1
9791	1
9792	1
9795	1
9799	1
9806	1
9823	1
9827	1
9836	1
9839	1
9870	1
9875	2
9878	1
9879	1
9886	1
9891	1
9896	1
9899	1
9902	1
9904	1
9917	1
9922	1
9940	1
9942	1
9946	1
9950	1
9956	1
9962	1
9970	1
9972	1
9974	1
9976	1
9977	1
9980	1
9984	1
9994	1
9999	2
10002	1
10013	1
10021	1
10023	1
10028	1
10043	1
10050	1
10058	1
10060	1
10069	1
10082	1
10089	1
10115	1
10124	2
10127	1
10129	1
10132	1
10134	1
10155	1
10158	1
10170	1
10204	2
10210	2
10236	1
10237	1
10247	1
10250	1
10256	1
10260	1
10261	1
10262	1
10269	1
10275	1
10282	1
10292	1
10296	1
10302	1
10305	1
10316	1
10317	1
10322	1
10334	1
10336	1
10343	2
10353	1
10358	1
10360	1
10366	1
10367	1
10372	1
10381	1
10391	1
10397	1
10407	1
10421	1
10423	1
10431	1
10433	1
10438	1
10451	1
10458	1
10465	1
10468	1
10474	1
10475	1
10478	1
10481	3
10492	1
10496	1
10500	1
10504	1
10510	2
10511	1
10517	1
10521	1
10535	1
10537	1
10548	1
10559	1
10566	2
10576	1
10582	1
10584	1
10595	1
10597	1
10604	1
10655	1
10656	1
10658	1
10663	1
10675	1
10676	2
10679	2
10683	1
10688	1
10691	1
10692	1
10708	1
10725	1
10744	1
10745	1
10762	1
10764	1
10769	1
10783	1
10792	1
10813	1
10831	1
10837	2
10851	1
10860	1
10867	2
10869	1
10889	1
10893	2
10908	1
10918	1
10926	1
10929	2
10943	1
10956	2
10963	1
10974	1
10975	1
10988	1
11001	1
11021	1
11025	1
11026	1
11036	1
11048	1
11074	1
11085	1
11092	1
11101	1
11105	1
11108	1
11119	1
11126	1
11144	1
11155	1
11170	1
11176	1
11180	2
11188	1
11198	1
11201	1
11227	1
11229	1
11245	1
11276	1
11282	1
11306	1
11316	1
11352	1
11354	1
11358	1
11360	1
11363	1
11384	1
11392	1
11395	1
11397	1
11410	1
11421	1
11422	2
11433	1
11442	1
11444	1
11478	1
11489	1
11511	1
11544	1
11548	1
11559	1
11561	1
11576	1
11581	1
11606	1
11628	1
11629	1
11638	1
11640	1
11643	1
11644	1
11674	1
11687	1
11710	1
11728	1
11741	1
11745	1
11754	1
11758	1
11761	1
11764	1
11777	1
11787	1
11797	1
11814	1
11839	1
11844	1
11862	1
11877	1
11885	1
11897	1
11899	1
11901	1
11917	1
11918	1
11932	1
11933	1
11936	1
11946	1
11949	1
11972	1
11988	1
12006	1
12009	1
12012	1
12021	1
12037	1
12098	1
12112	1
12161	1
12171	1
12176	1
12192	1
12197	1
12244	1
12261	1
12291	1
12314	1
12318	1
12325	1
12337	1
12385	1
12414	1
12445	1
12448	1
12457	1
12513	1
12530	1
12569	1
12575	1
12586	1
12609	1
12631	1
12642	1
12654	1
12661	1
12671	1
12717	1
12733	1
12752	1
12761	1
12821	1
12859	1
12897	1
12912	1
12919	1
12927	1
12951	1
12966	2
12992	1
13017	1
13037	1
13041	1
13161	1
13197	1
13226	1
13252	1
13260	1
13280	1
13336	1
13351	1
13415	1
13451	1
13505	1
13511	1
13512	1
13559	1
13568	1
13583	1
13623	1
13645	1
13671	1
13686	1
13739	1
13749	1
13897	1
13929	1
13930	1
13931	1
14017	1
14140	1
14162	1
14175	1
14177	1
14189	1
14198	1
14219	2
14293	1
14313	1
14346	1
14453	1
14498	1
14518	1
14527	1
14580	1
14609	1
14615	1
14643	1
14709	1
14717	1
14735	1
14836	1
14958	1
14999	1
15013	1
15035	1
15052	1
15054	1
15063	1
15080	1
15095	1
15105	1
15110	1
15203	1
15547	1
15552	1
15575	1
15607	1
15816	1
15871	1
15881	1
16076	1
16096	1
16228	1
16244	1
16442	1
16453	1
16528	1
16547	1
16558	1
16617	1
16746	1
16806	1
16811	1
16853	1
16915	2
16943	1
17068	1
17152	1
17249	1
17289	1
17339	1
17404	1
17476	1
17500	1
17729	1
17831	1
17929	1
18157	1
18318	1
18364	1
18367	1
18766	1
18776	1
19292	1
19446	1
19639	1
20108	1
20114	1
20115	1
20408	1
20741	1
21167	1
21399	1
21716	1
22398	1
22646	1
22762	1
22988	1
23175	1
23844	1
24674	1
24938	1
25926	1
26069	1
26745	1
26802	1
26837	1
27164	1
28259	1
29028	1
33882	1
34059	1
34439	1
34772	1
38129	1
39443	1
39467	1
40861	1
50074	1
50478	1
84835	1
3007738	1
