fragment_length	frequency
80	1116
82	225
83	172
84	145
85	164
86	143
87	129
88	164
89	117
90	113
91	111
92	92
93	79
94	97
95	193
96	80
97	94
98	80
99	65
100	62
101	105
102	83
103	81
104	58
105	51
106	79
107	135
108	75
109	86
110	52
111	79
112	69
113	66
114	70
115	72
116	114
117	181
118	48
119	54
120	66
121	58
122	56
123	62
124	59
125	59
126	79
127	87
128	60
129	62
130	69
131	74
132	52
133	50
134	99
135	83
136	59
137	61
138	62
139	45
140	62
141	59
142	51
143	40
144	57
145	50
146	57
147	64
148	50
149	48
150	60
151	47
152	63
153	49
154	49
155	80
156	53
157	51
158	57
159	48
160	55
161	58
162	40
163	54
164	59
165	46
166	54
167	59
168	43
169	62
170	69
171	103
172	64
173	72
174	95
175	58
176	53
177	56
178	51
179	46
180	47
181	58
182	70
183	60
184	53
185	74
186	88
187	47
188	49
189	48
190	68
191	61
192	56
193	43
194	86
195	44
196	44
197	58
198	53
199	44
200	53
201	59
202	49
203	51
204	58
205	63
206	56
207	53
208	60
209	54
210	45
211	59
212	60
213	61
214	52
215	41
216	61
217	67
218	61
219	78
220	49
221	43
222	51
223	49
224	58
225	51
226	52
227	57
228	40
229	64
230	49
231	44
232	49
233	49
234	52
235	55
236	69
237	66
238	56
239	68
240	55
241	73
242	58
243	52
244	69
245	62
246	74
247	42
248	66
249	61
250	68
251	95
252	108
253	80
254	54
255	48
256	49
257	44
258	47
259	44
260	45
261	36
262	48
263	50
264	41
265	48
266	97
267	31
268	48
269	48
270	47
271	54
272	48
273	39
274	46
275	46
276	36
277	48
278	47
279	31
280	45
281	44
282	47
283	37
284	45
285	33
286	40
287	46
288	52
289	55
290	55
291	41
292	36
293	48
294	52
295	52
296	45
297	53
298	44
299	51
300	51
301	40
302	47
303	53
304	58
305	44
306	43
307	48
308	36
309	46
310	43
311	43
312	48
313	52
314	29
315	36
316	48
317	39
318	39
319	49
320	38
321	46
322	57
323	43
324	48
325	51
326	38
327	48
328	46
329	34
330	38
331	33
332	40
333	46
334	30
335	33
336	40
337	42
338	42
339	50
340	46
341	38
342	54
343	52
344	52
345	45
346	42
347	43
348	32
349	36
350	43
351	40
352	48
353	50
354	46
355	43
356	31
357	53
358	48
359	45
360	36
361	39
362	43
363	42
364	34
365	47
366	40
367	41
368	52
369	37
370	40
371	46
372	36
373	31
374	35
375	31
376	31
377	36
378	37
379	37
380	38
381	36
382	45
383	33
384	35
385	38
386	39
387	32
388	41
389	49
390	36
391	38
392	41
393	57
394	50
395	37
396	46
397	47
398	35
399	31
400	51
401	25
402	30
403	38
404	44
405	36
406	46
407	36
408	32
409	29
410	35
411	32
412	44
413	37
414	40
415	31
416	38
417	43
418	33
419	28
420	46
421	44
422	34
423	39
424	31
425	39
426	34
427	36
428	47
429	46
430	41
431	41
432	41
433	44
434	43
435	74
436	35
437	40
438	52
439	29
440	28
441	40
442	47
443	32
444	32
445	31
446	29
447	39
448	26
449	26
450	38
451	41
452	42
453	33
454	44
455	30
456	31
457	33
458	41
459	36
460	32
461	40
462	27
463	42
464	38
465	38
466	33
467	29
468	24
469	40
470	33
471	41
472	34
473	42
474	41
475	35
476	46
477	27
478	39
479	17
480	32
481	44
482	34
483	35
484	29
485	38
486	37
487	46
488	32
489	38
490	40
491	44
492	23
493	35
494	47
495	16
496	33
497	30
498	32
499	26
500	35
501	25
502	36
503	29
504	35
505	28
506	38
507	37
508	40
509	28
510	35
511	31
512	37
513	37
514	50
515	40
516	47
517	18
518	26
519	30
520	36
521	43
522	43
523	35
524	45
525	32
526	50
527	37
528	29
529	43
530	31
531	33
532	31
533	34
534	27
535	35
536	33
537	33
538	39
539	32
540	32
541	34
542	28
543	35
544	22
545	42
546	41
547	28
548	33
549	35
550	37
551	35
552	34
553	39
554	34
555	34
556	37
557	45
558	32
559	36
560	33
561	35
562	33
563	34
564	27
565	45
566	36
567	34
568	40
569	25
570	29
571	40
572	22
573	38
574	24
575	37
576	34
577	35
578	23
579	23
580	33
581	32
582	43
583	30
584	38
585	40
586	32
587	41
588	36
589	26
590	30
591	36
592	21
593	30
594	41
595	38
596	33
597	29
598	32
599	31
600	32
601	26
602	34
603	27
604	26
605	24
606	34
607	30
608	27
609	25
610	39
611	26
612	25
613	34
614	38
615	20
616	34
617	28
618	34
619	34
620	30
621	33
622	30
623	37
624	32
625	26
626	32
627	32
628	36
629	33
630	28
631	28
632	29
633	24
634	35
635	32
636	34
637	36
638	26
639	30
640	35
641	33
642	23
643	31
644	38
645	28
646	53
647	30
648	32
649	32
650	36
651	31
652	20
653	27
654	28
655	30
656	30
657	32
658	29
659	29
660	36
661	36
662	36
663	27
664	40
665	28
666	31
667	35
668	23
669	34
670	42
671	33
672	32
673	23
674	29
675	31
676	28
677	27
678	27
679	35
680	35
681	35
682	46
683	36
684	27
685	24
686	29
687	35
688	22
689	37
690	29
691	34
692	29
693	37
694	31
695	29
696	30
697	24
698	29
699	27
700	35
701	25
702	31
703	26
704	37
705	34
706	29
707	26
708	26
709	26
710	21
711	36
712	27
713	36
714	24
715	33
716	28
717	26
718	31
719	26
720	45
721	31
722	31
723	29
724	41
725	28
726	35
727	35
728	26
729	24
730	28
731	24
732	36
733	28
734	30
735	34
736	26
737	23
738	20
739	25
740	25
741	38
742	31
743	24
744	27
745	28
746	28
747	29
748	20
749	35
750	27
751	25
752	38
753	17
754	29
755	34
756	32
757	31
758	23
759	25
760	25
761	32
762	28
763	32
764	22
765	31
766	28
767	27
768	28
769	29
770	26
771	30
772	32
773	36
774	26
775	21
776	29
777	27
778	24
779	25
780	18
781	28
782	28
783	23
784	29
785	32
786	22
787	20
788	27
789	26
790	32
791	31
792	30
793	29
794	30
795	33
796	34
797	27
798	25
799	39
800	27
801	29
802	30
803	40
804	33
805	38
806	23
807	29
808	29
809	30
810	23
811	33
812	29
813	28
814	26
815	35
816	18
817	17
818	29
819	34
820	25
821	24
822	31
823	34
824	20
825	24
826	30
827	32
828	17
829	25
830	30
831	34
832	26
833	24
834	32
835	28
836	32
837	38
838	34
839	37
840	25
841	36
842	22
843	35
844	36
845	35
846	23
847	28
848	26
849	22
850	30
851	32
852	30
853	22
854	22
855	22
856	27
857	38
858	25
859	17
860	24
861	30
862	29
863	30
864	26
865	23
866	29
867	20
868	26
869	31
870	17
871	27
872	32
873	35
874	32
875	28
876	30
877	26
878	27
879	37
880	19
881	25
882	22
883	31
884	24
885	17
886	27
887	29
888	23
889	30
890	25
891	24
892	31
893	29
894	24
895	28
896	30
897	31
898	40
899	31
900	26
901	36
902	30
903	34
904	20
905	16
906	34
907	32
908	35
909	22
910	28
911	20
912	25
913	26
914	19
915	22
916	29
917	14
918	25
919	28
920	31
921	27
922	23
923	23
924	25
925	29
926	23
927	26
928	21
929	33
930	32
931	31
932	27
933	28
934	21
935	19
936	17
937	22
938	26
939	20
940	31
941	21
942	28
943	24
944	32
945	34
946	20
947	33
948	23
949	18
950	24
951	11
952	23
953	29
954	27
955	32
956	36
957	35
958	36
959	24
960	27
961	25
962	26
963	30
964	14
965	26
966	19
967	22
968	26
969	19
970	32
971	21
972	26
973	27
974	24
975	22
976	30
977	40
978	30
979	28
980	25
981	12
982	31
983	24
984	22
985	34
986	25
987	23
988	23
989	18
990	16
991	25
992	22
993	18
994	29
995	26
996	27
997	28
998	18
999	28
1000	20
1001	19
1002	21
1003	25
1004	30
1005	24
1006	18
1007	30
1008	21
1009	24
1010	17
1011	29
1012	22
1013	23
1014	18
1015	24
1016	31
1017	37
1018	26
1019	31
1020	29
1021	24
1022	28
1023	36
1024	25
1025	24
1026	31
1027	26
1028	25
1029	19
1030	17
1031	30
1032	14
1033	23
1034	24
1035	23
1036	23
1037	25
1038	18
1039	25
1040	23
1041	20
1042	20
1043	24
1044	16
1045	28
1046	27
1047	21
1048	31
1049	17
1050	22
1051	22
1052	25
1053	30
1054	27
1055	25
1056	16
1057	22
1058	21
1059	22
1060	18
1061	29
1062	16
1063	30
1064	19
1065	23
1066	19
1067	25
1068	24
1069	19
1070	23
1071	28
1072	15
1073	26
1074	28
1075	24
1076	20
1077	25
1078	23
1079	24
1080	21
1081	26
1082	25
1083	15
1084	22
1085	28
1086	19
1087	25
1088	17
1089	22
1090	20
1091	35
1092	24
1093	27
1094	26
1095	22
1096	30
1097	23
1098	29
1099	29
1100	24
1101	26
1102	15
1103	25
1104	21
1105	21
1106	18
1107	29
1108	24
1109	22
1110	20
1111	22
1112	22
1113	12
1114	23
1115	30
1116	29
1117	35
1118	23
1119	29
1120	23
1121	27
1122	22
1123	22
1124	30
1125	19
1126	23
1127	21
1128	18
1129	30
1130	31
1131	24
1132	27
1133	19
1134	21
1135	22
1136	25
1137	28
1138	28
1139	21
1140	25
1141	21
1142	24
1143	25
1144	22
1145	19
1146	13
1147	31
1148	25
1149	20
1150	31
1151	28
1152	21
1153	28
1154	14
1155	21
1156	15
1157	22
1158	29
1159	27
1160	22
1161	22
1162	19
1163	27
1164	29
1165	25
1166	20
1167	14
1168	28
1169	19
1170	23
1171	21
1172	22
1173	25
1174	26
1175	32
1176	17
1177	18
1178	27
1179	19
1180	20
1181	19
1182	26
1183	22
1184	17
1185	21
1186	23
1187	32
1188	28
1189	24
1190	19
1191	26
1192	33
1193	22
1194	24
1195	27
1196	20
1197	18
1198	13
1199	25
1200	26
1201	17
1202	20
1203	15
1204	17
1205	26
1206	25
1207	21
1208	19
1209	24
1210	21
1211	21
1212	23
1213	25
1214	32
1215	24
1216	21
1217	21
1218	23
1219	19
1220	26
1221	17
1222	17
1223	15
1224	27
1225	28
1226	15
1227	18
1228	11
1229	22
1230	26
1231	21
1232	27
1233	14
1234	17
1235	24
1236	15
1237	17
1238	26
1239	18
1240	23
1241	25
1242	22
1243	25
1244	21
1245	18
1246	16
1247	26
1248	21
1249	32
1250	25
1251	23
1252	23
1253	22
1254	26
1255	27
1256	21
1257	19
1258	19
1259	20
1260	30
1261	24
1262	25
1263	22
1264	18
1265	22
1266	18
1267	21
1268	19
1269	23
1270	28
1271	20
1272	17
1273	25
1274	29
1275	20
1276	33
1277	18
1278	18
1279	21
1280	21
1281	18
1282	22
1283	20
1284	24
1285	17
1286	19
1287	14
1288	23
1289	16
1290	17
1291	22
1292	19
1293	21
1294	20
1295	12
1296	26
1297	32
1298	21
1299	21
1300	25
1301	11
1302	14
1303	21
1304	22
1305	24
1306	25
1307	13
1308	26
1309	20
1310	21
1311	23
1312	23
1313	24
1314	22
1315	23
1316	20
1317	26
1318	17
1319	36
1320	24
1321	14
1322	21
1323	22
1324	22
1325	20
1326	19
1327	22
1328	25
1329	18
1330	24
1331	30
1332	23
1333	25
1334	20
1335	17
1336	25
1337	16
1338	27
1339	23
1340	9
1341	25
1342	16
1343	16
1344	19
1345	18
1346	23
1347	15
1348	15
1349	20
1350	20
1351	25
1352	18
1353	27
1354	19
1355	16
1356	25
1357	23
1358	21
1359	17
1360	16
1361	12
1362	24
1363	15
1364	14
1365	15
1366	19
1367	16
1368	17
1369	16
1370	21
1371	21
1372	21
1373	22
1374	17
1375	15
1376	24
1377	31
1378	18
1379	23
1380	20
1381	17
1382	28
1383	18
1384	19
1385	23
1386	21
1387	13
1388	23
1389	22
1390	20
1391	26
1392	19
1393	14
1394	18
1395	19
1396	17
1397	14
1398	24
1399	24
1400	13
1401	20
1402	21
1403	17
1404	16
1405	18
1406	15
1407	20
1408	17
1409	15
1410	30
1411	23
1412	10
1413	20
1414	17
1415	22
1416	21
1417	20
1418	11
1419	23
1420	24
1421	18
1422	21
1423	13
1424	22
1425	14
1426	28
1427	16
1428	19
1429	19
1430	20
1431	20
1432	19
1433	14
1434	17
1435	22
1436	24
1437	11
1438	22
1439	18
1440	18
1441	19
1442	15
1443	18
1444	25
1445	23
1446	20
1447	19
1448	22
1449	14
1450	12
1451	16
1452	26
1453	13
1454	14
1455	15
1456	26
1457	20
1458	29
1459	13
1460	17
1461	18
1462	25
1463	22
1464	20
1465	17
1466	23
1467	16
1468	21
1469	22
1470	23
1471	16
1472	18
1473	14
1474	14
1475	21
1476	19
1477	16
1478	17
1479	15
1480	27
1481	23
1482	20
1483	23
1484	30
1485	16
1486	19
1487	19
1488	10
1489	21
1490	22
1491	24
1492	17
1493	7
1494	25
1495	26
1496	15
1497	17
1498	20
1499	24
1500	15
1501	18
1502	21
1503	15
1504	17
1505	22
1506	25
1507	19
1508	18
1509	15
1510	26
1511	29
1512	26
1513	19
1514	22
1515	13
1516	19
1517	14
1518	22
1519	14
1520	13
1521	19
1522	21
1523	15
1524	19
1525	25
1526	21
1527	21
1528	17
1529	22
1530	15
1531	21
1532	16
1533	17
1534	12
1535	19
1536	18
1537	17
1538	19
1539	29
1540	21
1541	14
1542	18
1543	21
1544	25
1545	18
1546	23
1547	23
1548	17
1549	26
1550	19
1551	23
1552	19
1553	15
1554	17
1555	16
1556	15
1557	18
1558	23
1559	18
1560	22
1561	13
1562	18
1563	18
1564	15
1565	28
1566	18
1567	21
1568	21
1569	23
1570	15
1571	16
1572	18
1573	17
1574	24
1575	21
1576	17
1577	11
1578	19
1579	12
1580	14
1581	11
1582	12
1583	16
1584	9
1585	10
1586	16
1587	19
1588	16
1589	11
1590	24
1591	18
1592	14
1593	17
1594	20
1595	16
1596	18
1597	18
1598	19
1599	19
1600	17
1601	16
1602	13
1603	14
1604	17
1605	16
1606	16
1607	18
1608	16
1609	16
1610	23
1611	18
1612	18
1613	12
1614	10
1615	19
1616	24
1617	25
1618	18
1619	13
1620	18
1621	10
1622	14
1623	11
1624	23
1625	11
1626	14
1627	20
1628	13
1629	25
1630	10
1631	21
1632	23
1633	23
1634	20
1635	13
1636	12
1637	18
1638	14
1639	12
1640	17
1641	22
1642	17
1643	17
1644	21
1645	20
1646	16
1647	15
1648	18
1649	17
1650	22
1651	10
1652	22
1653	22
1654	12
1655	21
1656	17
1657	9
1658	19
1659	15
1660	20
1661	22
1662	12
1663	17
1664	19
1665	17
1666	10
1667	10
1668	16
1669	15
1670	21
1671	17
1672	17
1673	12
1674	13
1675	18
1676	17
1677	20
1678	13
1679	17
1680	12
1681	16
1682	19
1683	19
1684	17
1685	19
1686	26
1687	22
1688	18
1689	19
1690	9
1691	19
1692	21
1693	14
1694	19
1695	26
1696	24
1697	17
1698	22
1699	10
1700	8
1701	18
1702	13
1703	24
1704	14
1705	16
1706	18
1707	20
1708	21
1709	11
1710	11
1711	17
1712	25
1713	18
1714	27
1715	18
1716	13
1717	17
1718	15
1719	16
1720	16
1721	23
1722	21
1723	15
1724	13
1725	17
1726	22
1727	15
1728	16
1729	18
1730	20
1731	22
1732	18
1733	10
1734	15
1735	20
1736	15
1737	14
1738	14
1739	18
1740	10
1741	15
1742	18
1743	15
1744	14
1745	17
1746	19
1747	20
1748	17
1749	14
1750	15
1751	19
1752	17
1753	16
1754	13
1755	9
1756	16
1757	14
1758	16
1759	14
1760	12
1761	21
1762	12
1763	22
1764	13
1765	15
1766	19
1767	20
1768	9
1769	18
1770	19
1771	10
1772	10
1773	19
1774	15
1775	13
1776	12
1777	12
1778	32
1779	14
1780	15
1781	15
1782	19
1783	15
1784	15
1785	15
1786	19
1787	16
1788	23
1789	22
1790	16
1791	14
1792	14
1793	10
1794	23
1795	18
1796	19
1797	19
1798	20
1799	25
1800	8
1801	11
1802	17
1803	15
1804	14
1805	16
1806	17
1807	18
1808	21
1809	28
1810	18
1811	14
1812	16
1813	14
1814	14
1815	14
1816	15
1817	15
1818	20
1819	12
1820	11
1821	13
1822	13
1823	20
1824	29
1825	22
1826	12
1827	14
1828	21
1829	16
1830	17
1831	10
1832	18
1833	15
1834	11
1835	18
1836	17
1837	22
1838	14
1839	14
1840	19
1841	18
1842	17
1843	12
1844	12
1845	10
1846	32
1847	20
1848	19
1849	16
1850	14
1851	17
1852	25
1853	20
1854	8
1855	15
1856	21
1857	15
1858	16
1859	17
1860	19
1861	11
1862	11
1863	12
1864	12
1865	15
1866	12
1867	16
1868	21
1869	21
1870	13
1871	14
1872	14
1873	14
1874	12
1875	13
1876	20
1877	14
1878	17
1879	10
1880	15
1881	20
1882	12
1883	18
1884	13
1885	23
1886	8
1887	17
1888	13
1889	13
1890	10
1891	18
1892	14
1893	16
1894	16
1895	15
1896	16
1897	10
1898	20
1899	11
1900	19
1901	7
1902	15
1903	7
1904	12
1905	17
1906	11
1907	18
1908	17
1909	18
1910	19
1911	21
1912	18
1913	9
1914	16
1915	17
1916	19
1917	21
1918	14
1919	10
1920	11
1921	14
1922	16
1923	10
1924	18
1925	15
1926	23
1927	18
1928	12
1929	16
1930	12
1931	12
1932	14
1933	14
1934	15
1935	21
1936	18
1937	18
1938	10
1939	15
1940	18
1941	16
1942	22
1943	10
1944	16
1945	13
1946	19
1947	22
1948	17
1949	12
1950	10
1951	18
1952	20
1953	14
1954	16
1955	22
1956	9
1957	17
1958	14
1959	17
1960	9
1961	17
1962	4
1963	11
1964	10
1965	15
1966	14
1967	16
1968	17
1969	16
1970	15
1971	17
1972	14
1973	11
1974	13
1975	9
1976	12
1977	9
1978	5
1979	16
1980	15
1981	13
1982	13
1983	11
1984	11
1985	17
1986	18
1987	13
1988	10
1989	12
1990	13
1991	14
1992	10
1993	5
1994	10
1995	13
1996	19
1997	14
1998	10
1999	14
2000	15
2001	14
2002	14
2003	18
2004	16
2005	16
2006	17
2007	16
2008	13
2009	13
2010	13
2011	7
2012	16
2013	13
2014	13
2015	20
2016	11
2017	19
2018	18
2019	8
2020	17
2021	10
2022	16
2023	11
2024	11
2025	8
2026	10
2027	8
2028	12
2029	10
2030	21
2031	18
2032	23
2033	11
2034	10
2035	19
2036	11
2037	13
2038	12
2039	12
2040	18
2041	17
2042	14
2043	13
2044	14
2045	11
2046	14
2047	17
2048	18
2049	14
2050	14
2051	14
2052	6
2053	7
2054	13
2055	16
2056	17
2057	18
2058	14
2059	10
2060	14
2061	5
2062	10
2063	17
2064	17
2065	15
2066	14
2067	17
2068	14
2069	16
2070	16
2071	18
2072	20
2073	17
2074	16
2075	17
2076	12
2077	12
2078	18
2079	9
2080	21
2081	13
2082	12
2083	13
2084	14
2085	16
2086	6
2087	15
2088	13
2089	8
2090	17
2091	18
2092	10
2093	13
2094	9
2095	15
2096	18
2097	15
2098	14
2099	17
2100	17
2101	15
2102	8
2103	9
2104	9
2105	20
2106	17
2107	8
2108	20
2109	9
2110	14
2111	16
2112	13
2113	12
2114	19
2115	9
2116	17
2117	12
2118	11
2119	15
2120	17
2121	12
2122	18
2123	10
2124	12
2125	16
2126	8
2127	18
2128	12
2129	10
2130	18
2131	20
2132	17
2133	16
2134	14
2135	14
2136	11
2137	12
2138	12
2139	12
2140	20
2141	8
2142	16
2143	14
2144	9
2145	10
2146	20
2147	13
2148	18
2149	8
2150	14
2151	15
2152	14
2153	11
2154	12
2155	20
2156	14
2157	10
2158	8
2159	11
2160	8
2161	12
2162	12
2163	16
2164	10
2165	8
2166	14
2167	5
2168	14
2169	19
2170	16
2171	10
2172	12
2173	7
2174	13
2175	10
2176	11
2177	7
2178	11
2179	16
2180	10
2181	12
2182	15
2183	6
2184	15
2185	14
2186	13
2187	12
2188	13
2189	12
2190	12
2191	13
2192	6
2193	11
2194	12
2195	10
2196	17
2197	14
2198	18
2199	10
2200	13
2201	6
2202	19
2203	12
2204	13
2205	7
2206	12
2207	16
2208	11
2209	14
2210	12
2211	13
2212	9
2213	12
2214	16
2215	19
2216	13
2217	13
2218	8
2219	14
2220	10
2221	12
2222	8
2223	9
2224	15
2225	15
2226	12
2227	11
2228	11
2229	15
2230	18
2231	13
2232	11
2233	14
2234	9
2235	11
2236	8
2237	13
2238	13
2239	13
2240	10
2241	9
2242	8
2243	13
2244	11
2245	10
2246	12
2247	8
2248	11
2249	11
2250	13
2251	10
2252	13
2253	16
2254	14
2255	13
2256	11
2257	11
2258	8
2259	16
2260	7
2261	11
2262	11
2263	12
2264	9
2265	10
2266	11
2267	24
2268	16
2269	15
2270	8
2271	3
2272	14
2273	8
2274	14
2275	15
2276	16
2277	11
2278	18
2279	9
2280	14
2281	8
2282	10
2283	6
2284	10
2285	16
2286	12
2287	11
2288	12
2289	14
2290	10
2291	11
2292	10
2293	19
2294	15
2295	11
2296	12
2297	13
2298	13
2299	12
2300	10
2301	9
2302	9
2303	8
2304	8
2305	11
2306	6
2307	7
2308	9
2309	15
2310	9
2311	10
2312	12
2313	12
2314	14
2315	8
2316	9
2317	11
2318	11
2319	7
2320	16
2321	12
2322	12
2323	5
2324	17
2325	11
2326	17
2327	9
2328	14
2329	9
2330	17
2331	13
2332	10
2333	15
2334	19
2335	16
2336	14
2337	23
2338	16
2339	15
2340	13
2341	11
2342	16
2343	7
2344	11
2345	14
2346	12
2347	16
2348	13
2349	8
2350	15
2351	16
2352	11
2353	11
2354	13
2355	11
2356	12
2357	7
2358	7
2359	9
2360	13
2361	8
2362	12
2363	13
2364	10
2365	12
2366	15
2367	8
2368	13
2369	8
2370	13
2371	5
2372	17
2373	16
2374	17
2375	10
2376	12
2377	13
2378	6
2379	14
2380	10
2381	10
2382	12
2383	17
2384	7
2385	14
2386	15
2387	11
2388	8
2389	12
2390	9
2391	6
2392	13
2393	11
2394	10
2395	19
2396	9
2397	7
2398	13
2399	11
2400	9
2401	15
2402	7
2403	14
2404	12
2405	11
2406	10
2407	16
2408	17
2409	10
2410	6
2411	15
2412	14
2413	12
2414	11
2415	7
2416	13
2417	10
2418	13
2419	12
2420	10
2421	14
2422	4
2423	16
2424	11
2425	4
2426	13
2427	17
2428	5
2429	11
2430	12
2431	6
2432	14
2433	8
2434	7
2435	11
2436	8
2437	10
2438	9
2439	11
2440	11
2441	9
2442	16
2443	10
2444	16
2445	8
2446	14
2447	8
2448	11
2449	3
2450	11
2451	13
2452	5
2453	10
2454	11
2455	19
2456	16
2457	2
2458	7
2459	12
2460	10
2461	13
2462	16
2463	14
2464	14
2465	15
2466	13
2467	11
2468	16
2469	11
2470	12
2471	11
2472	11
2473	13
2474	14
2475	7
2476	14
2477	9
2478	12
2479	14
2480	10
2481	11
2482	10
2483	13
2484	18
2485	10
2486	8
2487	8
2488	14
2489	12
2490	13
2491	10
2492	13
2493	15
2494	17
2495	5
2496	9
2497	9
2498	8
2499	14
2500	8
2501	13
2502	8
2503	14
2504	6
2505	7
2506	13
2507	16
2508	11
2509	9
2510	15
2511	8
2512	18
2513	13
2514	15
2515	7
2516	12
2517	12
2518	8
2519	12
2520	13
2521	10
2522	10
2523	8
2524	7
2525	10
2526	15
2527	5
2528	10
2529	14
2530	12
2531	20
2532	12
2533	13
2534	9
2535	9
2536	10
2537	13
2538	9
2539	9
2540	10
2541	9
2542	9
2543	11
2544	9
2545	11
2546	15
2547	8
2548	15
2549	13
2550	22
2551	8
2552	13
2553	6
2554	6
2555	11
2556	8
2557	8
2558	15
2559	12
2560	14
2561	9
2562	12
2563	6
2564	9
2565	15
2566	10
2567	9
2568	16
2569	9
2570	18
2571	6
2572	22
2573	10
2574	5
2575	9
2576	9
2577	6
2578	11
2579	15
2580	8
2581	12
2582	16
2583	5
2584	7
2585	17
2586	8
2587	14
2588	9
2589	9
2590	11
2591	4
2592	12
2593	6
2594	7
2595	10
2596	11
2597	17
2598	9
2599	14
2600	9
2601	9
2602	16
2603	10
2604	11
2605	10
2606	18
2607	15
2608	12
2609	9
2610	14
2611	8
2612	11
2613	10
2614	16
2615	10
2616	11
2617	13
2618	5
2619	14
2620	19
2621	10
2622	15
2623	9
2624	11
2625	15
2626	11
2627	11
2628	8
2629	10
2630	8
2631	14
2632	13
2633	7
2634	15
2635	8
2636	10
2637	17
2638	12
2639	10
2640	14
2641	10
2642	3
2643	6
2644	13
2645	8
2646	10
2647	7
2648	9
2649	11
2650	8
2651	14
2652	11
2653	6
2654	8
2655	10
2656	15
2657	8
2658	4
2659	8
2660	7
2661	12
2662	8
2663	10
2664	16
2665	13
2666	11
2667	8
2668	6
2669	13
2670	11
2671	11
2672	9
2673	9
2674	6
2675	13
2676	13
2677	9
2678	15
2679	6
2680	17
2681	7
2682	19
2683	10
2684	8
2685	10
2686	7
2687	9
2688	12
2689	15
2690	9
2691	11
2692	13
2693	10
2694	13
2695	10
2696	15
2697	11
2698	11
2699	8
2700	8
2701	10
2702	8
2703	12
2704	5
2705	14
2706	14
2707	9
2708	11
2709	12
2710	10
2711	8
2712	8
2713	16
2714	12
2715	11
2716	7
2717	8
2718	9
2719	10
2720	10
2721	4
2722	8
2723	10
2724	11
2725	16
2726	10
2727	9
2728	2
2729	7
2730	9
2731	8
2732	17
2733	12
2734	8
2735	9
2736	6
2737	10
2738	17
2739	8
2740	6
2741	13
2742	10
2743	16
2744	10
2745	9
2746	11
2747	10
2748	8
2749	17
2750	11
2751	4
2752	13
2753	7
2754	7
2755	14
2756	13
2757	9
2758	6
2759	6
2760	8
2761	14
2762	11
2763	4
2764	13
2765	17
2766	12
2767	9
2768	10
2769	8
2770	11
2771	8
2772	16
2773	7
2774	10
2775	11
2776	11
2777	8
2778	6
2779	13
2780	13
2781	8
2782	11
2783	9
2784	6
2785	7
2786	7
2787	8
2788	10
2789	7
2790	9
2791	11
2792	10
2793	9
2794	4
2795	8
2796	6
2797	10
2798	8
2799	12
2800	6
2801	5
2802	10
2803	11
2804	8
2805	13
2806	10
2807	6
2808	12
2809	5
2810	6
2811	5
2812	12
2813	11
2814	12
2815	14
2816	9
2817	5
2818	3
2819	16
2820	15
2821	3
2822	7
2823	10
2824	13
2825	13
2826	7
2827	8
2828	6
2829	5
2830	11
2831	9
2832	10
2833	9
2834	7
2835	12
2836	9
2837	11
2838	6
2839	9
2840	7
2841	5
2842	8
2843	7
2844	13
2845	13
2846	12
2847	9
2848	11
2849	4
2850	10
2851	12
2852	10
2853	13
2854	5
2855	4
2856	11
2857	7
2858	7
2859	10
2860	13
2861	9
2862	5
2863	7
2864	8
2865	4
2866	10
2867	15
2868	6
2869	4
2870	4
2871	5
2872	9
2873	9
2874	14
2875	8
2876	6
2877	11
2878	9
2879	11
2880	6
2881	10
2882	8
2883	11
2884	7
2885	7
2886	8
2887	5
2888	12
2889	13
2890	8
2891	2
2892	9
2893	6
2894	10
2895	9
2896	9
2897	9
2898	11
2899	9
2900	11
2901	7
2902	11
2903	6
2904	11
2905	9
2906	10
2907	5
2908	10
2909	5
2910	4
2911	17
2912	6
2913	9
2914	9
2915	16
2916	14
2917	12
2918	10
2919	8
2920	9
2921	8
2922	7
2923	9
2924	6
2925	11
2926	8
2927	7
2928	9
2929	7
2930	9
2931	9
2932	6
2933	13
2934	6
2935	7
2936	9
2937	4
2938	9
2939	4
2940	13
2941	15
2942	5
2943	7
2944	11
2945	11
2946	13
2947	8
2948	4
2949	7
2950	9
2951	12
2952	14
2953	6
2954	7
2955	10
2956	12
2957	7
2958	8
2959	8
2960	12
2961	5
2962	16
2963	8
2964	5
2965	6
2966	8
2967	12
2968	12
2969	12
2970	12
2971	8
2972	10
2973	9
2974	6
2975	11
2976	10
2977	10
2978	7
2979	12
2980	7
2981	6
2982	13
2983	9
2984	8
2985	7
2986	9
2987	15
2988	5
2989	6
2990	8
2991	9
2992	8
2993	5
2994	6
2995	6
2996	9
2997	10
2998	10
2999	8
3000	6
3001	8
3002	5
3003	6
3004	10
3005	7
3006	4
3007	14
3008	7
3009	9
3010	12
3011	8
3012	8
3013	7
3014	17
3015	4
3016	7
3017	10
3018	12
3019	11
3020	4
3021	7
3022	3
3023	7
3024	4
3025	8
3026	4
3027	9
3028	6
3029	9
3030	12
3031	9
3032	10
3033	7
3034	7
3035	10
3036	8
3037	13
3038	4
3039	5
3040	11
3041	6
3042	11
3043	15
3044	8
3045	7
3046	7
3047	4
3048	11
3049	4
3050	3
3051	15
3052	6
3053	7
3054	10
3055	7
3056	11
3057	7
3058	7
3059	11
3060	5
3061	5
3062	5
3063	4
3064	7
3065	8
3066	9
3067	9
3068	6
3069	6
3070	5
3071	12
3072	10
3073	11
3074	7
3075	14
3076	3
3077	4
3078	7
3079	12
3080	10
3081	6
3082	8
3083	10
3084	7
3085	4
3086	11
3087	1
3088	6
3089	8
3090	7
3091	11
3092	8
3093	4
3094	12
3095	10
3096	10
3097	11
3098	6
3099	6
3100	4
3101	4
3102	6
3103	3
3104	9
3105	8
3106	10
3107	9
3108	11
3109	4
3110	7
3111	9
3112	10
3113	8
3114	5
3115	5
3116	6
3117	9
3118	8
3119	7
3120	7
3121	8
3122	7
3123	9
3124	5
3125	6
3126	9
3127	6
3128	7
3129	3
3130	3
3131	11
3132	5
3133	9
3134	6
3135	8
3136	4
3137	10
3138	11
3139	7
3140	6
3141	6
3142	3
3143	10
3144	4
3145	2
3146	5
3147	10
3148	7
3149	11
3150	6
3151	6
3152	11
3153	14
3154	7
3155	4
3156	6
3157	7
3158	6
3159	7
3160	7
3161	4
3162	5
3163	8
3164	7
3165	7
3166	6
3167	10
3168	10
3169	13
3170	9
3171	8
3172	10
3173	7
3174	6
3175	10
3176	3
3177	8
3178	6
3179	10
3180	12
3181	9
3182	4
3183	7
3184	5
3185	8
3186	3
3187	5
3188	10
3189	6
3190	9
3191	13
3192	6
3193	8
3194	7
3195	6
3196	7
3197	6
3198	12
3199	8
3200	10
3201	7
3202	6
3203	14
3204	5
3205	8
3206	2
3207	5
3208	6
3209	7
3210	9
3211	6
3212	10
3213	9
3214	2
3215	6
3216	11
3217	4
3218	9
3219	11
3220	9
3221	9
3222	9
3223	12
3224	11
3225	7
3226	8
3227	9
3228	7
3229	12
3230	4
3231	5
3232	12
3233	9
3234	6
3235	6
3236	10
3237	5
3238	3
3239	8
3240	9
3241	3
3242	6
3243	5
3244	8
3245	6
3246	7
3247	4
3248	11
3249	8
3250	11
3251	7
3252	9
3253	12
3254	7
3255	5
3256	8
3257	6
3258	7
3259	8
3260	7
3261	8
3262	6
3263	4
3264	5
3265	7
3266	9
3267	8
3268	9
3269	5
3270	6
3271	9
3272	6
3273	9
3274	7
3275	3
3276	5
3277	5
3278	5
3279	4
3280	4
3281	8
3282	9
3283	4
3284	6
3285	6
3286	5
3287	4
3288	11
3289	6
3290	3
3291	9
3292	6
3293	5
3294	9
3295	7
3296	9
3297	11
3298	9
3299	10
3300	3
3301	6
3302	2
3303	11
3304	3
3305	6
3306	13
3307	6
3308	6
3309	8
3310	5
3311	2
3312	3
3313	7
3314	14
3315	2
3316	6
3317	9
3318	8
3319	7
3320	8
3321	6
3322	6
3323	3
3324	6
3325	8
3326	8
3327	5
3328	6
3329	7
3330	9
3331	9
3332	6
3333	5
3334	9
3335	4
3336	8
3337	11
3338	7
3339	7
3340	10
3341	4
3342	7
3343	2
3344	6
3345	6
3346	4
3347	9
3348	8
3349	4
3350	4
3351	10
3352	7
3353	9
3354	2
3355	5
3356	8
3357	10
3358	5
3359	9
3360	9
3361	3
3362	8
3363	7
3364	5
3365	6
3366	5
3367	6
3368	4
3369	9
3370	8
3371	6
3372	3
3373	6
3374	6
3375	8
3376	6
3377	3
3378	4
3379	7
3380	4
3381	6
3382	8
3383	4
3384	3
3385	4
3386	4
3387	7
3388	9
3389	6
3390	4
3391	7
3392	8
3393	8
3394	6
3395	7
3396	14
3397	2
3398	7
3399	4
3400	6
3401	5
3402	6
3403	6
3404	7
3405	4
3406	6
3407	7
3408	6
3409	8
3410	4
3411	6
3412	4
3413	4
3414	9
3415	5
3416	7
3417	5
3418	5
3419	8
3420	1
3421	14
3422	5
3423	3
3424	8
3425	5
3426	7
3427	7
3428	10
3429	4
3430	8
3431	9
3432	2
3433	9
3434	5
3435	4
3436	6
3437	6
3438	6
3439	8
3440	4
3441	9
3442	8
3443	9
3444	10
3445	8
3446	7
3447	7
3448	9
3449	6
3450	11
3451	6
3452	3
3453	5
3454	5
3455	7
3456	5
3457	3
3458	11
3459	6
3460	6
3461	4
3462	9
3463	6
3464	7
3465	3
3466	3
3467	6
3468	9
3469	3
3470	7
3471	4
3472	9
3473	9
3474	5
3475	4
3476	2
3477	10
3478	13
3479	3
3480	12
3481	7
3482	14
3483	4
3484	3
3485	7
3486	7
3487	7
3488	5
3489	5
3490	9
3491	3
3492	5
3493	10
3494	4
3495	3
3496	6
3497	7
3498	7
3499	6
3500	2
3501	9
3502	5
3503	9
3504	9
3505	5
3506	8
3507	5
3508	6
3509	5
3510	5
3511	6
3512	11
3513	8
3514	6
3515	5
3516	9
3517	5
3518	4
3519	7
3520	11
3521	6
3522	6
3523	8
3524	7
3525	2
3526	6
3527	4
3528	6
3529	7
3530	3
3531	13
3532	2
3533	8
3534	8
3535	9
3536	3
3537	6
3538	3
3539	6
3540	5
3541	6
3542	8
3543	10
3544	8
3545	7
3546	4
3547	3
3548	10
3549	9
3550	6
3551	5
3552	11
3553	9
3554	6
3555	6
3556	9
3557	8
3558	3
3559	6
3560	5
3561	3
3562	11
3563	8
3564	6
3565	7
3566	2
3567	5
3568	5
3569	6
3570	7
3571	7
3572	7
3573	4
3574	5
3575	9
3576	3
3577	8
3578	8
3579	4
3580	3
3581	2
3582	7
3583	4
3584	6
3585	4
3586	5
3587	6
3588	10
3589	7
3590	6
3591	6
3592	5
3593	6
3594	9
3595	8
3596	9
3597	6
3598	8
3599	3
3600	3
3601	6
3602	4
3603	7
3604	7
3605	4
3606	8
3607	8
3608	11
3609	4
3610	4
3611	1
3612	2
3613	3
3614	3
3615	4
3616	7
3617	6
3618	5
3619	5
3620	5
3621	7
3622	4
3623	11
3624	7
3625	9
3626	6
3627	7
3628	10
3629	8
3630	1
3631	5
3632	8
3633	5
3634	7
3635	8
3636	9
3637	8
3638	9
3639	7
3640	7
3641	4
3642	6
3643	3
3644	7
3645	10
3646	9
3647	7
3648	7
3649	8
3650	4
3651	5
3652	5
3653	4
3654	4
3655	6
3656	6
3657	8
3658	9
3659	8
3660	8
3661	6
3662	3
3663	7
3664	6
3665	2
3666	6
3667	6
3668	11
3669	5
3670	7
3671	7
3672	8
3673	4
3674	5
3675	3
3676	6
3677	9
3678	3
3679	3
3680	8
3681	6
3682	6
3683	4
3684	3
3685	4
3686	6
3687	2
3688	8
3689	3
3690	7
3691	7
3692	4
3693	4
3694	6
3695	6
3696	6
3697	12
3698	6
3699	5
3700	6
3701	12
3702	5
3703	2
3704	3
3705	9
3706	6
3707	13
3708	9
3709	3
3710	5
3711	7
3712	4
3713	3
3714	7
3715	5
3716	10
3717	5
3718	5
3719	8
3720	10
3721	7
3722	5
3723	9
3724	4
3725	6
3726	6
3727	5
3728	7
3729	4
3730	9
3731	3
3732	3
3733	5
3734	7
3735	6
3736	8
3737	5
3738	4
3739	4
3740	4
3741	7
3742	8
3743	4
3744	7
3745	4
3746	4
3747	3
3748	3
3749	6
3750	5
3751	6
3752	6
3753	7
3754	6
3755	3
3756	3
3757	10
3758	4
3759	3
3760	5
3761	6
3762	4
3763	12
3764	6
3765	4
3766	9
3767	5
3768	9
3769	5
3770	2
3771	5
3772	5
3773	6
3774	4
3775	8
3776	8
3777	3
3778	6
3779	5
3780	6
3781	7
3782	2
3783	5
3784	10
3785	4
3786	8
3787	3
3788	5
3789	4
3790	6
3791	5
3792	6
3793	4
3794	9
3795	9
3796	7
3797	4
3798	9
3799	5
3800	3
3801	6
3802	3
3803	6
3804	4
3805	4
3806	8
3807	5
3808	2
3809	7
3810	4
3811	7
3812	2
3813	5
3814	8
3815	5
3816	4
3817	8
3818	12
3819	16
3820	3
3821	8
3822	3
3823	9
3824	8
3825	2
3826	6
3827	6
3828	10
3829	5
3830	8
3831	8
3832	3
3833	5
3834	3
3835	6
3836	2
3837	5
3838	8
3839	5
3840	11
3841	7
3842	6
3843	5
3844	6
3845	4
3846	9
3847	4
3848	4
3849	10
3850	4
3851	4
3852	4
3853	3
3854	8
3855	5
3856	4
3857	6
3858	5
3859	5
3860	4
3861	6
3862	5
3863	7
3864	6
3865	2
3866	5
3867	3
3868	8
3869	7
3870	6
3871	6
3872	7
3873	6
3874	6
3875	4
3876	8
3877	4
3878	8
3879	5
3880	8
3881	2
3882	7
3883	9
3884	7
3885	4
3886	8
3887	4
3888	8
3889	4
3890	8
3891	4
3892	6
3893	8
3894	6
3895	2
3896	6
3897	9
3898	2
3899	2
3900	5
3901	5
3902	4
3903	4
3904	3
3905	5
3906	6
3907	2
3908	5
3909	2
3910	6
3911	8
3912	10
3913	3
3914	5
3915	1
3916	5
3917	6
3918	2
3919	5
3920	3
3921	5
3922	7
3923	4
3924	2
3926	6
3927	4
3928	2
3929	6
3930	7
3931	6
3932	5
3933	1
3934	8
3935	5
3936	3
3937	4
3938	5
3939	4
3940	9
3941	4
3942	2
3943	3
3944	6
3945	8
3946	4
3947	3
3948	6
3949	6
3950	4
3951	6
3952	6
3953	2
3954	4
3955	4
3956	9
3957	5
3958	6
3959	7
3960	8
3961	2
3962	4
3963	6
3964	3
3965	7
3967	6
3968	5
3969	4
3970	6
3971	5
3972	4
3973	6
3974	3
3975	9
3976	10
3977	5
3978	4
3979	8
3980	5
3981	4
3982	3
3983	4
3984	1
3985	2
3986	4
3987	6
3988	4
3989	2
3990	2
3991	5
3992	4
3993	6
3994	3
3995	5
3996	6
3997	9
3998	3
3999	4
4000	5
4001	1
4002	5
4003	3
4004	1
4005	10
4006	3
4007	4
4008	2
4009	3
4010	4
4011	2
4012	5
4013	6
4014	5
4015	3
4016	4
4017	6
4018	6
4019	7
4020	4
4021	8
4022	2
4023	5
4024	4
4025	5
4026	2
4027	2
4028	8
4029	5
4030	5
4031	3
4032	6
4033	4
4034	4
4035	5
4036	3
4037	5
4038	4
4039	3
4040	3
4041	4
4042	5
4043	4
4044	2
4045	6
4046	6
4047	2
4048	2
4049	4
4050	3
4051	14
4052	4
4053	5
4054	5
4055	6
4056	3
4057	4
4058	5
4059	7
4060	5
4061	4
4062	5
4063	6
4064	4
4065	5
4066	2
4067	8
4068	4
4069	3
4070	2
4071	5
4072	5
4073	2
4074	6
4075	4
4076	4
4077	4
4078	2
4079	7
4080	8
4081	8
4082	5
4083	4
4084	4
4085	3
4086	7
4087	1
4088	4
4089	4
4090	2
4091	6
4092	8
4093	3
4094	3
4095	4
4096	6
4097	4
4098	4
4099	8
4100	3
4101	2
4102	5
4103	2
4104	2
4105	2
4106	1
4107	2
4108	3
4109	4
4110	5
4111	5
4112	5
4113	2
4114	4
4115	3
4116	8
4117	6
4118	3
4119	3
4120	1
4121	4
4122	7
4123	6
4124	2
4125	3
4126	9
4127	4
4128	7
4129	7
4130	3
4131	1
4132	1
4133	5
4134	3
4135	1
4136	6
4137	3
4138	5
4139	3
4140	3
4141	2
4142	1
4143	8
4144	8
4145	4
4146	3
4147	3
4148	6
4149	3
4150	5
4151	6
4152	3
4153	7
4154	2
4155	1
4156	3
4157	2
4158	5
4159	4
4160	1
4161	3
4162	5
4163	5
4164	1
4165	5
4166	10
4167	7
4168	3
4170	8
4171	3
4172	5
4173	2
4174	8
4175	3
4176	2
4177	3
4178	5
4179	6
4180	5
4181	3
4182	1
4183	2
4184	4
4185	3
4186	12
4187	4
4188	5
4189	6
4190	4
4191	4
4192	3
4193	8
4194	7
4195	3
4196	4
4197	1
4198	4
4199	3
4200	2
4201	1
4202	7
4203	1
4204	2
4205	2
4206	5
4207	6
4208	2
4209	4
4210	3
4211	3
4212	4
4213	3
4214	2
4215	5
4216	4
4217	6
4218	4
4219	2
4220	1
4221	1
4222	5
4223	4
4224	3
4225	6
4226	4
4227	4
4228	4
4229	3
4230	4
4231	10
4232	3
4233	1
4234	5
4235	2
4236	6
4237	5
4238	5
4239	7
4240	3
4241	4
4242	2
4243	4
4244	6
4245	2
4246	5
4247	5
4248	3
4249	2
4250	3
4251	7
4252	2
4253	2
4254	3
4255	5
4256	5
4257	6
4258	3
4259	4
4260	5
4261	5
4262	3
4263	2
4264	4
4265	3
4266	9
4267	3
4268	4
4269	5
4270	5
4271	4
4272	4
4273	4
4274	2
4275	3
4276	4
4277	4
4278	1
4279	7
4280	3
4281	6
4282	5
4283	5
4284	3
4285	7
4286	1
4287	3
4288	5
4290	3
4291	7
4292	2
4294	3
4295	4
4296	2
4297	5
4298	5
4299	3
4300	3
4301	2
4302	4
4303	8
4304	3
4305	4
4306	1
4307	11
4308	8
4309	2
4310	4
4311	2
4312	5
4313	3
4314	4
4316	3
4317	5
4318	1
4319	3
4320	2
4321	4
4322	3
4323	2
4324	2
4325	1
4326	1
4327	1
4328	2
4329	6
4330	6
4331	6
4332	3
4333	2
4334	6
4335	2
4336	5
4337	6
4338	4
4339	3
4340	3
4341	3
4342	4
4343	5
4344	3
4345	5
4346	7
4347	5
4348	4
4349	2
4350	2
4351	3
4352	5
4353	6
4354	3
4355	5
4356	7
4357	3
4358	2
4359	6
4360	3
4361	4
4362	5
4363	6
4364	2
4365	6
4366	4
4367	3
4368	5
4369	4
4370	2
4371	3
4372	3
4373	5
4374	4
4375	3
4376	4
4377	6
4378	2
4379	1
4380	3
4381	1
4382	3
4383	8
4384	5
4385	4
4386	7
4387	3
4388	1
4389	6
4390	3
4391	1
4392	3
4393	4
4394	3
4395	4
4396	2
4397	4
4398	8
4399	2
4400	3
4401	2
4402	2
4403	5
4404	3
4405	4
4406	3
4407	2
4408	3
4409	5
4410	6
4411	5
4412	4
4413	5
4414	3
4415	4
4417	3
4418	5
4419	3
4420	7
4421	3
4422	11
4423	4
4425	4
4426	6
4428	4
4429	3
4430	2
4431	4
4432	4
4433	4
4434	5
4435	1
4436	4
4437	4
4438	3
4439	3
4440	2
4441	9
4442	1
4443	6
4444	3
4445	5
4446	3
4447	2
4448	4
4449	3
4450	4
4451	2
4452	3
4453	1
4454	3
4455	3
4456	8
4457	6
4458	9
4459	1
4460	1
4461	2
4462	4
4463	5
4464	6
4465	4
4466	5
4467	3
4468	2
4469	3
4470	11
4471	2
4472	3
4473	2
4474	6
4475	5
4476	5
4477	4
4478	7
4479	1
4480	5
4481	5
4482	4
4483	3
4484	3
4485	3
4486	4
4487	3
4488	3
4489	3
4490	4
4491	1
4492	1
4493	5
4494	3
4495	5
4496	2
4497	5
4498	6
4499	4
4500	3
4501	8
4502	3
4503	4
4504	2
4505	6
4506	4
4507	1
4508	3
4509	6
4510	5
4511	1
4512	2
4513	4
4514	5
4515	4
4516	3
4517	4
4518	2
4519	2
4520	6
4521	3
4522	4
4523	6
4525	4
4526	4
4527	3
4528	3
4529	3
4530	8
4531	3
4532	3
4533	5
4534	3
4535	4
4536	5
4537	8
4538	4
4539	3
4540	3
4541	9
4542	4
4543	6
4544	4
4545	3
4546	2
4547	11
4548	4
4549	4
4550	2
4551	3
4552	2
4553	3
4554	6
4555	4
4556	3
4557	2
4558	5
4560	2
4561	2
4562	2
4563	2
4564	1
4565	3
4566	6
4567	1
4568	2
4569	1
4570	6
4571	1
4572	1
4573	4
4574	2
4575	2
4576	4
4577	2
4578	2
4579	4
4580	2
4581	3
4582	3
4583	3
4584	1
4585	4
4586	2
4587	3
4588	2
4589	4
4590	2
4591	3
4592	4
4593	5
4594	4
4595	5
4596	5
4598	2
4599	5
4600	3
4601	6
4602	4
4603	5
4604	5
4605	2
4606	4
4608	3
4609	4
4610	4
4611	2
4612	4
4613	2
4614	4
4615	4
4616	2
4617	8
4618	7
4619	1
4620	4
4621	4
4622	6
4623	4
4624	5
4625	4
4626	2
4627	4
4628	3
4629	7
4630	4
4631	4
4632	3
4633	6
4634	5
4635	6
4636	3
4637	5
4638	3
4639	5
4640	2
4642	7
4643	6
4644	2
4645	5
4646	3
4647	4
4648	3
4649	3
4650	3
4651	3
4652	4
4653	2
4654	3
4655	7
4656	1
4657	4
4658	2
4659	5
4660	5
4661	2
4662	5
4663	1
4664	2
4665	2
4666	6
4667	6
4668	2
4669	3
4670	3
4671	3
4672	3
4673	2
4674	4
4675	5
4676	2
4677	2
4678	1
4679	6
4680	3
4681	4
4682	6
4684	3
4685	4
4686	4
4687	2
4688	4
4689	3
4690	7
4691	5
4692	8
4693	5
4694	1
4695	4
4696	2
4697	4
4698	2
4699	4
4700	3
4701	2
4702	2
4704	2
4705	5
4706	5
4707	4
4708	4
4709	2
4711	4
4712	1
4713	1
4714	6
4715	3
4716	3
4717	2
4718	2
4719	8
4720	4
4721	2
4722	2
4723	5
4724	4
4725	1
4726	2
4727	2
4728	2
4729	2
4730	3
4731	2
4733	3
4734	3
4735	3
4736	5
4737	6
4738	5
4739	1
4740	6
4741	4
4742	1
4743	1
4745	1
4746	1
4747	3
4748	6
4749	7
4750	3
4751	3
4752	3
4753	6
4754	5
4755	2
4756	1
4757	1
4758	2
4759	1
4760	4
4761	3
4762	2
4763	2
4764	1
4765	5
4766	5
4767	6
4768	1
4769	4
4770	4
4771	1
4772	4
4773	3
4774	5
4775	2
4776	3
4777	5
4778	2
4779	3
4780	5
4781	2
4782	2
4783	6
4784	3
4785	3
4786	3
4787	1
4788	2
4789	3
4790	3
4791	5
4792	4
4793	2
4794	4
4795	3
4796	1
4797	4
4798	5
4799	7
4800	6
4802	4
4803	3
4805	4
4806	7
4807	2
4808	2
4809	2
4810	4
4811	3
4812	2
4813	5
4814	4
4815	1
4816	3
4818	4
4819	5
4820	2
4821	1
4822	3
4823	4
4824	1
4825	3
4826	3
4827	5
4828	4
4829	3
4830	4
4831	3
4832	4
4833	3
4834	4
4835	4
4836	2
4837	5
4838	3
4839	3
4840	2
4841	4
4842	4
4843	2
4844	1
4845	3
4846	2
4847	1
4848	3
4849	4
4850	4
4851	3
4852	2
4853	2
4854	1
4855	3
4856	2
4857	3
4858	1
4859	6
4860	2
4861	6
4863	1
4864	4
4865	1
4866	4
4867	5
4868	3
4869	2
4870	3
4871	3
4872	4
4873	3
4874	6
4875	3
4876	1
4877	6
4878	5
4879	3
4880	2
4881	6
4882	3
4883	5
4884	4
4885	5
4886	4
4887	5
4888	4
4889	3
4890	3
4891	5
4892	5
4893	4
4894	2
4895	1
4896	4
4897	4
4898	5
4899	5
4900	2
4901	4
4902	1
4903	2
4904	3
4905	4
4906	3
4907	3
4908	8
4909	2
4910	2
4911	2
4912	7
4913	5
4914	2
4915	6
4916	2
4917	7
4918	2
4919	2
4920	3
4921	3
4922	2
4923	4
4924	2
4925	6
4926	4
4927	4
4928	1
4929	3
4930	6
4931	2
4932	2
4933	3
4934	4
4935	2
4936	3
4937	5
4938	1
4939	7
4940	1
4941	2
4942	7
4943	2
4944	1
4946	1
4947	3
4948	1
4949	1
4950	4
4951	5
4952	4
4953	2
4954	1
4955	2
4956	2
4957	5
4958	3
4959	2
4960	1
4961	6
4963	5
4964	1
4965	1
4966	1
4967	3
4968	4
4969	5
4970	1
4971	3
4973	5
4974	2
4975	3
4977	2
4978	3
4979	2
4980	2
4981	3
4982	3
4983	7
4984	1
4985	7
4986	3
4987	4
4988	2
4990	4
4991	2
4992	2
4993	1
4994	2
4995	1
4996	4
4997	3
4998	4
4999	2
5000	1
5001	1
5002	2
5004	5
5005	1
5006	5
5007	3
5008	5
5009	4
5010	5
5011	5
5012	1
5013	2
5014	1
5016	4
5017	4
5018	3
5019	3
5020	2
5021	3
5022	5
5023	5
5024	1
5025	1
5026	2
5027	2
5028	4
5029	4
5030	1
5031	4
5032	5
5033	3
5034	3
5035	3
5036	5
5037	2
5038	2
5039	2
5040	4
5041	3
5042	3
5043	3
5044	7
5045	4
5046	4
5047	2
5048	2
5049	1
5050	1
5051	4
5052	4
5053	4
5054	3
5055	6
5056	5
5057	3
5058	5
5059	4
5060	2
5061	3
5062	6
5064	7
5065	3
5066	1
5067	3
5068	3
5069	3
5070	2
5071	1
5072	4
5073	4
5074	2
5075	4
5076	2
5078	5
5079	3
5080	2
5081	3
5082	7
5083	2
5084	4
5085	6
5086	5
5087	4
5088	2
5089	2
5090	3
5091	7
5092	1
5093	3
5095	4
5096	1
5097	2
5098	3
5099	2
5101	1
5102	3
5103	2
5104	2
5105	4
5106	2
5107	2
5108	4
5109	2
5110	3
5111	6
5112	4
5113	3
5114	4
5115	6
5116	3
5117	2
5118	2
5119	4
5120	2
5121	2
5122	2
5123	4
5124	2
5125	1
5126	1
5127	4
5128	5
5129	3
5130	3
5131	2
5132	1
5133	2
5134	2
5135	2
5136	2
5137	3
5138	5
5139	3
5140	3
5141	2
5142	2
5143	2
5144	4
5146	4
5147	3
5150	3
5151	1
5152	2
5153	2
5154	2
5155	2
5156	2
5157	1
5158	5
5159	2
5160	5
5161	1
5163	6
5164	2
5166	5
5167	3
5168	3
5169	1
5170	5
5171	2
5172	5
5173	3
5174	2
5175	4
5176	4
5177	1
5179	3
5180	8
5181	2
5182	2
5183	2
5185	3
5186	2
5187	3
5188	1
5189	1
5191	3
5192	1
5193	1
5194	5
5195	2
5197	4
5198	1
5199	2
5200	1
5202	4
5203	3
5205	3
5206	6
5207	4
5208	3
5210	2
5211	1
5212	2
5213	2
5214	5
5215	4
5216	7
5217	6
5218	2
5219	4
5220	2
5221	2
5222	1
5224	2
5225	3
5226	4
5227	2
5228	1
5229	5
5230	1
5231	2
5232	2
5234	4
5235	2
5236	4
5238	1
5239	3
5240	2
5241	3
5242	4
5244	2
5245	3
5246	1
5247	3
5248	3
5249	2
5252	3
5253	3
5254	2
5255	2
5256	3
5257	2
5258	1
5259	4
5260	3
5261	3
5262	3
5263	2
5264	1
5265	3
5266	2
5267	1
5268	4
5269	2
5270	1
5271	2
5272	3
5273	3
5274	4
5276	1
5278	5
5279	2
5280	3
5281	2
5282	5
5283	1
5284	3
5286	4
5287	2
5288	3
5289	2
5290	2
5291	1
5292	1
5293	2
5294	5
5295	1
5296	4
5297	2
5298	2
5299	2
5300	4
5301	2
5302	1
5303	2
5304	2
5305	3
5306	3
5307	4
5308	3
5309	4
5310	6
5311	4
5312	4
5313	2
5314	6
5315	1
5316	1
5317	2
5318	3
5319	2
5320	3
5321	2
5322	3
5323	1
5325	4
5326	3
5327	1
5328	3
5329	1
5330	2
5331	1
5332	1
5333	3
5334	1
5335	1
5336	4
5337	3
5338	1
5339	2
5340	2
5341	5
5342	1
5343	2
5344	3
5346	2
5347	1
5348	3
5349	1
5350	4
5351	2
5352	2
5353	2
5354	4
5355	2
5356	5
5357	3
5358	3
5359	3
5360	4
5361	1
5362	2
5363	3
5365	2
5366	2
5367	4
5368	6
5369	2
5370	3
5371	2
5372	3
5373	2
5374	1
5375	3
5376	4
5377	8
5378	1
5379	3
5380	3
5381	4
5382	4
5383	5
5384	3
5385	4
5386	4
5387	3
5388	5
5389	4
5390	3
5391	2
5392	2
5393	2
5394	3
5395	6
5396	3
5397	3
5398	2
5399	5
5400	1
5402	4
5403	5
5404	2
5405	1
5406	1
5407	1
5408	5
5409	2
5410	4
5411	2
5412	4
5413	2
5414	1
5415	1
5418	4
5419	3
5420	4
5421	2
5422	2
5423	3
5424	2
5425	5
5426	2
5427	10
5428	2
5430	5
5431	3
5432	2
5433	2
5434	1
5435	1
5436	3
5437	2
5438	5
5439	3
5440	3
5441	3
5442	1
5443	2
5444	2
5445	1
5446	2
5447	2
5448	2
5449	1
5451	3
5452	2
5453	2
5454	6
5455	3
5456	4
5458	2
5459	3
5460	4
5461	1
5462	1
5463	4
5464	2
5465	1
5466	2
5467	5
5470	1
5471	3
5472	5
5473	2
5474	3
5475	3
5476	2
5477	2
5478	1
5480	2
5482	2
5483	1
5484	2
5485	6
5486	9
5487	3
5488	5
5489	2
5490	1
5491	4
5492	3
5494	1
5495	4
5496	5
5497	2
5499	1
5500	5
5501	4
5502	2
5503	1
5504	4
5505	3
5506	2
5508	2
5509	4
5510	3
5511	4
5512	4
5513	1
5514	4
5515	2
5516	2
5517	2
5518	4
5519	2
5520	2
5521	1
5522	4
5523	3
5524	2
5525	1
5526	5
5528	5
5529	1
5531	5
5532	2
5533	3
5534	3
5535	2
5536	2
5537	3
5538	4
5539	3
5540	5
5541	1
5542	2
5543	1
5544	3
5545	3
5546	4
5548	4
5549	6
5550	1
5551	3
5552	3
5553	4
5554	2
5555	2
5556	3
5557	4
5558	2
5559	5
5560	6
5561	2
5562	1
5565	2
5566	8
5567	1
5568	2
5569	5
5570	3
5571	1
5572	2
5573	4
5574	1
5575	3
5576	1
5577	1
5578	3
5579	5
5580	2
5581	2
5582	1
5584	2
5585	1
5586	7
5587	2
5590	2
5591	1
5592	3
5593	3
5594	1
5595	4
5596	1
5597	2
5598	2
5599	3
5600	1
5601	2
5602	3
5603	4
5604	2
5605	3
5606	2
5607	5
5608	3
5609	2
5610	5
5611	1
5612	2
5613	3
5614	3
5615	2
5616	3
5617	3
5618	2
5620	3
5621	4
5622	2
5623	1
5624	1
5625	4
5627	3
5628	5
5629	2
5630	3
5631	2
5632	4
5633	2
5634	3
5635	1
5636	1
5640	2
5641	4
5642	2
5643	3
5644	2
5645	2
5646	2
5647	7
5648	1
5649	1
5650	2
5652	5
5653	3
5654	1
5655	3
5656	1
5657	3
5658	1
5659	1
5660	3
5662	2
5663	4
5665	3
5666	3
5667	6
5668	2
5669	2
5670	2
5672	3
5673	3
5674	1
5675	3
5678	2
5679	3
5682	3
5683	3
5684	2
5685	3
5686	4
5687	2
5688	3
5689	3
5690	1
5691	2
5692	1
5693	4
5694	1
5695	2
5698	4
5699	3
5700	1
5701	1
5702	2
5703	1
5704	5
5705	1
5706	3
5707	1
5708	3
5709	4
5710	3
5711	6
5712	2
5713	1
5714	1
5715	2
5716	1
5717	1
5719	3
5720	3
5721	2
5722	2
5724	3
5725	1
5726	1
5727	3
5728	3
5729	3
5730	3
5732	4
5733	1
5734	2
5735	6
5736	1
5738	1
5739	3
5741	1
5742	2
5744	2
5745	2
5746	1
5747	3
5748	2
5749	4
5750	2
5751	2
5753	1
5754	2
5755	2
5756	3
5757	2
5758	2
5759	2
5760	2
5761	3
5762	2
5763	3
5764	4
5765	1
5767	1
5769	2
5770	2
5771	4
5772	3
5773	2
5774	4
5775	6
5776	2
5777	2
5778	1
5779	2
5780	5
5781	8
5782	2
5783	1
5784	3
5786	3
5787	4
5788	2
5789	2
5790	1
5791	4
5792	2
5793	3
5794	4
5795	2
5796	1
5797	2
5798	2
5799	1
5800	4
5802	2
5805	2
5809	3
5810	1
5811	4
5812	2
5813	1
5814	2
5815	4
5816	2
5817	2
5818	2
5819	3
5820	1
5821	2
5822	2
5823	3
5824	5
5825	1
5826	2
5827	4
5828	1
5829	1
5830	1
5831	4
5832	4
5833	2
5834	2
5835	2
5837	1
5838	1
5839	2
5840	2
5841	1
5842	5
5843	1
5844	3
5845	2
5847	3
5848	1
5849	1
5851	1
5852	3
5853	3
5855	1
5856	5
5857	1
5858	3
5859	3
5860	2
5861	3
5862	3
5863	4
5864	1
5865	3
5866	4
5869	6
5870	2
5871	2
5872	3
5873	2
5874	2
5875	2
5876	2
5877	2
5879	3
5880	4
5881	2
5882	1
5883	1
5884	3
5886	2
5887	3
5888	2
5889	3
5890	4
5891	3
5892	1
5893	1
5894	2
5895	1
5896	5
5897	4
5898	2
5899	1
5900	6
5902	3
5903	4
5905	1
5906	2
5907	1
5908	1
5909	1
5910	1
5911	2
5912	3
5913	3
5914	3
5915	3
5916	1
5917	1
5919	6
5920	1
5921	1
5922	3
5923	4
5925	2
5926	2
5928	2
5929	1
5930	1
5931	1
5932	1
5933	3
5934	4
5935	1
5936	5
5937	1
5938	5
5939	3
5940	2
5941	1
5942	2
5943	4
5944	3
5945	3
5946	2
5947	1
5948	1
5949	3
5951	1
5952	3
5954	4
5955	1
5957	2
5958	1
5959	2
5961	1
5962	1
5964	1
5965	3
5966	3
5967	1
5968	1
5969	3
5970	1
5971	5
5972	1
5973	2
5974	1
5975	1
5976	1
5977	1
5978	1
5980	2
5981	3
5983	2
5984	5
5985	2
5986	2
5987	1
5989	3
5990	1
5991	4
5992	6
5993	3
5994	1
5995	1
5996	2
5997	3
5998	3
5999	3
6000	1
6001	1
6002	4
6003	4
6004	3
6005	1
6006	1
6007	2
6009	4
6010	2
6011	2
6012	3
6013	1
6014	1
6015	4
6016	2
6017	2
6018	2
6019	1
6020	3
6021	1
6022	1
6023	6
6024	3
6025	1
6026	4
6027	2
6028	1
6029	2
6030	4
6031	1
6032	4
6033	3
6034	1
6035	1
6036	3
6037	5
6038	1
6039	2
6040	4
6041	1
6042	1
6043	1
6044	1
6045	2
6046	2
6047	4
6048	1
6050	1
6051	2
6052	5
6053	1
6054	1
6055	1
6057	1
6058	1
6059	2
6060	4
6063	2
6064	2
6065	2
6066	2
6068	2
6069	1
6070	2
6071	1
6073	3
6075	4
6076	2
6077	2
6078	2
6079	5
6080	2
6081	4
6084	1
6085	1
6086	4
6087	2
6088	1
6089	3
6091	4
6092	1
6093	2
6095	2
6096	1
6097	1
6098	2
6099	3
6100	3
6101	6
6102	4
6103	1
6105	3
6108	3
6109	3
6111	5
6112	1
6113	1
6114	2
6115	2
6116	4
6117	3
6118	2
6119	2
6120	3
6122	3
6123	2
6124	3
6125	1
6126	1
6127	4
6128	2
6130	2
6131	3
6132	6
6133	2
6134	4
6136	1
6138	1
6141	2
6142	2
6143	2
6144	3
6146	1
6147	2
6149	2
6150	1
6151	4
6152	1
6154	3
6155	1
6156	2
6158	2
6159	5
6160	2
6162	2
6163	3
6164	4
6165	2
6166	3
6167	1
6171	1
6172	1
6173	2
6176	2
6177	1
6178	2
6179	3
6180	1
6181	2
6182	3
6183	3
6184	2
6185	2
6186	1
6187	1
6188	1
6189	2
6190	4
6191	2
6192	1
6193	1
6194	2
6195	6
6196	1
6197	3
6199	1
6201	1
6202	1
6203	1
6204	2
6205	3
6206	1
6207	1
6208	1
6211	1
6212	1
6214	3
6215	2
6216	2
6217	1
6218	2
6219	1
6220	2
6221	1
6222	1
6223	1
6224	2
6225	2
6226	4
6227	2
6228	3
6229	1
6230	1
6234	3
6235	1
6236	1
6238	1
6241	1
6242	3
6243	2
6244	3
6247	3
6248	3
6249	4
6250	1
6251	2
6252	1
6254	1
6255	4
6256	1
6257	3
6258	2
6259	1
6260	2
6262	1
6263	1
6264	1
6266	1
6267	1
6268	2
6269	2
6270	3
6271	1
6272	2
6273	2
6276	2
6277	4
6278	1
6279	2
6280	2
6281	1
6283	2
6284	1
6286	3
6287	3
6288	3
6290	3
6291	3
6294	2
6295	1
6296	1
6297	1
6298	1
6299	1
6300	4
6301	2
6302	3
6303	1
6304	1
6306	3
6307	1
6309	1
6310	2
6311	4
6313	3
6314	1
6315	3
6316	3
6317	2
6318	2
6320	1
6322	1
6323	1
6325	3
6326	1
6327	3
6328	1
6329	1
6330	5
6332	3
6333	4
6334	2
6335	1
6336	1
6337	2
6338	2
6339	1
6340	2
6341	3
6342	2
6343	2
6344	2
6346	3
6347	2
6348	1
6349	3
6350	3
6351	1
6352	1
6353	2
6354	2
6355	1
6356	3
6357	1
6359	3
6360	3
6361	2
6362	1
6364	2
6365	3
6366	1
6367	1
6368	3
6373	1
6376	1
6377	3
6378	2
6379	2
6380	2
6382	1
6383	5
6384	1
6385	1
6386	1
6387	4
6388	1
6391	2
6392	1
6393	3
6395	1
6396	2
6397	3
6398	2
6399	2
6400	1
6401	3
6402	1
6403	1
6405	2
6406	1
6407	3
6408	3
6409	1
6410	1
6411	3
6412	1
6413	2
6415	3
6418	2
6420	2
6421	1
6422	1
6424	1
6425	1
6426	2
6427	2
6428	2
6429	3
6430	7
6432	4
6433	2
6434	1
6435	1
6436	1
6437	1
6438	1
6440	2
6441	1
6442	2
6443	2
6446	1
6447	1
6448	1
6449	1
6450	1
6452	1
6458	4
6459	2
6460	2
6461	5
6462	2
6463	1
6465	2
6466	3
6467	3
6468	1
6469	2
6470	1
6472	1
6474	2
6475	1
6476	1
6477	3
6478	3
6479	2
6481	2
6483	1
6484	3
6486	4
6487	3
6488	1
6492	2
6493	2
6494	2
6495	1
6500	2
6501	1
6502	2
6505	2
6506	3
6509	2
6513	1
6514	3
6515	1
6517	1
6518	1
6519	3
6520	2
6521	2
6522	3
6523	2
6525	3
6526	2
6527	4
6530	3
6531	1
6532	2
6533	2
6535	3
6536	1
6537	1
6538	2
6539	1
6540	2
6541	2
6542	1
6543	1
6545	1
6547	2
6549	2
6551	1
6552	2
6553	2
6554	3
6555	1
6557	2
6558	2
6559	1
6560	1
6561	1
6562	2
6563	3
6564	1
6565	1
6566	3
6567	4
6569	3
6570	1
6571	1
6572	1
6573	2
6574	2
6575	1
6577	2
6578	1
6579	2
6580	1
6581	1
6582	3
6583	3
6584	2
6585	2
6586	3
6587	1
6588	3
6589	2
6590	2
6591	1
6592	1
6595	1
6596	1
6598	3
6599	3
6600	1
6602	3
6603	2
6604	1
6605	4
6606	2
6607	3
6608	2
6609	1
6610	2
6611	2
6613	1
6614	1
6616	3
6617	1
6618	7
6619	1
6620	2
6622	2
6623	3
6625	3
6626	1
6627	4
6628	2
6631	1
6634	2
6637	1
6641	3
6642	1
6643	4
6645	1
6646	3
6647	1
6648	3
6650	2
6651	1
6652	3
6653	1
6654	3
6656	1
6657	1
6658	3
6659	2
6660	3
6661	1
6662	2
6663	1
6664	1
6666	1
6667	1
6668	3
6670	2
6671	1
6672	2
6673	3
6674	4
6677	1
6678	2
6679	2
6681	2
6682	3
6683	2
6684	2
6685	2
6686	2
6687	2
6689	2
6690	1
6692	1
6693	2
6695	3
6696	2
6698	1
6700	1
6701	1
6703	1
6705	2
6706	1
6707	1
6708	1
6710	1
6711	1
6713	1
6716	1
6717	2
6718	1
6719	1
6720	2
6722	5
6723	3
6725	4
6726	3
6727	1
6728	3
6729	1
6731	2
6733	2
6734	1
6735	4
6736	1
6737	2
6739	1
6740	2
6741	2
6742	1
6743	4
6744	1
6745	1
6746	1
6748	2
6749	1
6751	1
6752	2
6753	2
6754	2
6755	3
6756	1
6757	3
6758	1
6761	2
6762	1
6763	3
6764	1
6765	3
6766	1
6768	2
6769	1
6771	2
6773	1
6774	2
6775	1
6776	2
6777	2
6778	3
6780	1
6781	2
6782	4
6783	2
6784	4
6785	2
6786	2
6787	1
6788	1
6789	1
6790	2
6791	1
6792	1
6793	2
6794	2
6796	3
6797	1
6798	2
6802	2
6804	1
6805	2
6807	1
6808	1
6812	3
6813	5
6815	1
6816	1
6818	1
6822	1
6823	2
6826	2
6828	2
6829	3
6831	1
6832	1
6833	1
6834	2
6835	1
6836	2
6839	1
6840	1
6841	3
6842	2
6846	1
6847	1
6848	1
6849	1
6850	1
6852	1
6853	1
6854	1
6855	2
6858	1
6860	3
6861	1
6864	2
6865	1
6866	2
6869	1
6872	2
6874	2
6875	1
6876	1
6877	3
6880	1
6881	1
6882	2
6883	4
6884	2
6885	2
6886	2
6887	2
6890	1
6891	1
6892	2
6894	2
6895	2
6896	1
6897	3
6899	1
6901	1
6902	1
6903	3
6906	2
6907	2
6908	2
6911	1
6913	1
6914	2
6916	1
6918	4
6919	3
6920	1
6921	2
6922	2
6923	1
6924	2
6925	1
6926	2
6929	1
6930	3
6931	1
6932	3
6933	1
6934	3
6935	2
6938	1
6939	1
6940	1
6941	1
6942	2
6944	1
6945	1
6947	1
6948	1
6949	2
6955	2
6957	1
6958	2
6960	1
6961	1
6962	1
6963	4
6964	2
6966	1
6967	1
6968	1
6970	1
6973	3
6977	1
6978	1
6980	1
6981	3
6982	2
6984	1
6986	1
6988	1
6989	1
6992	1
6993	1
6994	1
6995	1
6996	4
6999	3
7000	3
7001	1
7003	1
7004	2
7005	2
7006	1
7008	2
7009	1
7010	1
7011	1
7012	1
7014	2
7015	1
7017	2
7020	1
7022	2
7024	1
7025	2
7029	1
7030	2
7031	2
7032	3
7033	2
7036	1
7038	1
7040	1
7041	1
7042	1
7043	1
7044	3
7045	1
7047	2
7048	3
7049	1
7051	2
7052	1
7054	1
7055	1
7056	1
7057	2
7059	2
7060	1
7061	3
7063	3
7064	2
7065	2
7066	1
7067	4
7068	1
7069	1
7070	1
7072	1
7073	2
7074	2
7075	1
7078	1
7080	4
7081	1
7082	1
7083	2
7084	2
7085	1
7086	3
7087	2
7088	1
7090	3
7091	3
7092	1
7094	2
7095	1
7096	1
7098	1
7099	1
7100	1
7102	1
7104	2
7107	2
7108	1
7110	1
7111	1
7112	2
7113	1
7115	1
7117	1
7118	2
7119	1
7120	1
7121	1
7124	1
7126	2
7129	2
7130	3
7131	1
7135	1
7137	3
7138	1
7139	3
7140	1
7141	2
7143	1
7144	2
7148	2
7150	1
7158	3
7160	1
7166	1
7167	2
7168	3
7172	1
7174	1
7175	2
7177	2
7179	2
7180	2
7183	1
7184	2
7185	1
7186	3
7187	1
7188	2
7190	1
7191	1
7192	1
7193	1
7194	1
7195	1
7196	1
7200	1
7201	4
7202	1
7204	2
7205	1
7207	1
7208	1
7209	1
7210	1
7213	1
7215	1
7216	2
7218	1
7219	3
7223	2
7224	1
7225	2
7226	1
7229	3
7232	1
7233	1
7235	2
7236	3
7237	2
7238	1
7241	2
7242	2
7246	1
7247	1
7249	1
7250	1
7251	1
7252	2
7253	2
7255	2
7257	2
7259	2
7260	2
7261	1
7262	1
7264	2
7265	1
7266	2
7267	1
7268	1
7269	3
7271	1
7272	1
7273	2
7274	2
7276	1
7277	1
7278	2
7279	2
7281	1
7282	1
7283	2
7284	2
7285	1
7286	1
7287	2
7288	3
7289	1
7290	1
7291	2
7292	1
7293	1
7294	2
7295	1
7296	1
7297	1
7299	1
7302	2
7303	1
7304	1
7305	1
7306	4
7307	2
7310	1
7311	1
7312	1
7314	1
7315	2
7316	3
7318	2
7323	1
7324	1
7325	3
7327	2
7328	2
7331	2
7332	1
7334	1
7335	2
7337	1
7338	2
7340	3
7341	1
7343	1
7344	2
7347	3
7348	2
7350	3
7351	2
7352	1
7354	1
7355	1
7356	3
7359	1
7361	1
7362	4
7363	2
7364	1
7365	1
7367	2
7368	1
7369	2
7370	1
7371	2
7374	1
7376	1
7377	1
7378	3
7379	1
7380	1
7381	1
7382	1
7383	1
7384	1
7385	1
7387	1
7388	3
7389	2
7390	2
7391	2
7392	1
7393	2
7395	2
7397	1
7398	1
7399	2
7401	2
7402	1
7403	1
7404	2
7405	1
7410	1
7411	1
7412	1
7413	2
7415	4
7416	1
7419	2
7420	2
7421	2
7422	2
7423	2
7425	2
7426	2
7427	1
7428	1
7429	2
7430	1
7435	1
7437	1
7438	1
7440	1
7441	1
7442	1
7443	1
7446	2
7448	2
7450	2
7451	1
7453	1
7454	1
7456	1
7459	3
7460	1
7462	1
7463	1
7464	1
7465	2
7466	1
7467	2
7468	1
7469	2
7470	1
7471	3
7472	3
7473	1
7475	2
7476	1
7479	1
7480	2
7481	3
7482	1
7483	1
7485	2
7486	1
7489	2
7491	1
7492	1
7493	2
7496	1
7497	1
7500	1
7501	1
7503	1
7504	1
7506	1
7507	1
7508	2
7509	1
7510	1
7511	3
7512	2
7515	2
7516	3
7518	2
7520	2
7523	1
7530	1
7531	2
7533	1
7536	3
7538	3
7539	1
7540	1
7541	1
7542	2
7545	2
7546	1
7547	2
7549	1
7550	1
7551	1
7552	2
7553	2
7555	1
7556	1
7557	1
7558	2
7559	3
7563	1
7564	1
7566	2
7568	2
7569	1
7570	1
7572	2
7575	2
7576	1
7577	1
7578	1
7579	1
7580	2
7581	1
7582	1
7583	2
7584	3
7585	1
7587	4
7588	2
7590	1
7591	1
7592	1
7593	1
7595	1
7599	1
7601	2
7602	1
7603	1
7605	3
7606	3
7608	1
7610	1
7612	2
7613	3
7615	3
7616	1
7618	3
7623	1
7625	1
7627	1
7628	1
7630	3
7631	1
7633	1
7635	1
7636	1
7637	1
7638	1
7639	1
7640	1
7642	1
7643	2
7646	2
7653	1
7654	1
7657	2
7658	2
7659	1
7661	1
7662	1
7665	1
7666	2
7667	1
7668	1
7671	1
7675	2
7676	1
7678	3
7679	1
7680	1
7683	1
7684	2
7686	1
7687	1
7688	1
7689	1
7691	1
7693	1
7694	2
7695	6
7696	2
7701	1
7702	1
7703	1
7705	1
7706	1
7707	2
7709	1
7710	3
7713	1
7715	1
7717	1
7719	2
7720	1
7723	1
7724	1
7726	1
7729	1
7731	2
7732	2
7733	1
7734	1
7736	1
7739	1
7740	3
7742	1
7743	1
7748	2
7749	1
7751	1
7752	1
7753	1
7755	1
7758	3
7760	1
7764	1
7765	1
7770	1
7772	2
7775	1
7776	1
7777	1
7778	1
7782	1
7783	2
7784	1
7786	3
7788	3
7789	1
7790	1
7791	3
7793	1
7796	1
7797	3
7798	2
7799	2
7800	1
7801	1
7802	1
7805	2
7806	1
7807	1
7813	1
7814	2
7816	2
7817	1
7819	1
7821	1
7824	1
7827	1
7828	1
7829	2
7830	1
7831	2
7834	1
7836	1
7837	2
7839	2
7840	1
7841	1
7843	1
7844	1
7845	1
7846	2
7847	1
7848	1
7850	1
7851	1
7852	1
7855	1
7858	1
7861	2
7862	1
7866	1
7869	1
7870	1
7871	2
7872	1
7875	3
7876	1
7877	1
7881	2
7882	1
7883	1
7886	1
7887	1
7888	1
7889	1
7890	2
7894	2
7895	1
7899	1
7900	2
7902	2
7903	1
7905	1
7911	1
7912	1
7914	1
7915	2
7920	1
7922	3
7923	1
7925	1
7926	3
7927	1
7929	1
7930	2
7931	2
7938	1
7944	1
7949	2
7952	1
7955	1
7956	1
7957	1
7958	1
7959	2
7962	2
7963	1
7965	1
7966	1
7972	1
7973	1
7974	1
7975	1
7977	2
7978	1
7979	1
7981	1
7982	1
7984	1
7986	1
7988	1
7991	1
7994	1
7997	3
7999	1
8000	1
8002	1
8004	1
8007	1
8008	1
8011	2
8013	1
8019	2
8020	1
8021	2
8022	1
8029	1
8033	2
8037	2
8038	1
8041	1
8042	2
8043	1
8044	1
8048	1
8049	2
8050	1
8053	2
8054	2
8056	2
8059	1
8061	1
8062	1
8068	1
8070	1
8072	3
8073	3
8074	1
8079	1
8082	1
8084	1
8085	1
8087	1
8098	1
8101	1
8102	1
8107	1
8110	1
8111	2
8117	2
8118	1
8124	2
8125	1
8129	2
8131	1
8133	2
8135	2
8141	1
8143	1
8144	1
8145	1
8146	1
8148	1
8149	2
8150	1
8151	1
8154	1
8155	1
8160	1
8164	2
8168	1
8178	1
8179	1
8185	1
8192	2
8197	1
8201	1
8203	3
8204	1
8205	1
8209	1
8210	1
8212	1
8213	2
8216	1
8217	1
8219	1
8220	1
8222	2
8223	1
8224	1
8226	1
8227	1
8228	1
8229	2
8231	2
8233	1
8235	1
8239	1
8241	1
8242	1
8244	1
8245	1
8246	1
8247	1
8248	1
8249	2
8256	1
8257	1
8258	2
8260	1
8262	1
8265	1
8266	1
8267	2
8275	1
8276	1
8277	2
8278	1
8279	2
8285	1
8288	1
8290	1
8291	1
8292	1
8293	1
8294	1
8295	1
8297	2
8299	1
8301	1
8302	3
8306	2
8312	1
8313	1
8314	2
8315	2
8319	1
8324	1
8325	1
8326	1
8327	2
8333	1
8335	1
8336	1
8337	2
8338	2
8340	1
8341	2
8345	1
8346	2
8347	1
8349	1
8351	1
8352	2
8353	1
8354	1
8355	1
8356	1
8359	1
8360	1
8361	1
8364	1
8365	1
8367	1
8368	1
8374	1
8375	1
8376	1
8377	2
8378	2
8380	1
8381	1
8382	1
8386	2
8387	1
8389	1
8390	2
8392	1
8394	2
8396	1
8401	1
8402	1
8405	1
8406	1
8407	1
8410	1
8414	2
8422	1
8427	1
8429	2
8432	1
8434	1
8439	2
8441	1
8443	1
8444	1
8445	1
8448	1
8449	1
8451	1
8452	1
8455	2
8456	1
8457	3
8459	1
8461	1
8462	3
8463	1
8464	1
8466	1
8472	2
8475	1
8478	1
8481	2
8482	1
8483	1
8485	2
8487	1
8490	2
8492	1
8494	1
8498	2
8504	1
8505	1
8507	2
8509	1
8510	2
8511	2
8517	1
8518	1
8520	1
8521	1
8522	1
8526	1
8527	2
8529	2
8531	1
8532	1
8533	1
8537	1
8538	2
8541	1
8542	1
8545	1
8546	1
8553	2
8554	1
8556	3
8558	1
8562	3
8563	2
8565	1
8569	1
8570	1
8575	1
8579	1
8581	2
8583	2
8584	2
8585	1
8588	1
8593	1
8594	1
8597	2
8600	1
8606	1
8607	1
8609	1
8610	1
8613	1
8615	1
8616	2
8618	2
8621	2
8622	1
8625	1
8627	1
8628	1
8629	1
8630	1
8631	1
8635	1
8638	2
8639	1
8642	1
8645	1
8649	2
8658	1
8663	1
8664	1
8667	1
8668	1
8669	1
8672	2
8673	2
8675	1
8678	3
8682	2
8687	1
8688	1
8690	1
8693	1
8695	1
8696	2
8698	1
8699	1
8702	1
8703	1
8704	1
8706	2
8707	1
8708	1
8709	1
8710	1
8714	1
8715	2
8716	2
8720	1
8721	1
8723	1
8725	2
8728	1
8734	1
8737	1
8740	1
8741	1
8742	1
8743	1
8744	1
8746	2
8747	1
8750	2
8752	2
8753	1
8759	1
8761	1
8768	1
8771	2
8772	2
8775	1
8776	3
8777	1
8779	1
8780	2
8782	1
8788	1
8791	1
8794	1
8798	1
8800	1
8806	1
8807	1
8808	2
8814	1
8816	1
8821	1
8825	1
8826	1
8830	1
8831	1
8834	1
8836	1
8838	1
8840	1
8843	1
8845	1
8848	1
8851	1
8852	1
8854	2
8858	1
8860	2
8864	3
8865	1
8867	2
8868	1
8869	1
8871	2
8872	1
8878	1
8880	2
8883	1
8884	1
8885	2
8887	1
8890	1
8892	1
8895	1
8896	1
8898	1
8899	1
8901	1
8902	1
8904	1
8906	1
8910	2
8916	1
8918	1
8923	1
8927	1
8928	2
8929	1
8930	1
8934	2
8936	1
8942	2
8944	2
8946	1
8950	1
8953	1
8954	1
8963	1
8965	1
8967	2
8968	1
8969	1
8970	2
8972	1
8974	2
8975	1
8977	1
8978	1
8979	1
8982	2
8984	1
8987	1
8988	1
8989	1
8990	2
8991	2
8995	1
8996	1
8998	1
9012	1
9013	2
9016	1
9018	3
9019	1
9022	1
9023	1
9024	1
9026	1
9027	1
9028	1
9030	1
9031	1
9033	3
9037	1
9038	1
9040	1
9046	1
9052	1
9055	1
9057	1
9061	1
9063	1
9065	1
9080	2
9082	1
9085	1
9090	1
9091	1
9092	2
9098	1
9102	1
9104	1
9109	1
9116	1
9117	2
9120	1
9122	1
9123	1
9126	1
9127	1
9129	1
9136	1
9139	1
9143	1
9145	1
9146	1
9147	1
9149	1
9150	1
9155	1
9157	1
9158	1
9160	1
9165	1
9169	1
9171	2
9175	1
9178	2
9181	1
9185	1
9187	1
9188	1
9189	1
9191	1
9193	1
9195	1
9198	1
9199	1
9202	1
9203	2
9204	1
9205	1
9208	1
9209	1
9211	1
9226	1
9228	1
9232	1
9233	1
9235	2
9236	1
9240	2
9248	1
9252	1
9254	1
9255	1
9257	1
9258	1
9262	1
9265	1
9268	1
9271	1
9274	1
9277	1
9279	2
9280	1
9281	1
9284	1
9291	1
9292	1
9294	2
9295	1
9301	1
9302	1
9303	1
9310	1
9319	1
9323	1
9325	1
9327	1
9330	1
9332	2
9335	1
9336	2
9339	1
9341	1
9342	2
9348	1
9351	1
9355	1
9358	1
9362	3
9364	1
9365	2
9368	1
9369	1
9371	1
9372	2
9376	1
9378	2
9383	2
9384	1
9391	1
9393	1
9394	1
9396	3
9399	2
9400	1
9405	1
9410	1
9411	1
9415	2
9416	1
9420	1
9423	2
9424	1
9431	1
9434	2
9436	1
9437	1
9446	1
9448	1
9452	1
9454	1
9456	1
9458	1
9459	1
9461	2
9463	1
9465	1
9470	1
9471	2
9474	1
9479	2
9480	1
9481	1
9487	1
9491	1
9496	1
9499	1
9501	1
9502	1
9514	1
9515	1
9517	1
9520	2
9522	1
9524	2
9529	2
9532	1
9533	1
9536	1
9552	1
9554	1
9558	1
9571	1
9575	1
9580	1
9583	1
9588	1
9593	1
9595	1
9599	2
9600	1
9607	1
9610	2
9612	2
9616	2
9617	1
9620	1
9625	1
9629	1
9632	1
9635	2
9636	1
9639	2
9647	1
9649	1
9652	1
9654	1
9655	1
9657	1
9659	2
9661	1
9663	1
9664	1
9667	1
9670	1
9671	1
9673	1
9676	1
9686	1
9690	1
9691	2
9693	1
9695	1
9696	1
9698	2
9700	1
9704	1
9708	1
9709	2
9710	2
9713	1
9715	2
9722	1
9723	1
9724	1
9729	2
9730	1
9733	2
9736	1
9737	1
9738	1
9742	1
9743	1
9746	1
9748	1
9749	2
9756	1
9760	1
9761	1
9764	1
9768	1
9772	1
9773	2
9776	1
9781	1
9783	1
9785	1
9787	2
9788	1
9798	1
9803	1
9805	1
9809	1
9814	1
9817	1
9832	1
9833	1
9834	1
9839	2
9848	2
9850	2
9851	1
9854	1
9859	1
9861	1
9862	1
9865	1
9866	1
9867	1
9868	1
9874	1
9875	1
9878	2
9882	1
9896	2
9897	2
9902	1
9903	1
9906	1
9908	1
9909	1
9913	2
9915	1
9922	2
9926	1
9927	1
9929	1
9930	1
9932	1
9937	1
9941	2
9946	1
9947	2
9950	1
9960	1
9963	1
9971	2
9972	1
9979	1
9981	1
9982	1
9986	1
9991	2
9993	2
9997	1
9999	2
10001	1
10003	1
10009	2
10010	1
10015	1
10017	1
10024	2
10029	1
10033	2
10034	1
10037	1
10038	1
10042	1
10044	1
10045	1
10052	1
10054	2
10057	1
10065	2
10066	1
10069	1
10075	1
10080	1
10084	1
10090	1
10095	1
10096	2
10099	1
10106	2
10110	1
10121	1
10123	1
10124	1
10130	1
10134	1
10139	1
10142	2
10143	2
10153	1
10154	1
10155	1
10159	1
10160	1
10161	1
10165	1
10166	1
10171	1
10176	1
10184	2
10192	1
10195	1
10198	1
10201	1
10206	2
10207	1
10212	1
10214	1
10224	2
10226	1
10227	1
10233	1
10235	1
10244	2
10252	1
10253	1
10255	1
10259	1
10267	1
10269	1
10271	1
10281	1
10282	1
10284	1
10285	1
10286	1
10287	1
10288	1
10289	2
10294	1
10299	2
10300	1
10301	1
10305	1
10308	1
10309	1
10311	2
10312	2
10320	1
10323	2
10327	1
10330	1
10339	1
10340	1
10341	1
10343	2
10358	1
10362	1
10363	1
10375	2
10376	1
10383	1
10389	1
10394	1
10407	1
10411	3
10415	2
10416	1
10436	1
10439	1
10443	1
10445	1
10446	2
10448	1
10450	1
10456	1
10457	1
10458	1
10461	1
10462	1
10464	2
10467	1
10469	1
10475	1
10481	1
10487	1
10492	1
10495	1
10500	1
10501	3
10502	1
10511	1
10519	1
10521	1
10523	1
10524	1
10525	1
10527	1
10533	1
10534	3
10569	1
10576	1
10583	1
10585	1
10597	1
10598	1
10599	2
10601	1
10602	1
10606	1
10608	1
10615	1
10616	1
10617	1
10618	1
10619	2
10621	1
10627	1
10629	1
10632	1
10636	1
10637	1
10639	1
10649	1
10655	1
10656	1
10659	1
10661	1
10668	1
10674	1
10682	1
10690	1
10691	1
10696	1
10698	1
10699	1
10705	1
10714	1
10716	1
10717	1
10720	2
10721	1
10722	1
10725	1
10728	1
10738	1
10754	1
10756	1
10763	1
10765	1
10772	1
10773	1
10779	2
10782	1
10793	1
10794	1
10803	2
10813	1
10821	1
10823	1
10830	1
10838	2
10845	1
10848	1
10851	1
10855	1
10860	1
10861	1
10864	1
10865	1
10868	1
10869	1
10873	1
10879	2
10883	1
10887	1
10904	1
10909	1
10912	1
10916	1
10917	1
10928	1
10938	1
10945	1
10946	1
10948	1
10950	1
10954	1
10957	1
10959	1
10961	1
10965	1
10977	1
10981	1
10983	1
10988	1
10993	1
10996	1
10997	1
10998	1
11006	2
11008	1
11013	1
11023	1
11036	1
11039	1
11042	1
11045	1
11046	1
11049	1
11055	1
11057	1
11069	1
11071	1
11074	1
11078	1
11086	1
11089	1
11093	1
11104	1
11105	1
11106	1
11107	1
11112	1
11116	1
11121	1
11122	1
11128	1
11134	1
11143	1
11146	1
11150	1
11159	1
11164	2
11178	1
11194	1
11202	1
11203	2
11207	1
11209	3
11210	1
11212	1
11220	1
11221	1
11225	1
11232	2
11242	1
11245	2
11251	1
11259	1
11271	1
11276	1
11277	1
11279	1
11283	1
11292	1
11301	1
11302	1
11323	1
11327	1
11328	1
11330	1
11332	1
11334	1
11337	1
11339	1
11344	1
11345	1
11348	1
11350	1
11352	1
11367	1
11369	1
11370	1
11377	1
11379	1
11380	1
11387	1
11408	1
11414	1
11425	1
11428	1
11441	1
11444	1
11446	1
11461	1
11463	1
11472	1
11477	1
11496	1
11500	2
11509	1
11511	1
11527	2
11535	1
11545	3
11546	1
11550	1
11558	2
11564	1
11566	1
11569	1
11571	1
11572	1
11584	1
11586	1
11591	1
11593	2
11603	1
11606	1
11607	1
11615	1
11617	1
11618	1
11620	1
11623	1
11639	2
11652	1
11658	1
11664	1
11666	1
11667	1
11668	2
11673	2
11674	1
11675	1
11678	1
11679	1
11683	1
11688	1
11694	1
11708	1
11719	1
11723	1
11733	1
11735	1
11744	1
11748	1
11752	1
11759	1
11761	1
11763	1
11772	1
11773	1
11784	1
11785	1
11789	2
11803	2
11811	2
11819	1
11831	1
11851	1
11854	1
11870	1
11871	1
11878	1
11884	1
11899	1
11901	1
11902	1
11924	1
11927	1
11937	1
11942	1
11950	1
11955	1
11957	1
11963	1
11966	1
11984	1
11997	1
12006	1
12007	1
12009	1
12016	1
12020	1
12045	1
12049	1
12052	1
12059	1
12084	1
12087	1
12093	1
12117	1
12136	1
12140	1
12150	1
12154	1
12155	1
12158	1
12181	1
12182	1
12224	1
12243	1
12246	1
12249	1
12253	1
12254	1
12256	1
12259	1
12262	1
12279	1
12285	1
12295	1
12299	1
12300	1
12302	1
12312	1
12313	1
12328	1
12353	1
12384	1
12386	1
12393	1
12409	1
12415	1
12420	1
12424	1
12430	1
12443	1
12447	1
12452	1
12464	1
12466	1
12468	1
12482	1
12484	1
12486	1
12494	1
12510	1
12532	1
12549	1
12560	1
12585	1
12587	1
12606	1
12609	1
12615	1
12619	1
12630	1
12645	1
12653	1
12654	1
12662	1
12663	1
12665	1
12669	1
12680	1
12700	2
12717	2
12720	1
12761	1
12765	1
12767	1
12770	1
12771	1
12787	1
12788	1
12797	1
12799	1
12829	1
12853	1
12866	1
12891	1
12893	1
12895	1
12897	1
12902	1
12908	1
12918	2
12924	1
12934	1
12941	1
12950	1
12966	1
12984	1
12987	1
12988	1
12997	1
13008	1
13010	1
13019	1
13022	1
13024	1
13032	1
13044	1
13048	1
13049	1
13060	1
13067	1
13088	1
13101	1
13105	1
13106	1
13140	1
13145	1
13159	1
13164	1
13205	1
13222	1
13269	1
13280	1
13283	1
13285	1
13290	1
13297	1
13307	1
13311	1
13314	1
13369	1
13385	1
13396	1
13399	1
13418	1
13420	1
13439	1
13472	1
13475	1
13497	1
13506	1
13510	1
13516	1
13525	1
13543	1
13554	1
13562	1
13599	1
13605	1
13637	1
13680	1
13685	1
13690	1
13695	1
13706	1
13712	1
13732	1
13741	1
13751	1
13754	1
13760	1
13771	1
13772	1
13784	1
13792	1
13795	1
13799	1
13806	1
13838	2
13850	1
13858	1
13864	1
13877	1
13880	1
13893	1
13902	1
13948	1
13980	1
13991	1
14009	1
14012	1
14028	1
14031	1
14044	1
14075	1
14088	1
14109	1
14113	1
14121	1
14128	1
14147	1
14183	1
14198	1
14220	1
14275	1
14294	1
14326	1
14330	1
14350	1
14355	1
14385	1
14408	1
14421	1
14438	1
14458	1
14500	1
14510	1
14525	1
14529	1
14537	1
14542	1
14617	1
14641	1
14647	1
14659	1
14677	1
14679	1
14688	1
14726	1
14729	1
14747	1
14755	1
14763	1
14768	1
14780	2
14781	1
14829	1
14881	1
14916	1
14952	1
14964	2
14966	1
14968	1
15019	1
15045	1
15056	1
15096	1
15109	1
15113	1
15119	1
15126	1
15152	1
15167	1
15178	1
15201	1
15211	1
15238	1
15254	1
15257	1
15405	1
15441	1
15447	1
15484	1
15515	1
15528	1
15676	1
15750	1
15800	1
15813	1
15815	1
15823	1
15834	1
15867	1
15869	1
15955	1
16010	1
16014	1
16018	2
16031	1
16060	1
16081	1
16094	1
16131	1
16139	1
16183	1
16216	1
16235	1
16400	1
16512	1
16564	1
16581	1
16653	1
16656	1
16756	1
16777	1
16873	1
16945	1
16975	1
17027	1
17139	1
17176	1
17347	1
17375	1
17412	1
17438	1
17464	1
17551	1
17663	1
17792	1
17851	1
17857	1
17904	1
17930	1
17937	1
18048	1
18148	1
18181	1
18245	1
18305	1
18306	1
18335	1
18341	1
18393	1
18398	1
18426	1
18467	1
18507	1
18563	1
18701	1
18702	1
18824	1
18837	1
18951	1
19010	1
19058	1
19103	1
19146	1
19188	1
19419	1
19435	1
19451	1
19503	1
19588	1
19597	1
19850	1
19855	1
19911	1
19989	1
20070	1
20452	1
20453	1
20493	1
20721	1
20766	1
20801	1
20809	1
20960	1
21233	1
21254	1
21363	1
21577	1
21761	1
21839	1
22009	1
22487	1
22557	1
23134	1
23245	1
23318	1
23365	1
23491	1
23577	1
23642	1
23656	1
24021	1
24038	1
24066	1
24149	1
24337	1
24602	1
24785	1
24797	1
26259	1
26786	1
27094	1
27213	1
27361	1
28000	1
28951	1
29493	1
30136	1
31098	1
31395	1
31901	1
32306	1
33957	1
34012	1
34592	1
35916	1
40634	1
40815	1
40963	1
41895	1
44895	1
45191	1
50196	1
52924	1
52939	1
55076	1
55853	1
57366	1
57704	1
58277	1
58613	1
60267	1
61939	1
65825	1
111795	1
145710	1
3004150	1
