fragment_length	frequency
80	17
82	7
83	5
84	5
85	2
86	1
87	1
88	2
89	2
90	4
91	5
92	5
93	2
94	3
95	2
96	1
97	1
99	3
100	1
101	3
102	3
103	2
104	1
106	2
107	6
108	2
109	2
110	6
111	3
112	1
115	1
116	1
117	4
118	1
119	1
120	2
121	1
123	2
124	2
125	1
127	5
129	3
131	1
133	1
134	2
135	1
138	2
141	1
142	2
143	1
144	1
145	2
146	3
147	2
148	2
149	1
152	1
155	2
156	1
158	1
159	2
160	1
162	1
163	2
164	1
165	1
167	1
168	2
169	1
170	1
171	5
172	1
174	1
176	1
178	2
179	7
180	1
182	1
183	2
185	2
186	3
187	1
190	1
191	1
193	1
194	2
197	2
198	2
199	1
200	1
201	1
202	2
204	3
205	2
206	1
207	1
208	3
209	3
211	1
212	1
214	1
217	1
219	5
222	1
223	2
224	2
230	2
231	1
233	1
234	2
235	3
236	1
237	1
239	1
240	1
244	1
245	1
247	1
249	2
250	1
251	1
252	2
253	1
254	2
256	2
257	1
260	1
261	1
262	3
263	2
264	1
266	2
267	1
269	3
270	1
271	1
273	1
274	1
277	2
278	2
286	2
287	1
288	1
289	2
290	2
293	2
294	1
295	1
296	1
302	2
305	2
306	2
307	1
308	2
310	1
312	2
314	3
316	1
317	2
320	1
322	2
323	1
325	1
326	1
327	1
328	1
329	1
330	2
331	1
332	1
333	4
335	1
337	3
338	1
339	3
341	1
345	1
346	1
347	1
349	1
350	3
351	2
352	3
354	1
355	2
356	1
358	1
360	1
361	2
363	4
364	1
367	1
368	1
370	1
372	1
374	3
375	1
377	2
378	1
379	1
380	1
381	1
382	1
385	1
388	1
389	1
391	1
392	2
394	1
395	2
398	2
399	1
406	1
413	1
415	1
416	1
419	1
423	1
424	1
427	1
430	3
433	1
435	5
436	1
437	1
439	1
443	1
447	1
458	1
459	1
464	1
465	1
466	1
467	2
469	1
471	1
472	2
473	1
476	1
477	1
481	2
482	2
483	2
489	1
491	1
492	2
494	1
497	2
499	2
503	1
505	1
520	1
521	2
522	1
527	1
530	1
534	3
538	2
540	1
541	1
545	1
548	1
551	1
552	1
558	1
563	1
564	1
566	2
569	1
572	1
573	2
574	1
576	2
581	3
582	1
583	1
587	1
588	2
590	1
594	2
599	1
606	1
610	1
613	1
614	1
615	1
618	1
621	1
625	1
630	2
632	1
633	3
638	2
639	1
641	1
649	1
655	2
656	1
657	1
659	1
660	1
664	1
668	1
669	1
670	1
674	2
679	1
680	1
683	2
687	1
688	1
689	1
690	1
691	2
695	1
696	2
704	1
707	1
708	2
712	1
716	1
718	1
722	1
725	1
726	1
727	1
728	1
729	1
732	1
737	1
740	2
752	2
753	1
760	2
761	1
765	2
766	1
767	2
769	1
775	1
777	1
778	1
779	1
788	1
789	2
790	1
792	1
799	1
801	1
802	1
804	1
808	1
810	2
811	1
812	1
813	3
814	2
819	1
820	1
825	1
832	2
834	1
836	1
838	2
843	3
849	1
852	1
856	1
859	1
860	1
863	1
868	1
875	1
876	1
878	1
883	1
886	2
887	1
890	1
894	1
895	1
897	1
900	1
902	1
903	1
904	1
910	2
911	1
913	2
914	1
918	1
919	2
921	1
922	1
925	1
928	1
929	1
930	2
931	1
933	1
934	1
936	1
940	1
941	1
944	1
946	2
948	1
953	1
954	1
955	1
961	1
962	1
970	1
971	1
975	1
976	2
981	2
983	1
986	1
987	1
993	2
996	1
999	1
1003	1
1008	1
1011	2
1012	2
1013	1
1015	1
1018	1
1019	1
1022	1
1024	1
1026	2
1028	1
1030	1
1031	1
1033	1
1046	1
1051	1
1054	1
1057	1
1058	1
1064	1
1067	1
1077	1
1079	1
1080	1
1081	2
1087	1
1090	1
1091	1
1092	1
1097	2
1105	1
1106	1
1109	3
1114	1
1117	1
1120	1
1124	1
1131	1
1132	1
1133	2
1134	1
1138	1
1139	1
1152	1
1153	1
1154	1
1157	1
1159	1
1160	1
1176	1
1178	1
1179	1
1185	1
1187	1
1190	1
1193	1
1195	1
1199	1
1204	1
1212	1
1223	1
1234	1
1237	1
1241	1
1243	1
1244	2
1248	1
1250	2
1252	1
1255	1
1260	1
1264	1
1265	1
1266	1
1272	1
1280	1
1288	1
1296	1
1298	1
1305	1
1307	2
1308	1
1312	2
1314	1
1315	1
1321	1
1326	1
1327	1
1329	2
1334	1
1335	2
1337	1
1339	1
1343	3
1344	1
1348	1
1355	1
1356	1
1357	1
1361	1
1365	1
1377	2
1382	1
1383	1
1384	1
1385	1
1396	1
1398	1
1400	1
1401	1
1402	1
1403	1
1408	1
1410	1
1414	1
1417	1
1421	1
1422	1
1426	1
1427	1
1428	1
1436	1
1439	1
1441	1
1448	1
1451	2
1455	1
1458	1
1462	1
1466	1
1471	1
1472	2
1474	1
1476	1
1484	1
1489	1
1490	2
1491	1
1495	1
1497	1
1499	1
1503	1
1504	1
1505	1
1509	1
1513	1
1514	1
1521	1
1522	1
1529	1
1537	2
1538	1
1545	1
1547	1
1548	1
1553	1
1555	1
1557	2
1558	1
1569	1
1574	1
1575	1
1578	1
1582	1
1583	1
1584	1
1587	1
1593	1
1595	1
1596	1
1605	1
1606	2
1610	1
1613	1
1617	2
1620	1
1629	1
1630	1
1634	1
1636	1
1637	1
1638	1
1640	1
1651	1
1652	1
1653	1
1655	1
1656	1
1657	1
1659	1
1662	1
1673	2
1676	1
1677	1
1687	1
1689	1
1690	1
1693	1
1696	1
1703	1
1707	1
1708	1
1710	2
1711	1
1714	1
1721	1
1722	1
1723	1
1725	1
1728	1
1729	1
1742	2
1743	1
1755	1
1756	1
1758	1
1759	1
1763	1
1764	1
1767	1
1769	1
1773	1
1783	1
1785	1
1792	1
1813	1
1814	1
1820	1
1823	2
1824	1
1826	1
1829	1
1830	1
1831	1
1837	1
1842	1
1844	1
1854	1
1855	1
1856	1
1857	1
1858	1
1859	1
1863	1
1864	1
1865	2
1870	1
1871	1
1874	1
1876	1
1880	1
1886	1
1887	2
1889	1
1892	2
1893	1
1902	1
1904	1
1909	1
1910	1
1914	1
1920	1
1921	1
1924	1
1928	1
1930	1
1931	2
1932	1
1935	1
1936	1
1938	1
1942	1
1943	1
1944	1
1946	1
1948	1
1949	1
1952	1
1954	1
1964	1
1966	1
1969	1
1975	1
1977	1
1990	1
1993	1
2008	1
2013	1
2020	1
2021	1
2024	1
2030	2
2033	1
2052	1
2053	1
2059	1
2069	1
2072	1
2075	1
2078	2
2083	1
2084	1
2091	1
2096	1
2097	1
2099	3
2106	1
2110	1
2116	1
2119	1
2124	1
2126	1
2127	1
2128	1
2134	1
2138	2
2140	1
2144	1
2158	2
2176	1
2190	1
2196	1
2199	1
2215	1
2223	1
2230	1
2235	1
2238	1
2242	1
2249	1
2253	1
2271	1
2272	1
2282	1
2285	1
2288	1
2301	1
2302	1
2309	1
2313	2
2319	1
2324	1
2329	1
2331	1
2332	1
2333	1
2339	1
2340	1
2343	1
2344	1
2346	1
2347	2
2354	1
2355	1
2356	1
2365	1
2367	1
2370	1
2374	1
2377	1
2378	1
2380	1
2381	1
2383	1
2384	1
2388	1
2394	2
2399	1
2404	1
2409	1
2412	2
2414	1
2415	1
2417	1
2436	1
2448	1
2457	1
2459	1
2460	1
2469	1
2474	1
2476	1
2485	2
2486	1
2488	1
2493	1
2495	1
2496	1
2498	2
2501	2
2506	1
2507	1
2512	1
2540	1
2546	2
2548	1
2553	1
2565	1
2573	1
2575	1
2579	1
2580	1
2582	1
2583	1
2592	3
2606	1
2608	1
2609	3
2615	1
2619	1
2623	1
2626	2
2627	1
2630	1
2632	1
2634	1
2636	1
2638	1
2639	1
2640	2
2642	1
2643	1
2644	1
2645	1
2648	1
2657	1
2668	2
2669	1
2676	1
2678	1
2681	1
2682	1
2684	1
2687	1
2691	1
2695	1
2705	1
2712	1
2717	1
2733	1
2735	1
2736	1
2755	1
2759	1
2766	1
2773	1
2782	1
2784	1
2794	1
2798	1
2801	1
2806	2
2807	1
2811	1
2813	1
2841	1
2846	1
2849	1
2864	1
2870	1
2879	1
2881	1
2882	1
2884	1
2886	1
2897	1
2903	1
2914	1
2922	1
2925	2
2927	1
2935	1
2937	1
2968	1
2973	1
2974	2
2986	1
2988	1
2990	1
3005	1
3008	1
3009	1
3018	1
3027	1
3028	1
3032	1
3038	1
3039	1
3040	1
3042	1
3047	1
3049	1
3053	1
3059	1
3060	1
3062	1
3068	1
3070	2
3071	1
3085	1
3091	1
3098	1
3104	1
3106	1
3110	1
3113	1
3115	1
3130	1
3144	1
3147	1
3154	1
3156	2
3159	1
3162	1
3166	1
3167	1
3171	1
3179	1
3187	1
3201	1
3202	1
3205	1
3207	1
3218	1
3225	1
3229	1
3233	1
3249	1
3253	1
3254	1
3261	1
3265	1
3271	1
3286	1
3289	1
3291	1
3302	2
3307	2
3312	1
3324	1
3326	1
3328	1
3341	1
3364	1
3368	1
3389	1
3391	1
3405	1
3408	1
3410	1
3417	1
3435	1
3439	1
3456	1
3458	1
3468	1
3470	2
3473	1
3490	1
3496	1
3497	1
3502	1
3505	1
3508	1
3516	1
3518	1
3532	1
3538	1
3540	1
3545	1
3553	1
3571	1
3573	1
3574	1
3575	1
3578	1
3581	1
3583	1
3587	1
3594	1
3613	1
3618	1
3642	1
3647	1
3651	1
3655	1
3657	1
3665	1
3674	1
3691	1
3701	1
3704	1
3707	1
3724	2
3775	1
3777	1
3798	1
3801	1
3814	2
3825	1
3831	1
3832	1
3835	1
3840	1
3841	1
3849	1
3852	1
3854	1
3888	1
3901	1
3904	1
3913	1
3933	1
3939	1
3953	1
3955	1
3996	2
4008	1
4015	1
4016	1
4023	1
4033	1
4036	1
4037	1
4052	1
4059	1
4063	1
4069	1
4084	1
4119	1
4121	1
4128	1
4148	1
4165	1
4167	1
4178	1
4180	1
4182	1
4187	1
4192	1
4210	1
4215	1
4219	1
4235	1
4237	1
4241	1
4256	1
4267	1
4290	1
4305	1
4308	1
4333	1
4342	1
4344	1
4371	1
4376	1
4377	1
4383	1
4385	1
4404	1
4423	1
4436	1
4470	1
4479	1
4480	2
4488	1
4490	1
4506	1
4507	1
4508	1
4518	1
4535	1
4539	1
4564	1
4565	1
4570	1
4575	1
4576	1
4581	1
4585	1
4587	1
4589	1
4611	1
4629	1
4636	1
4658	1
4676	1
4678	1
4710	1
4714	1
4743	1
4745	2
4763	1
4764	1
4777	1
4780	1
4790	1
4798	1
4800	1
4801	1
4813	1
4816	1
4823	1
4837	2
4842	1
4847	1
4895	1
4910	1
4927	1
4929	1
4932	1
4941	1
4949	1
4952	1
4957	1
4962	1
4973	1
4980	2
4988	1
5004	1
5005	1
5013	1
5016	1
5045	1
5055	1
5060	1
5066	1
5087	1
5093	1
5094	1
5096	1
5099	1
5133	1
5161	1
5211	1
5237	1
5279	1
5304	1
5305	1
5309	1
5312	1
5317	1
5318	1
5326	1
5356	3
5366	1
5368	1
5392	1
5401	1
5415	1
5434	1
5443	1
5459	1
5463	1
5482	1
5504	1
5511	1
5541	1
5558	1
5563	1
5594	1
5630	1
5632	1
5654	1
5692	1
5714	1
5745	1
5774	1
5788	2
5789	1
5794	1
5798	1
5820	1
5830	1
5871	1
5914	1
5949	1
5953	1
5970	1
5980	1
5997	1
6013	1
6016	1
6029	1
6058	1
6069	1
6112	1
6139	1
6165	1
6167	1
6289	1
6352	1
6376	1
6381	1
6391	1
6406	1
6437	1
6485	1
6501	1
6532	1
6537	1
6551	1
6557	1
6561	1
6568	1
6575	1
6626	1
6643	1
6649	1
6662	1
6720	1
6765	1
6789	1
6802	1
6804	1
6815	1
6820	1
6848	1
6852	1
6853	1
6864	1
6868	1
6875	1
6891	1
6913	1
6948	1
6955	1
6982	1
6990	1
7022	1
7095	1
7129	1
7182	1
7213	1
7307	1
7327	1
7397	1
7405	1
7435	1
7452	1
7497	1
7522	1
7553	1
7557	1
7590	1
7636	1
7651	1
7676	1
7689	1
7725	1
7738	1
7773	1
7817	1
7857	1
7940	1
7955	1
8009	1
8010	1
8032	1
8047	1
8072	1
8104	1
8166	1
8195	1
8282	1
8343	1
8437	1
8447	1
8553	1
8576	1
8581	1
8612	1
8633	1
8752	1
8763	1
8848	1
8897	1
8967	1
8982	2
9027	1
9035	1
9045	1
9051	1
9106	1
9156	1
9199	1
9270	1
9287	1
9338	1
9346	1
9361	1
9373	1
9401	1
9644	1
9706	1
9725	1
9772	1
9851	1
10006	1
10007	1
10027	1
10040	1
10114	1
10119	1
10123	1
10162	1
10193	1
10210	1
10237	1
10242	1
10290	1
10346	1
10400	1
10499	1
10614	1
10674	1
10731	1
10839	1
10876	1
10934	1
10983	2
11009	1
11028	1
11142	1
11182	1
11322	1
11353	1
11394	1
11430	1
11450	1
11492	1
11593	1
11663	1
11675	1
11724	1
12280	1
12429	1
12474	1
12550	1
13175	1
13244	1
13276	1
13659	1
13826	1
13864	1
14156	1
14357	1
14383	1
14420	1
14548	1
14717	1
14742	1
14980	1
15947	1
16109	1
16657	1
18606	1
19008	1
19173	1
19750	1
20146	1
21467	1
23579	1
24586	1
