fragment_length	frequency
80	1525
82	271
83	236
84	144
85	168
86	166
87	141
88	181
89	152
90	126
91	128
92	126
93	97
94	128
95	255
96	106
97	135
98	96
99	85
100	92
101	95
102	96
103	91
104	72
105	77
106	99
107	220
108	70
109	83
110	68
111	72
112	71
113	79
114	76
115	90
116	147
117	245
118	66
119	84
120	80
121	66
122	81
123	76
124	80
125	74
126	81
127	110
128	72
129	73
130	75
131	56
132	76
133	63
134	92
135	108
136	79
137	56
138	71
139	62
140	62
141	66
142	72
143	68
144	56
145	67
146	74
147	52
148	78
149	59
150	57
151	71
152	83
153	61
154	60
155	71
156	61
157	64
158	52
159	63
160	61
161	56
162	59
163	54
164	57
165	55
166	58
167	94
168	67
169	62
170	68
171	143
172	76
173	69
174	104
175	63
176	82
177	68
178	66
179	75
180	56
181	70
182	65
183	59
184	61
185	90
186	102
187	54
188	58
189	57
190	69
191	69
192	54
193	58
194	68
195	49
196	62
197	43
198	55
199	57
200	80
201	85
202	62
203	58
204	60
205	60
206	65
207	52
208	67
209	56
210	56
211	67
212	61
213	70
214	51
215	75
216	75
217	61
218	39
219	74
220	51
221	59
222	49
223	56
224	47
225	61
226	75
227	55
228	64
229	62
230	54
231	69
232	58
233	65
234	55
235	74
236	72
237	68
238	59
239	71
240	97
241	83
242	72
243	97
244	75
245	87
246	88
247	79
248	61
249	84
250	98
251	106
252	156
253	84
254	72
255	55
256	54
257	55
258	55
259	49
260	60
261	54
262	52
263	55
264	45
265	52
266	118
267	49
268	45
269	61
270	63
271	43
272	54
273	58
274	48
275	58
276	47
277	34
278	57
279	42
280	59
281	48
282	41
283	56
284	52
285	50
286	56
287	53
288	38
289	59
290	48
291	51
292	47
293	66
294	68
295	57
296	56
297	46
298	46
299	62
300	61
301	50
302	43
303	50
304	63
305	50
306	52
307	57
308	52
309	42
310	47
311	43
312	42
313	58
314	49
315	55
316	51
317	43
318	50
319	60
320	49
321	60
322	42
323	45
324	46
325	49
326	36
327	56
328	60
329	60
330	42
331	38
332	41
333	50
334	48
335	43
336	54
337	38
338	53
339	60
340	42
341	35
342	44
343	46
344	53
345	42
346	48
347	62
348	58
349	47
350	44
351	51
352	59
353	61
354	57
355	49
356	32
357	48
358	32
359	38
360	40
361	48
362	42
363	51
364	48
365	48
366	35
367	49
368	45
369	42
370	46
371	40
372	34
373	50
374	55
375	51
376	46
377	56
378	40
379	45
380	38
381	43
382	60
383	45
384	45
385	56
386	46
387	45
388	42
389	44
390	35
391	60
392	37
393	44
394	38
395	52
396	54
397	54
398	45
399	54
400	42
401	57
402	34
403	54
404	41
405	47
406	53
407	50
408	36
409	32
410	46
411	43
412	58
413	45
414	44
415	58
416	59
417	36
418	40
419	38
420	37
421	49
422	44
423	40
424	46
425	36
426	53
427	34
428	43
429	52
430	52
431	38
432	46
433	43
434	56
435	79
436	54
437	40
438	37
439	43
440	43
441	40
442	39
443	39
444	42
445	46
446	46
447	35
448	47
449	36
450	52
451	43
452	41
453	37
454	39
455	37
456	55
457	52
458	49
459	51
460	40
461	42
462	51
463	31
464	38
465	36
466	34
467	38
468	43
469	39
470	36
471	42
472	39
473	56
474	43
475	33
476	44
477	48
478	46
479	49
480	26
481	36
482	44
483	50
484	31
485	35
486	43
487	48
488	41
489	45
490	30
491	44
492	42
493	33
494	44
495	51
496	43
497	45
498	43
499	51
500	44
501	45
502	46
503	40
504	48
505	59
506	38
507	41
508	39
509	37
510	43
511	42
512	51
513	49
514	56
515	36
516	43
517	47
518	39
519	47
520	49
521	40
522	45
523	44
524	50
525	43
526	44
527	48
528	46
529	43
530	37
531	42
532	37
533	39
534	47
535	41
536	40
537	40
538	38
539	45
540	33
541	36
542	45
543	38
544	39
545	34
546	43
547	31
548	47
549	40
550	44
551	49
552	38
553	32
554	34
555	39
556	40
557	33
558	38
559	43
560	46
561	31
562	39
563	45
564	30
565	35
566	32
567	35
568	44
569	38
570	44
571	35
572	43
573	33
574	38
575	38
576	45
577	30
578	30
579	41
580	38
581	35
582	49
583	39
584	40
585	30
586	42
587	37
588	32
589	29
590	45
591	52
592	32
593	42
594	37
595	47
596	45
597	40
598	50
599	36
600	37
601	39
602	44
603	33
604	34
605	38
606	39
607	41
608	35
609	38
610	32
611	30
612	35
613	39
614	41
615	33
616	52
617	33
618	28
619	46
620	56
621	43
622	31
623	37
624	48
625	41
626	31
627	32
628	36
629	37
630	30
631	45
632	34
633	36
634	31
635	43
636	47
637	35
638	41
639	38
640	49
641	34
642	49
643	31
644	35
645	30
646	42
647	35
648	36
649	29
650	31
651	34
652	35
653	35
654	36
655	35
656	37
657	27
658	42
659	40
660	22
661	37
662	42
663	33
664	33
665	42
666	31
667	48
668	51
669	29
670	32
671	42
672	37
673	43
674	30
675	43
676	37
677	24
678	37
679	46
680	37
681	43
682	37
683	36
684	42
685	46
686	38
687	36
688	33
689	47
690	37
691	39
692	28
693	36
694	48
695	46
696	39
697	33
698	32
699	35
700	34
701	40
702	39
703	25
704	30
705	53
706	30
707	51
708	33
709	33
710	38
711	32
712	32
713	44
714	37
715	27
716	29
717	34
718	39
719	42
720	33
721	36
722	32
723	38
724	28
725	34
726	36
727	32
728	33
729	34
730	39
731	37
732	34
733	34
734	45
735	36
736	34
737	37
738	29
739	41
740	21
741	33
742	39
743	29
744	35
745	36
746	35
747	26
748	29
749	32
750	35
751	46
752	38
753	34
754	40
755	36
756	38
757	43
758	29
759	37
760	43
761	33
762	39
763	47
764	32
765	36
766	37
767	42
768	45
769	32
770	34
771	28
772	31
773	30
774	37
775	33
776	30
777	36
778	24
779	38
780	37
781	36
782	44
783	37
784	29
785	43
786	34
787	27
788	24
789	45
790	40
791	42
792	28
793	44
794	29
795	36
796	36
797	35
798	33
799	34
800	29
801	27
802	39
803	31
804	33
805	27
806	26
807	38
808	45
809	34
810	41
811	32
812	26
813	35
814	26
815	23
816	32
817	26
818	38
819	44
820	34
821	39
822	31
823	27
824	31
825	26
826	43
827	32
828	26
829	42
830	52
831	30
832	34
833	34
834	34
835	45
836	38
837	34
838	37
839	28
840	28
841	26
842	27
843	30
844	30
845	28
846	37
847	38
848	33
849	29
850	26
851	42
852	26
853	45
854	37
855	31
856	33
857	30
858	31
859	26
860	28
861	20
862	29
863	43
864	26
865	31
866	35
867	32
868	23
869	27
870	40
871	26
872	33
873	37
874	36
875	25
876	22
877	40
878	32
879	22
880	29
881	21
882	39
883	37
884	30
885	42
886	32
887	28
888	38
889	29
890	27
891	36
892	36
893	33
894	36
895	37
896	28
897	38
898	33
899	24
900	31
901	38
902	28
903	31
904	30
905	28
906	46
907	27
908	24
909	34
910	26
911	39
912	35
913	30
914	26
915	31
916	44
917	33
918	37
919	31
920	20
921	35
922	35
923	33
924	34
925	24
926	37
927	31
928	24
929	25
930	38
931	28
932	29
933	26
934	33
935	29
936	33
937	48
938	36
939	40
940	31
941	28
942	22
943	36
944	35
945	39
946	26
947	28
948	38
949	42
950	38
951	25
952	33
953	27
954	29
955	33
956	35
957	34
958	26
959	31
960	22
961	33
962	36
963	32
964	25
965	35
966	28
967	23
968	23
969	33
970	38
971	30
972	36
973	34
974	34
975	29
976	30
977	34
978	30
979	35
980	28
981	37
982	43
983	26
984	26
985	36
986	28
987	33
988	30
989	26
990	33
991	27
992	32
993	31
994	27
995	22
996	32
997	24
998	39
999	29
1000	34
1001	32
1002	27
1003	22
1004	29
1005	31
1006	33
1007	29
1008	29
1009	23
1010	30
1011	18
1012	37
1013	28
1014	29
1015	23
1016	28
1017	31
1018	22
1019	23
1020	28
1021	39
1022	32
1023	30
1024	25
1025	32
1026	20
1027	28
1028	30
1029	22
1030	35
1031	32
1032	25
1033	28
1034	27
1035	29
1036	27
1037	29
1038	30
1039	32
1040	32
1041	36
1042	24
1043	28
1044	35
1045	35
1046	33
1047	28
1048	28
1049	35
1050	29
1051	31
1052	28
1053	31
1054	34
1055	27
1056	30
1057	32
1058	34
1059	24
1060	23
1061	31
1062	39
1063	32
1064	39
1065	20
1066	26
1067	30
1068	25
1069	23
1070	26
1071	24
1072	30
1073	27
1074	23
1075	28
1076	31
1077	30
1078	26
1079	31
1080	30
1081	31
1082	21
1083	28
1084	39
1085	30
1086	29
1087	20
1088	21
1089	27
1090	26
1091	28
1092	27
1093	25
1094	24
1095	23
1096	30
1097	34
1098	16
1099	24
1100	21
1101	33
1102	23
1103	38
1104	29
1105	33
1106	24
1107	24
1108	29
1109	42
1110	25
1111	25
1112	38
1113	25
1114	27
1115	28
1116	30
1117	22
1118	23
1119	31
1120	25
1121	37
1122	24
1123	30
1124	27
1125	25
1126	24
1127	29
1128	24
1129	28
1130	27
1131	30
1132	29
1133	27
1134	26
1135	22
1136	28
1137	25
1138	34
1139	24
1140	34
1141	25
1142	29
1143	25
1144	30
1145	24
1146	30
1147	26
1148	36
1149	25
1150	24
1151	25
1152	28
1153	31
1154	32
1155	31
1156	22
1157	28
1158	33
1159	30
1160	23
1161	23
1162	31
1163	30
1164	28
1165	22
1166	32
1167	25
1168	22
1169	25
1170	31
1171	35
1172	35
1173	27
1174	19
1175	21
1176	28
1177	29
1178	25
1179	30
1180	39
1181	36
1182	20
1183	22
1184	24
1185	24
1186	40
1187	31
1188	25
1189	24
1190	23
1191	31
1192	31
1193	33
1194	28
1195	26
1196	25
1197	25
1198	31
1199	22
1200	27
1201	23
1202	26
1203	24
1204	26
1205	25
1206	30
1207	24
1208	24
1209	30
1210	28
1211	24
1212	32
1213	30
1214	24
1215	17
1216	30
1217	29
1218	38
1219	34
1220	28
1221	21
1222	28
1223	22
1224	39
1225	28
1226	20
1227	25
1228	32
1229	27
1230	31
1231	25
1232	24
1233	26
1234	33
1235	21
1236	23
1237	22
1238	31
1239	15
1240	27
1241	11
1242	25
1243	28
1244	21
1245	26
1246	33
1247	27
1248	18
1249	27
1250	25
1251	23
1252	33
1253	30
1254	35
1255	29
1256	24
1257	30
1258	32
1259	23
1260	33
1261	22
1262	22
1263	26
1264	27
1265	23
1266	23
1267	34
1268	26
1269	16
1270	27
1271	28
1272	19
1273	24
1274	32
1275	27
1276	23
1277	29
1278	29
1279	22
1280	37
1281	25
1282	28
1283	26
1284	19
1285	26
1286	24
1287	27
1288	32
1289	27
1290	30
1291	24
1292	31
1293	27
1294	30
1295	26
1296	33
1297	29
1298	37
1299	26
1300	32
1301	28
1302	37
1303	23
1304	29
1305	25
1306	21
1307	23
1308	19
1309	19
1310	31
1311	22
1312	32
1313	22
1314	29
1315	27
1316	23
1317	23
1318	32
1319	38
1320	31
1321	16
1322	24
1323	14
1324	33
1325	33
1326	18
1327	27
1328	17
1329	26
1330	33
1331	23
1332	24
1333	24
1334	19
1335	20
1336	26
1337	18
1338	29
1339	26
1340	23
1341	24
1342	28
1343	25
1344	23
1345	30
1346	21
1347	20
1348	25
1349	31
1350	30
1351	27
1352	25
1353	28
1354	25
1355	21
1356	30
1357	25
1358	23
1359	26
1360	24
1361	28
1362	37
1363	26
1364	21
1365	32
1366	26
1367	28
1368	11
1369	26
1370	26
1371	31
1372	25
1373	22
1374	22
1375	27
1376	23
1377	18
1378	24
1379	18
1380	28
1381	20
1382	25
1383	24
1384	25
1385	21
1386	23
1387	23
1388	22
1389	19
1390	33
1391	21
1392	27
1393	16
1394	22
1395	23
1396	28
1397	24
1398	27
1399	24
1400	22
1401	17
1402	16
1403	18
1404	25
1405	37
1406	27
1407	32
1408	18
1409	24
1410	26
1411	36
1412	33
1413	29
1414	22
1415	24
1416	23
1417	21
1418	24
1419	26
1420	28
1421	21
1422	18
1423	28
1424	20
1425	19
1426	26
1427	18
1428	17
1429	19
1430	29
1431	19
1432	21
1433	24
1434	25
1435	19
1436	18
1437	29
1438	29
1439	24
1440	23
1441	28
1442	26
1443	21
1444	35
1445	24
1446	25
1447	22
1448	27
1449	22
1450	23
1451	21
1452	19
1453	21
1454	17
1455	30
1456	18
1457	17
1458	13
1459	21
1460	23
1461	24
1462	21
1463	23
1464	19
1465	18
1466	32
1467	21
1468	29
1469	18
1470	29
1471	26
1472	18
1473	15
1474	24
1475	26
1476	25
1477	14
1478	28
1479	22
1480	22
1481	22
1482	24
1483	30
1484	32
1485	27
1486	29
1487	16
1488	32
1489	23
1490	14
1491	16
1492	20
1493	26
1494	24
1495	18
1496	21
1497	19
1498	28
1499	22
1500	24
1501	31
1502	28
1503	24
1504	25
1505	31
1506	33
1507	22
1508	21
1509	22
1510	28
1511	23
1512	20
1513	18
1514	26
1515	26
1516	19
1517	28
1518	32
1519	21
1520	18
1521	15
1522	21
1523	26
1524	26
1525	24
1526	23
1527	22
1528	26
1529	21
1530	22
1531	16
1532	24
1533	17
1534	15
1535	21
1536	16
1537	20
1538	28
1539	17
1540	32
1541	20
1542	24
1543	17
1544	30
1545	21
1546	25
1547	20
1548	21
1549	15
1550	22
1551	22
1552	31
1553	21
1554	21
1555	20
1556	15
1557	26
1558	31
1559	25
1560	21
1561	18
1562	24
1563	18
1564	16
1565	15
1566	17
1567	20
1568	20
1569	15
1570	21
1571	22
1572	22
1573	32
1574	14
1575	21
1576	26
1577	19
1578	17
1579	23
1580	25
1581	21
1582	19
1583	19
1584	18
1585	22
1586	25
1587	24
1588	25
1589	34
1590	27
1591	18
1592	20
1593	19
1594	24
1595	27
1596	21
1597	18
1598	23
1599	28
1600	21
1601	17
1602	19
1603	27
1604	25
1605	23
1606	19
1607	17
1608	26
1609	20
1610	17
1611	28
1612	23
1613	20
1614	17
1615	18
1616	19
1617	20
1618	17
1619	20
1620	24
1621	22
1622	24
1623	24
1624	18
1625	35
1626	17
1627	26
1628	18
1629	21
1630	14
1631	15
1632	26
1633	25
1634	21
1635	20
1636	25
1637	19
1638	24
1639	28
1640	19
1641	21
1642	22
1643	27
1644	25
1645	25
1646	22
1647	19
1648	19
1649	23
1650	23
1651	20
1652	23
1653	24
1654	22
1655	13
1656	22
1657	30
1658	21
1659	17
1660	22
1661	14
1662	19
1663	19
1664	21
1665	19
1666	24
1667	17
1668	19
1669	25
1670	26
1671	22
1672	15
1673	13
1674	24
1675	29
1676	18
1677	24
1678	20
1679	20
1680	26
1681	21
1682	25
1683	25
1684	14
1685	24
1686	20
1687	28
1688	20
1689	18
1690	16
1691	26
1692	19
1693	18
1694	20
1695	18
1696	18
1697	19
1698	18
1699	23
1700	20
1701	17
1702	23
1703	20
1704	13
1705	28
1706	16
1707	22
1708	22
1709	29
1710	18
1711	26
1712	23
1713	13
1714	17
1715	21
1716	18
1717	17
1718	22
1719	25
1720	34
1721	16
1722	15
1723	18
1724	17
1725	19
1726	30
1727	11
1728	16
1729	25
1730	27
1731	18
1732	17
1733	25
1734	17
1735	17
1736	16
1737	21
1738	20
1739	16
1740	19
1741	20
1742	23
1743	23
1744	21
1745	21
1746	28
1747	15
1748	31
1749	16
1750	19
1751	24
1752	20
1753	22
1754	27
1755	16
1756	18
1757	17
1758	26
1759	25
1760	14
1761	21
1762	18
1763	23
1764	17
1765	18
1766	26
1767	15
1768	21
1769	20
1770	21
1771	17
1772	19
1773	21
1774	19
1775	23
1776	17
1777	15
1778	15
1779	19
1780	24
1781	22
1782	23
1783	16
1784	12
1785	17
1786	18
1787	16
1788	17
1789	18
1790	16
1791	16
1792	23
1793	20
1794	17
1795	18
1796	20
1797	30
1798	28
1799	20
1800	16
1801	22
1802	18
1803	14
1804	19
1805	18
1806	22
1807	13
1808	15
1809	19
1810	19
1811	18
1812	18
1813	18
1814	16
1815	17
1816	22
1817	24
1818	18
1819	14
1820	17
1821	18
1822	22
1823	26
1824	30
1825	14
1826	11
1827	10
1828	13
1829	29
1830	21
1831	25
1832	21
1833	15
1834	22
1835	18
1836	20
1837	17
1838	20
1839	12
1840	21
1841	15
1842	13
1843	18
1844	20
1845	17
1846	10
1847	26
1848	16
1849	17
1850	18
1851	18
1852	22
1853	31
1854	19
1855	20
1856	26
1857	17
1858	22
1859	22
1860	16
1861	15
1862	19
1863	18
1864	14
1865	17
1866	22
1867	11
1868	13
1869	14
1870	13
1871	19
1872	12
1873	17
1874	17
1875	13
1876	22
1877	26
1878	18
1879	22
1880	17
1881	12
1882	27
1883	17
1884	20
1885	20
1886	19
1887	16
1888	17
1889	16
1890	18
1891	17
1892	15
1893	18
1894	19
1895	13
1896	10
1897	14
1898	11
1899	20
1900	17
1901	13
1902	20
1903	18
1904	27
1905	27
1906	15
1907	11
1908	21
1909	11
1910	14
1911	13
1912	15
1913	16
1914	14
1915	23
1916	19
1917	18
1918	17
1919	15
1920	20
1921	20
1922	9
1923	20
1924	17
1925	22
1926	21
1927	21
1928	21
1929	13
1930	19
1931	23
1932	17
1933	12
1934	28
1935	17
1936	13
1937	13
1938	20
1939	11
1940	26
1941	14
1942	20
1943	18
1944	14
1945	14
1946	26
1947	16
1948	13
1949	21
1950	19
1951	17
1952	14
1953	17
1954	33
1955	22
1956	24
1957	22
1958	19
1959	24
1960	14
1961	12
1962	15
1963	14
1964	18
1965	18
1966	18
1967	13
1968	20
1969	25
1970	20
1971	14
1972	11
1973	19
1974	20
1975	12
1976	16
1977	14
1978	11
1979	19
1980	13
1981	19
1982	23
1983	19
1984	18
1985	20
1986	17
1987	15
1988	18
1989	13
1990	15
1991	15
1992	12
1993	14
1994	11
1995	21
1996	18
1997	16
1998	18
1999	12
2000	19
2001	16
2002	18
2003	12
2004	14
2005	15
2006	17
2007	15
2008	20
2009	14
2010	16
2011	11
2012	16
2013	16
2014	14
2015	14
2016	16
2017	15
2018	20
2019	22
2020	26
2021	12
2022	20
2023	15
2024	10
2025	11
2026	13
2027	17
2028	18
2029	16
2030	13
2031	15
2032	20
2033	14
2034	23
2035	20
2036	12
2037	20
2038	16
2039	16
2040	15
2041	16
2042	13
2043	15
2044	16
2045	28
2046	15
2047	11
2048	22
2049	14
2050	19
2051	12
2052	16
2053	13
2054	9
2055	18
2056	21
2057	17
2058	18
2059	18
2060	12
2061	13
2062	18
2063	19
2064	11
2065	21
2066	16
2067	21
2068	23
2069	11
2070	20
2071	17
2072	24
2073	20
2074	17
2075	14
2076	20
2077	15
2078	10
2079	15
2080	12
2081	17
2082	25
2083	17
2084	11
2085	23
2086	22
2087	18
2088	18
2089	17
2090	14
2091	12
2092	18
2093	17
2094	16
2095	14
2096	18
2097	16
2098	19
2099	13
2100	13
2101	11
2102	11
2103	10
2104	19
2105	14
2106	13
2107	16
2108	14
2109	23
2110	13
2111	27
2112	15
2113	10
2114	15
2115	21
2116	19
2117	25
2118	16
2119	17
2120	16
2121	19
2122	14
2123	8
2124	13
2125	22
2126	20
2127	17
2128	20
2129	11
2130	9
2131	17
2132	18
2133	13
2134	12
2135	18
2136	12
2137	19
2138	18
2139	24
2140	19
2141	19
2142	20
2143	14
2144	21
2145	19
2146	13
2147	12
2148	14
2149	23
2150	19
2151	15
2152	12
2153	22
2154	14
2155	24
2156	9
2157	22
2158	18
2159	14
2160	19
2161	21
2162	20
2163	18
2164	22
2165	13
2166	16
2167	15
2168	23
2169	11
2170	19
2171	17
2172	16
2173	22
2174	12
2175	17
2176	9
2177	14
2178	17
2179	18
2180	20
2181	21
2182	20
2183	15
2184	19
2185	17
2186	17
2187	12
2188	18
2189	19
2190	17
2191	12
2192	24
2193	16
2194	16
2195	12
2196	9
2197	9
2198	8
2199	19
2200	21
2201	13
2202	18
2203	10
2204	17
2205	14
2206	10
2207	14
2208	16
2209	18
2210	15
2211	16
2212	14
2213	16
2214	19
2215	11
2216	17
2217	15
2218	19
2219	19
2220	18
2221	11
2222	17
2223	9
2224	23
2225	13
2226	13
2227	14
2228	21
2229	13
2230	15
2231	15
2232	18
2233	15
2234	13
2235	20
2236	12
2237	5
2238	17
2239	13
2240	11
2241	18
2242	13
2243	16
2244	14
2245	18
2246	18
2247	10
2248	13
2249	17
2250	16
2251	19
2252	13
2253	14
2254	14
2255	17
2256	12
2257	3
2258	13
2259	11
2260	16
2261	9
2262	10
2263	15
2264	10
2265	12
2266	18
2267	16
2268	15
2269	13
2270	17
2271	20
2272	13
2273	16
2274	16
2275	14
2276	12
2277	10
2278	13
2279	15
2280	18
2281	13
2282	6
2283	11
2284	9
2285	11
2286	14
2287	15
2288	18
2289	17
2290	16
2291	20
2292	14
2293	16
2294	22
2295	16
2296	19
2297	15
2298	18
2299	11
2300	11
2301	14
2302	14
2303	12
2304	16
2305	7
2306	11
2307	15
2308	16
2309	17
2310	9
2311	17
2312	13
2313	9
2314	10
2315	20
2316	13
2317	17
2318	8
2319	12
2320	17
2321	16
2322	10
2323	17
2324	19
2325	12
2326	13
2327	11
2328	11
2329	18
2330	13
2331	20
2332	10
2333	14
2334	11
2335	19
2336	15
2337	16
2338	16
2339	14
2340	12
2341	11
2342	14
2343	13
2344	16
2345	9
2346	14
2347	15
2348	12
2349	9
2350	22
2351	12
2352	9
2353	21
2354	14
2355	14
2356	11
2357	8
2358	10
2359	18
2360	13
2361	9
2362	23
2363	12
2364	9
2365	15
2366	16
2367	17
2368	9
2369	14
2370	14
2371	17
2372	13
2373	12
2374	16
2375	13
2376	12
2377	19
2378	10
2379	19
2380	13
2381	16
2382	15
2383	19
2384	13
2385	7
2386	21
2387	17
2388	12
2389	17
2390	13
2391	16
2392	8
2393	16
2394	18
2395	19
2396	18
2397	14
2398	14
2399	13
2400	23
2401	9
2402	15
2403	10
2404	17
2405	18
2406	9
2407	17
2408	12
2409	15
2410	17
2411	18
2412	15
2413	17
2414	17
2415	17
2416	13
2417	17
2418	16
2419	12
2420	12
2421	12
2422	9
2423	14
2424	16
2425	15
2426	17
2427	13
2428	13
2429	14
2430	15
2431	14
2432	18
2433	19
2434	14
2435	14
2436	16
2437	13
2438	16
2439	12
2440	17
2441	18
2442	17
2443	13
2444	9
2445	16
2446	19
2447	8
2448	15
2449	9
2450	11
2451	12
2452	13
2453	12
2454	14
2455	22
2456	14
2457	16
2458	16
2459	10
2460	14
2461	17
2462	10
2463	18
2464	16
2465	11
2466	18
2467	12
2468	11
2469	23
2470	9
2471	12
2472	6
2473	11
2474	13
2475	17
2476	10
2477	13
2478	13
2479	12
2480	16
2481	15
2482	18
2483	18
2484	10
2485	15
2486	13
2487	6
2488	13
2489	9
2490	11
2491	9
2492	12
2493	15
2494	16
2495	17
2496	15
2497	11
2498	16
2499	9
2500	12
2501	22
2502	11
2503	11
2504	10
2505	10
2506	14
2507	14
2508	14
2509	10
2510	10
2511	11
2512	15
2513	19
2514	21
2515	22
2516	13
2517	10
2518	9
2519	20
2520	14
2521	9
2522	11
2523	15
2524	17
2525	8
2526	15
2527	16
2528	19
2529	12
2530	7
2531	15
2532	13
2533	6
2534	12
2535	7
2536	9
2537	8
2538	16
2539	7
2540	13
2541	18
2542	9
2543	11
2544	16
2545	15
2546	18
2547	15
2548	11
2549	9
2550	14
2551	13
2552	20
2553	14
2554	9
2555	18
2556	15
2557	14
2558	12
2559	17
2560	16
2561	20
2562	10
2563	13
2564	14
2565	17
2566	7
2567	11
2568	14
2569	7
2570	10
2571	9
2572	15
2573	11
2574	16
2575	16
2576	9
2577	12
2578	17
2579	13
2580	11
2581	11
2582	12
2583	15
2584	12
2585	11
2586	11
2587	14
2588	10
2589	16
2590	16
2591	16
2592	15
2593	15
2594	12
2595	13
2596	13
2597	13
2598	17
2599	11
2600	11
2601	9
2602	20
2603	8
2604	14
2605	18
2606	18
2607	13
2608	13
2609	10
2610	17
2611	9
2612	8
2613	16
2614	10
2615	11
2616	13
2617	14
2618	7
2619	11
2620	15
2621	10
2622	15
2623	19
2624	10
2625	13
2626	7
2627	14
2628	12
2629	13
2630	12
2631	10
2632	12
2633	14
2634	11
2635	12
2636	17
2637	15
2638	13
2639	11
2640	10
2641	10
2642	13
2643	10
2644	8
2645	16
2646	15
2647	15
2648	8
2649	16
2650	9
2651	11
2652	8
2653	15
2654	10
2655	8
2656	18
2657	13
2658	14
2659	12
2660	12
2661	13
2662	22
2663	6
2664	8
2665	12
2666	13
2667	12
2668	12
2669	10
2670	8
2671	9
2672	15
2673	12
2674	16
2675	11
2676	13
2677	11
2678	14
2679	10
2680	13
2681	15
2682	15
2683	17
2684	15
2685	16
2686	13
2687	12
2688	15
2689	9
2690	8
2691	9
2692	14
2693	12
2694	16
2695	22
2696	13
2697	16
2698	12
2699	11
2700	10
2701	11
2702	8
2703	13
2704	11
2705	16
2706	15
2707	10
2708	15
2709	6
2710	16
2711	9
2712	11
2713	12
2714	10
2715	16
2716	15
2717	11
2718	15
2719	16
2720	14
2721	10
2722	8
2723	14
2724	9
2725	13
2726	18
2727	11
2728	11
2729	8
2730	12
2731	14
2732	14
2733	9
2734	12
2735	8
2736	9
2737	15
2738	10
2739	10
2740	18
2741	18
2742	12
2743	24
2744	13
2745	11
2746	9
2747	15
2748	14
2749	8
2750	12
2751	8
2752	14
2753	8
2754	11
2755	15
2756	12
2757	12
2758	7
2759	12
2760	12
2761	15
2762	18
2763	10
2764	13
2765	18
2766	9
2767	9
2768	12
2769	13
2770	10
2771	8
2772	7
2773	11
2774	6
2775	7
2776	12
2777	11
2778	14
2779	11
2780	14
2781	13
2782	11
2783	12
2784	17
2785	7
2786	11
2787	9
2788	15
2789	11
2790	13
2791	14
2792	11
2793	14
2794	5
2795	6
2796	16
2797	15
2798	12
2799	12
2800	7
2801	10
2802	8
2803	9
2804	10
2805	14
2806	16
2807	7
2808	8
2809	11
2810	9
2811	9
2812	14
2813	8
2814	6
2815	15
2816	12
2817	11
2818	9
2819	7
2820	13
2821	7
2822	12
2823	12
2824	8
2825	12
2826	6
2827	10
2828	14
2829	17
2830	17
2831	9
2832	12
2833	10
2834	12
2835	8
2836	18
2837	14
2838	13
2839	13
2840	13
2841	17
2842	14
2843	18
2844	9
2845	11
2846	11
2847	11
2848	8
2849	9
2850	7
2851	9
2852	7
2853	12
2854	8
2855	15
2856	10
2857	12
2858	11
2859	17
2860	10
2861	16
2862	15
2863	12
2864	5
2865	8
2866	16
2867	4
2868	13
2869	12
2870	17
2871	13
2872	16
2873	13
2874	13
2875	8
2876	16
2877	8
2878	6
2879	14
2880	11
2881	7
2882	11
2883	14
2884	9
2885	9
2886	7
2887	15
2888	18
2889	8
2890	9
2891	11
2892	5
2893	11
2894	15
2895	14
2896	15
2897	10
2898	15
2899	8
2900	11
2901	13
2902	13
2903	9
2904	15
2905	10
2906	12
2907	14
2908	11
2909	9
2910	9
2911	9
2912	10
2913	10
2914	9
2915	7
2916	13
2917	12
2918	8
2919	9
2920	7
2921	4
2922	8
2923	12
2924	5
2925	10
2926	7
2927	10
2928	9
2929	10
2930	10
2931	7
2932	18
2933	17
2934	9
2935	10
2936	14
2937	9
2938	18
2939	14
2940	11
2941	6
2942	7
2943	8
2944	10
2945	9
2946	13
2947	13
2948	9
2949	14
2950	8
2951	7
2952	10
2953	16
2954	6
2955	7
2956	11
2957	11
2958	11
2959	17
2960	9
2961	15
2962	13
2963	8
2964	9
2965	8
2966	15
2967	13
2968	11
2969	9
2970	10
2971	11
2972	11
2973	10
2974	9
2975	18
2976	14
2977	13
2978	8
2979	6
2980	12
2981	7
2982	6
2983	9
2984	17
2985	9
2986	11
2987	9
2988	7
2989	15
2990	6
2991	10
2992	7
2993	16
2994	6
2995	9
2996	13
2997	11
2998	11
2999	15
3000	15
3001	16
3002	12
3003	5
3004	17
3005	6
3006	4
3007	7
3008	4
3009	7
3010	12
3011	9
3012	4
3013	9
3014	11
3015	3
3016	11
3017	5
3018	9
3019	10
3020	9
3021	11
3022	7
3023	10
3024	6
3025	13
3026	8
3027	9
3028	5
3029	12
3030	10
3031	11
3032	13
3033	14
3034	10
3035	12
3036	9
3037	11
3038	5
3039	9
3040	10
3041	8
3042	12
3043	14
3044	11
3045	7
3046	12
3047	8
3048	9
3049	12
3050	9
3051	8
3052	4
3053	8
3054	9
3055	5
3056	14
3057	14
3058	7
3059	8
3060	10
3061	12
3062	10
3063	6
3064	13
3065	8
3066	13
3067	5
3068	13
3069	11
3070	9
3071	11
3072	8
3073	9
3074	9
3075	11
3076	10
3077	10
3078	15
3079	13
3080	8
3081	7
3082	15
3083	8
3084	13
3085	12
3086	8
3087	10
3088	14
3089	11
3090	11
3091	8
3092	10
3093	8
3094	12
3095	8
3096	13
3097	4
3098	11
3099	8
3100	5
3101	10
3102	16
3103	7
3104	8
3105	10
3106	16
3107	8
3108	9
3109	4
3110	11
3111	6
3112	5
3113	7
3114	10
3115	10
3116	11
3117	12
3118	3
3119	7
3120	6
3121	6
3122	11
3123	10
3124	8
3125	9
3126	14
3127	15
3128	16
3129	8
3130	8
3131	8
3132	7
3133	11
3134	7
3135	13
3136	6
3137	10
3138	5
3139	11
3140	7
3141	12
3142	11
3143	11
3144	9
3145	10
3146	9
3147	11
3148	10
3149	8
3150	6
3151	6
3152	10
3153	12
3154	6
3155	10
3156	8
3157	10
3158	8
3159	12
3160	10
3161	8
3162	10
3163	15
3164	6
3165	5
3166	4
3167	9
3168	5
3169	4
3170	9
3171	7
3172	12
3173	6
3174	9
3175	8
3176	11
3177	7
3178	10
3179	4
3180	7
3181	8
3182	12
3183	13
3184	5
3185	9
3186	9
3187	7
3188	11
3189	11
3190	14
3191	5
3192	11
3193	9
3194	12
3195	9
3196	11
3197	8
3198	12
3199	10
3200	6
3201	5
3202	8
3203	9
3204	9
3205	8
3206	7
3207	5
3208	9
3209	11
3210	9
3211	17
3212	7
3213	10
3214	7
3215	8
3216	4
3217	10
3218	7
3219	7
3220	5
3221	11
3222	10
3223	5
3224	11
3225	10
3226	11
3227	11
3228	18
3229	9
3230	7
3231	11
3232	19
3233	12
3234	7
3235	12
3236	14
3237	7
3238	12
3239	10
3240	9
3241	10
3242	7
3243	5
3244	14
3245	6
3246	7
3247	12
3248	14
3249	14
3250	9
3251	9
3252	9
3253	7
3254	6
3255	10
3256	8
3257	7
3258	9
3259	3
3260	6
3261	5
3262	11
3263	11
3264	12
3265	4
3266	7
3267	9
3268	11
3269	9
3270	7
3271	8
3272	3
3273	12
3274	5
3275	12
3276	7
3277	15
3278	6
3279	9
3280	10
3281	10
3282	6
3283	12
3284	7
3285	6
3286	10
3287	5
3288	8
3289	8
3290	3
3291	7
3292	9
3293	13
3294	12
3295	10
3296	13
3297	7
3298	8
3299	5
3300	5
3301	7
3302	11
3303	11
3304	14
3305	7
3306	4
3307	5
3308	10
3309	6
3310	13
3311	8
3312	9
3313	10
3314	12
3315	11
3316	9
3317	4
3318	10
3319	13
3320	10
3321	7
3322	8
3323	10
3324	8
3325	12
3326	13
3327	6
3328	7
3329	11
3330	4
3331	9
3332	13
3333	10
3334	7
3335	5
3336	10
3337	10
3338	6
3339	5
3340	3
3341	6
3342	14
3343	12
3344	10
3345	9
3346	4
3347	5
3348	5
3349	9
3350	7
3351	7
3352	4
3353	8
3354	6
3355	5
3356	10
3357	9
3358	9
3359	10
3360	12
3361	13
3362	6
3363	6
3364	11
3365	18
3366	9
3367	7
3368	13
3369	7
3370	4
3371	11
3372	9
3373	9
3374	6
3375	7
3376	6
3377	16
3378	3
3379	9
3380	9
3381	11
3382	8
3383	4
3384	2
3385	9
3386	11
3387	11
3388	6
3389	11
3390	8
3391	10
3392	5
3393	5
3394	4
3395	8
3396	11
3397	5
3398	7
3399	11
3400	9
3401	15
3402	8
3403	10
3404	10
3405	9
3406	5
3407	11
3408	7
3409	8
3410	3
3411	6
3412	4
3413	8
3414	11
3415	7
3416	6
3417	2
3418	5
3419	14
3420	8
3421	5
3422	7
3423	8
3424	9
3425	12
3426	8
3427	12
3428	5
3429	10
3430	10
3431	6
3432	10
3433	9
3434	7
3435	9
3436	10
3437	11
3438	4
3439	11
3440	7
3441	11
3442	14
3443	11
3444	3
3445	10
3446	10
3447	10
3448	9
3449	10
3450	8
3451	9
3452	13
3453	8
3454	8
3455	4
3456	11
3457	7
3458	12
3459	8
3460	6
3461	4
3462	11
3463	8
3464	7
3465	3
3466	9
3467	9
3468	9
3469	7
3470	10
3471	6
3472	16
3473	6
3474	5
3475	7
3476	5
3477	7
3478	8
3479	6
3480	8
3481	6
3482	7
3483	6
3484	7
3485	10
3486	3
3487	7
3488	8
3489	12
3490	5
3491	8
3492	9
3493	12
3494	7
3495	10
3496	3
3497	10
3498	7
3499	10
3500	3
3501	8
3502	12
3503	6
3504	10
3505	5
3506	3
3507	10
3508	8
3509	5
3510	9
3511	5
3512	7
3513	6
3514	8
3515	9
3516	4
3517	7
3518	6
3519	6
3520	10
3521	7
3522	9
3523	8
3524	8
3525	8
3526	7
3527	8
3528	8
3529	5
3530	11
3531	9
3532	8
3533	9
3534	9
3535	7
3536	15
3537	14
3538	13
3539	6
3540	1
3541	10
3542	9
3543	8
3544	9
3545	8
3546	1
3547	10
3548	7
3549	12
3550	6
3551	8
3552	11
3553	9
3554	13
3555	4
3556	14
3557	8
3558	7
3559	7
3560	10
3561	9
3562	6
3563	8
3564	3
3565	4
3566	5
3567	8
3568	5
3569	5
3570	6
3571	10
3572	4
3573	7
3574	12
3575	3
3576	10
3577	8
3578	8
3579	14
3580	7
3581	12
3582	7
3583	12
3584	3
3585	9
3586	11
3587	15
3588	7
3589	12
3590	9
3591	13
3592	6
3593	12
3594	8
3595	5
3596	11
3597	5
3598	2
3599	6
3600	4
3601	9
3602	4
3603	7
3604	6
3605	10
3606	6
3607	14
3608	8
3609	6
3610	6
3611	6
3612	10
3613	6
3614	9
3615	4
3616	6
3617	5
3618	5
3619	9
3620	9
3621	5
3622	7
3623	7
3624	5
3625	9
3626	3
3627	3
3628	12
3629	5
3630	8
3631	4
3632	4
3633	7
3634	9
3635	12
3636	10
3637	9
3638	5
3639	7
3640	6
3641	7
3642	12
3643	13
3644	7
3645	11
3646	7
3647	2
3648	8
3649	6
3650	5
3651	8
3652	3
3653	10
3654	4
3655	10
3656	5
3657	9
3658	7
3659	8
3660	9
3661	10
3662	8
3663	5
3664	9
3665	6
3666	7
3667	13
3668	6
3669	6
3670	8
3671	9
3672	10
3673	6
3674	3
3675	8
3676	6
3677	11
3678	8
3679	7
3680	5
3681	7
3682	5
3683	9
3684	7
3685	12
3686	6
3687	4
3688	6
3689	11
3690	14
3691	5
3692	17
3693	7
3694	6
3695	8
3696	8
3697	8
3698	8
3699	3
3700	8
3701	1
3702	4
3703	2
3704	7
3705	10
3706	7
3707	11
3708	6
3709	9
3710	6
3711	8
3712	6
3713	2
3714	11
3715	9
3716	9
3717	7
3718	12
3719	7
3720	10
3721	4
3722	5
3723	7
3724	6
3725	13
3726	9
3727	8
3728	7
3729	6
3730	11
3731	6
3732	6
3733	11
3734	17
3735	7
3736	4
3737	5
3738	9
3739	12
3740	6
3741	13
3742	2
3743	15
3744	5
3745	5
3746	7
3747	8
3748	10
3749	8
3750	7
3751	6
3752	8
3753	8
3754	8
3755	7
3756	11
3757	9
3758	6
3759	10
3760	3
3761	3
3762	4
3763	8
3764	10
3765	8
3766	4
3767	6
3768	7
3769	3
3770	4
3771	5
3772	11
3773	5
3774	7
3775	9
3776	5
3777	13
3778	11
3779	6
3780	9
3781	10
3782	8
3783	10
3784	5
3785	11
3786	9
3787	6
3788	11
3789	5
3790	4
3791	14
3792	4
3793	9
3794	3
3795	4
3796	7
3797	8
3798	4
3799	5
3800	9
3801	12
3802	6
3803	5
3804	6
3805	4
3806	1
3807	4
3808	6
3809	6
3810	14
3811	3
3812	10
3813	9
3814	6
3815	9
3816	8
3817	9
3818	10
3819	7
3820	5
3821	8
3822	2
3823	4
3824	8
3825	2
3826	4
3827	10
3828	6
3829	6
3830	10
3831	14
3832	9
3833	6
3834	2
3835	4
3836	5
3837	8
3838	6
3839	8
3840	13
3841	3
3842	7
3843	7
3844	10
3845	4
3846	7
3847	12
3848	6
3849	8
3850	5
3851	7
3852	10
3853	9
3854	4
3855	10
3856	9
3857	6
3858	6
3859	5
3860	5
3861	9
3862	5
3863	5
3864	3
3865	5
3866	7
3867	7
3868	7
3869	8
3870	6
3871	7
3872	7
3873	7
3874	6
3875	7
3876	4
3877	7
3878	8
3879	8
3880	6
3881	3
3882	7
3883	7
3884	5
3885	5
3886	8
3887	9
3888	4
3889	10
3890	9
3891	12
3892	6
3893	9
3894	5
3895	8
3896	8
3897	9
3898	5
3899	8
3900	5
3901	3
3902	3
3903	7
3904	6
3905	6
3906	6
3907	9
3908	6
3909	3
3910	6
3911	10
3912	5
3913	6
3914	7
3915	7
3916	5
3917	12
3918	6
3919	9
3920	5
3921	10
3922	10
3923	5
3924	5
3925	9
3926	6
3927	7
3928	6
3929	8
3930	3
3931	6
3932	9
3933	1
3934	5
3935	8
3936	8
3937	3
3938	10
3939	4
3940	5
3941	4
3942	3
3943	5
3944	4
3945	6
3946	11
3947	7
3948	4
3949	10
3950	4
3951	6
3952	8
3953	11
3954	9
3955	5
3956	5
3957	5
3958	3
3959	5
3960	6
3961	5
3962	8
3963	5
3964	9
3965	4
3966	9
3967	6
3968	5
3969	6
3970	9
3971	6
3972	9
3973	10
3974	7
3975	11
3976	3
3977	9
3978	5
3979	11
3980	5
3981	7
3982	10
3983	6
3984	7
3985	3
3986	10
3987	7
3988	8
3989	7
3990	6
3991	5
3992	7
3993	5
3994	4
3995	1
3996	7
3997	6
3998	2
3999	7
4000	6
4001	3
4002	5
4003	5
4004	7
4005	4
4006	3
4007	4
4008	7
4009	4
4010	6
4011	3
4012	5
4013	6
4014	7
4015	2
4016	7
4017	2
4018	8
4019	4
4020	8
4021	10
4022	4
4023	4
4024	8
4025	8
4026	3
4027	10
4028	9
4029	7
4030	7
4031	4
4032	10
4033	7
4034	5
4035	9
4036	2
4037	9
4038	4
4039	7
4040	6
4041	1
4042	5
4043	5
4044	8
4045	5
4046	10
4047	8
4048	10
4049	4
4050	4
4051	7
4052	5
4053	5
4054	2
4055	6
4056	9
4057	7
4058	9
4059	4
4060	8
4061	6
4062	3
4063	3
4064	3
4065	8
4066	4
4067	9
4068	2
4069	8
4070	7
4071	5
4072	5
4073	2
4074	7
4075	6
4076	10
4077	5
4078	12
4079	2
4080	9
4081	4
4082	4
4083	7
4084	10
4085	2
4086	4
4087	4
4088	6
4089	5
4090	6
4091	9
4092	8
4093	7
4094	2
4096	6
4097	2
4098	1
4099	2
4100	5
4101	3
4102	5
4103	4
4104	4
4105	4
4106	6
4107	5
4108	4
4109	12
4110	9
4111	7
4112	10
4113	10
4114	4
4115	4
4116	6
4117	8
4118	8
4119	9
4120	3
4121	6
4122	3
4123	2
4124	5
4125	7
4126	3
4127	6
4128	5
4129	4
4130	4
4131	6
4132	9
4133	10
4134	6
4135	7
4136	7
4137	7
4138	7
4139	2
4140	5
4141	5
4142	8
4143	13
4144	4
4145	6
4146	4
4147	6
4148	5
4149	8
4150	11
4151	6
4152	9
4153	5
4154	6
4155	5
4156	4
4157	5
4158	6
4159	4
4160	5
4161	4
4162	3
4163	3
4164	10
4165	1
4166	7
4167	9
4168	2
4169	8
4170	7
4171	5
4172	4
4173	5
4174	8
4175	3
4176	2
4177	6
4178	6
4179	10
4180	3
4181	10
4182	8
4183	5
4184	6
4185	5
4186	3
4187	6
4188	6
4189	3
4190	5
4191	6
4192	7
4193	4
4194	8
4195	7
4196	6
4197	14
4198	3
4199	8
4200	4
4201	9
4202	5
4203	5
4204	5
4205	7
4206	3
4207	3
4208	8
4209	3
4210	1
4211	10
4212	9
4213	7
4214	5
4215	2
4216	7
4217	5
4218	5
4219	5
4220	5
4221	9
4222	4
4223	7
4224	3
4225	7
4226	7
4227	6
4228	9
4229	4
4230	4
4231	10
4232	4
4233	9
4234	5
4235	2
4236	4
4237	4
4238	4
4239	2
4240	3
4241	4
4242	9
4243	5
4244	7
4245	1
4246	6
4247	1
4248	3
4249	4
4250	9
4251	4
4252	5
4253	4
4254	9
4255	6
4256	5
4257	4
4258	3
4259	7
4260	7
4261	8
4262	5
4263	3
4264	5
4265	6
4266	2
4267	7
4268	12
4269	6
4270	4
4271	4
4272	2
4273	11
4274	5
4275	4
4276	8
4277	1
4278	9
4279	6
4280	7
4281	5
4282	6
4283	10
4284	11
4285	6
4286	6
4287	5
4288	2
4289	3
4290	9
4291	9
4292	7
4293	5
4294	6
4295	2
4296	4
4297	5
4298	12
4299	9
4300	4
4301	4
4302	4
4303	4
4304	5
4305	7
4306	3
4307	5
4308	4
4309	6
4310	5
4311	6
4312	2
4313	6
4314	11
4315	6
4316	3
4317	5
4318	8
4319	8
4320	3
4321	2
4322	3
4323	3
4324	4
4325	5
4326	5
4327	3
4328	2
4329	7
4330	7
4331	4
4332	7
4333	2
4334	2
4335	9
4336	7
4337	4
4338	8
4339	6
4340	5
4341	1
4342	4
4343	3
4344	5
4345	7
4346	6
4347	3
4348	6
4349	6
4350	3
4351	8
4352	3
4353	6
4354	5
4355	4
4356	3
4357	3
4358	1
4359	7
4360	6
4361	3
4362	7
4363	4
4364	4
4365	2
4366	9
4367	9
4368	5
4369	8
4370	7
4371	9
4372	4
4373	4
4374	3
4375	6
4376	3
4377	5
4378	6
4379	7
4380	3
4381	5
4382	10
4383	5
4384	5
4385	5
4386	2
4387	4
4388	6
4389	5
4390	4
4391	3
4392	6
4393	7
4394	5
4395	4
4396	6
4397	5
4398	4
4399	7
4400	3
4401	6
4402	7
4403	6
4404	4
4405	8
4406	6
4407	2
4408	5
4409	9
4410	5
4411	6
4412	2
4413	4
4414	4
4415	8
4416	3
4417	4
4418	3
4419	11
4420	5
4421	2
4422	6
4423	7
4424	4
4425	2
4426	4
4427	6
4428	9
4429	10
4430	7
4431	6
4433	5
4434	8
4435	7
4436	6
4437	7
4438	3
4439	2
4440	3
4441	9
4442	6
4443	7
4444	3
4445	3
4446	6
4447	5
4448	6
4449	2
4450	7
4451	6
4452	6
4453	10
4454	1
4456	3
4457	6
4458	4
4459	8
4460	1
4461	4
4462	4
4464	7
4465	5
4466	5
4467	4
4468	4
4469	8
4470	6
4471	4
4472	4
4473	5
4474	1
4475	3
4476	1
4477	3
4478	8
4479	11
4480	5
4481	8
4482	8
4483	3
4484	2
4485	4
4486	5
4487	5
4488	5
4489	4
4490	5
4491	5
4492	4
4493	3
4494	3
4495	5
4496	4
4497	5
4498	3
4499	3
4500	6
4501	3
4502	5
4503	9
4504	5
4505	3
4506	9
4507	4
4508	6
4509	7
4510	3
4511	4
4512	9
4513	8
4514	2
4515	10
4516	2
4517	3
4518	3
4519	7
4520	6
4521	7
4522	7
4523	3
4524	6
4525	3
4526	7
4527	8
4528	4
4529	8
4530	3
4531	11
4532	5
4533	5
4534	3
4535	4
4536	4
4537	4
4538	4
4539	7
4540	4
4541	4
4542	4
4544	5
4545	4
4546	7
4547	5
4548	7
4549	2
4550	7
4551	6
4552	4
4553	3
4554	5
4555	4
4556	7
4557	4
4558	3
4559	5
4560	5
4561	6
4563	6
4564	6
4565	5
4566	3
4567	5
4568	4
4569	4
4570	7
4571	6
4572	3
4573	4
4574	6
4575	2
4576	6
4577	3
4578	5
4579	4
4580	3
4581	9
4582	6
4583	5
4584	8
4585	9
4586	6
4587	2
4588	6
4589	5
4590	3
4591	5
4592	4
4593	5
4594	6
4595	2
4596	3
4597	6
4599	5
4600	6
4601	8
4602	9
4603	6
4604	1
4605	3
4606	5
4607	3
4608	8
4609	4
4610	4
4611	10
4612	8
4613	8
4614	2
4615	6
4616	5
4617	8
4618	4
4619	4
4620	1
4621	4
4622	4
4623	2
4624	3
4625	2
4626	3
4627	6
4628	5
4629	3
4630	3
4631	2
4632	6
4633	6
4634	3
4635	11
4636	3
4637	2
4638	6
4639	7
4640	3
4641	5
4642	5
4643	4
4644	2
4645	7
4646	6
4647	5
4648	3
4649	5
4650	2
4651	1
4652	4
4653	2
4654	6
4655	6
4656	3
4657	4
4658	6
4659	3
4660	6
4661	2
4662	5
4663	6
4664	3
4665	2
4666	7
4667	2
4668	5
4669	5
4670	5
4671	4
4672	3
4673	4
4674	2
4675	5
4676	5
4677	3
4678	3
4679	6
4680	5
4681	8
4682	3
4683	2
4684	2
4685	3
4686	2
4687	4
4688	6
4689	4
4690	2
4691	1
4692	5
4693	7
4694	5
4695	4
4696	8
4697	4
4698	2
4699	3
4700	6
4701	4
4702	5
4703	2
4704	3
4705	4
4706	4
4707	3
4708	3
4709	1
4710	4
4711	9
4712	4
4713	11
4714	3
4715	4
4716	3
4717	2
4718	10
4719	4
4720	5
4721	2
4722	6
4723	4
4724	4
4725	3
4726	1
4727	4
4728	5
4729	4
4730	1
4731	3
4732	5
4733	5
4734	3
4735	10
4736	3
4737	5
4738	2
4739	5
4740	3
4741	4
4742	4
4743	6
4744	6
4745	2
4746	3
4747	5
4748	4
4749	9
4750	4
4751	1
4752	4
4753	4
4754	5
4755	5
4756	3
4757	3
4758	4
4759	3
4760	4
4761	9
4762	1
4763	5
4764	4
4765	5
4766	2
4767	6
4768	4
4769	1
4770	5
4771	5
4772	3
4773	4
4774	2
4775	7
4776	9
4777	3
4778	4
4779	3
4780	2
4781	3
4782	5
4783	6
4784	8
4785	4
4786	6
4787	6
4788	6
4789	5
4790	2
4791	3
4792	6
4793	9
4794	6
4795	2
4796	3
4797	1
4799	4
4800	6
4801	4
4802	3
4803	4
4804	2
4805	5
4806	1
4807	3
4808	3
4809	4
4810	4
4811	3
4812	3
4813	3
4814	4
4815	6
4816	4
4817	4
4818	4
4819	7
4820	4
4821	8
4822	7
4823	9
4824	4
4825	3
4826	5
4827	5
4828	3
4829	3
4830	2
4831	5
4832	3
4833	7
4834	3
4835	5
4836	5
4837	3
4838	1
4839	6
4840	7
4841	5
4842	5
4843	6
4844	6
4845	5
4846	4
4847	4
4848	6
4849	7
4850	5
4851	2
4852	6
4853	7
4854	1
4855	2
4856	4
4857	1
4858	3
4859	1
4860	4
4861	4
4862	2
4863	2
4864	3
4865	6
4866	7
4867	1
4868	9
4869	6
4870	9
4871	3
4872	4
4873	5
4874	7
4875	6
4876	7
4877	4
4878	3
4879	4
4880	4
4881	2
4882	3
4883	3
4884	6
4885	5
4886	4
4887	1
4888	4
4889	3
4890	2
4891	4
4892	7
4893	4
4895	3
4896	7
4897	6
4898	2
4899	5
4900	3
4901	1
4902	3
4903	3
4904	6
4905	4
4906	4
4907	6
4908	5
4909	3
4910	4
4911	4
4912	5
4913	4
4914	6
4915	4
4916	6
4917	3
4918	4
4919	7
4920	2
4921	3
4922	3
4923	1
4924	5
4925	4
4926	5
4927	3
4928	5
4929	2
4930	2
4931	1
4932	3
4933	4
4935	1
4936	3
4937	6
4938	3
4939	3
4940	1
4941	4
4942	3
4943	1
4944	6
4945	5
4946	2
4947	3
4948	3
4949	4
4950	7
4951	2
4952	2
4953	4
4954	4
4955	3
4956	5
4957	4
4958	5
4959	5
4960	3
4961	2
4962	2
4963	1
4964	5
4965	3
4967	6
4968	4
4969	1
4970	1
4971	7
4972	4
4973	3
4974	9
4975	2
4976	3
4977	5
4978	4
4979	5
4980	3
4981	2
4982	2
4983	5
4984	1
4985	1
4986	2
4987	3
4988	4
4989	8
4990	3
4991	1
4992	5
4993	4
4994	8
4995	2
4996	2
4997	3
4998	3
4999	3
5000	4
5001	2
5002	6
5003	3
5004	1
5005	5
5006	2
5007	8
5008	1
5009	3
5010	1
5011	6
5012	4
5013	3
5014	2
5015	3
5016	6
5017	2
5018	2
5019	4
5020	3
5021	2
5022	2
5023	4
5024	2
5025	5
5026	7
5027	3
5028	2
5029	9
5030	2
5031	3
5032	6
5033	4
5034	2
5035	6
5036	5
5037	1
5038	8
5039	2
5040	1
5041	5
5042	5
5043	2
5044	6
5045	2
5046	3
5047	2
5048	4
5049	4
5051	3
5052	4
5053	6
5054	6
5055	3
5056	5
5057	3
5058	7
5060	4
5061	3
5062	6
5063	8
5064	4
5065	4
5066	4
5067	2
5068	3
5069	5
5070	4
5071	6
5072	6
5073	2
5074	3
5075	4
5076	5
5077	2
5078	6
5079	3
5080	4
5081	7
5082	1
5083	2
5084	1
5085	5
5086	5
5087	6
5088	1
5089	3
5090	2
5091	5
5092	5
5093	4
5094	6
5095	2
5096	4
5097	3
5098	4
5099	4
5100	5
5101	4
5102	4
5103	5
5104	1
5105	4
5106	8
5107	3
5108	5
5109	6
5110	3
5111	4
5112	3
5113	2
5114	4
5115	11
5116	6
5117	2
5118	2
5119	1
5120	3
5121	3
5122	3
5123	5
5124	4
5125	4
5127	2
5128	3
5129	1
5130	4
5131	7
5132	6
5133	5
5134	3
5135	3
5136	3
5137	4
5138	2
5139	3
5140	2
5141	5
5142	2
5143	6
5144	5
5145	5
5146	3
5148	4
5149	4
5150	1
5151	2
5152	3
5154	4
5155	2
5156	4
5157	3
5158	3
5159	1
5161	1
5162	6
5163	1
5164	4
5165	7
5166	8
5167	5
5168	3
5169	3
5170	3
5171	9
5172	4
5173	4
5174	5
5175	3
5176	4
5177	5
5178	2
5179	3
5180	1
5181	5
5182	1
5183	4
5184	2
5185	4
5186	7
5187	3
5188	1
5189	1
5190	1
5191	3
5192	3
5193	6
5194	4
5195	3
5196	4
5197	4
5198	6
5199	5
5200	2
5201	3
5202	4
5203	6
5204	3
5205	2
5206	4
5207	2
5208	1
5209	9
5210	1
5211	1
5212	6
5213	4
5214	4
5215	4
5216	6
5217	3
5218	5
5219	7
5220	3
5221	1
5222	1
5223	3
5224	12
5225	4
5226	4
5227	2
5228	3
5229	4
5230	7
5231	2
5232	4
5233	5
5234	7
5235	7
5236	2
5237	3
5238	5
5239	4
5240	3
5241	2
5242	3
5243	2
5244	4
5245	3
5246	3
5247	1
5248	2
5249	4
5250	5
5251	5
5252	1
5253	1
5254	7
5255	2
5256	4
5257	1
5259	1
5260	4
5261	3
5262	6
5263	1
5264	3
5265	3
5266	5
5267	5
5268	6
5269	4
5270	2
5271	3
5273	4
5274	6
5275	7
5276	2
5277	3
5278	2
5279	8
5280	3
5281	6
5282	4
5283	4
5284	5
5285	3
5286	2
5287	3
5288	5
5289	6
5290	3
5291	2
5292	3
5293	3
5294	2
5295	5
5296	5
5297	2
5298	4
5299	5
5300	1
5301	4
5302	2
5303	1
5304	6
5305	2
5306	2
5307	2
5308	3
5309	3
5310	6
5311	2
5312	9
5313	3
5314	9
5315	1
5316	2
5317	6
5318	4
5319	1
5320	4
5321	4
5322	2
5323	6
5324	3
5325	4
5326	2
5327	2
5328	2
5329	5
5330	1
5331	7
5332	3
5333	2
5334	5
5335	7
5336	2
5337	4
5338	5
5339	11
5340	3
5341	3
5342	3
5343	5
5344	3
5345	7
5346	2
5347	3
5349	5
5350	2
5351	2
5352	3
5353	2
5354	5
5355	5
5356	7
5357	3
5358	1
5359	4
5360	5
5361	6
5362	2
5363	5
5364	4
5365	4
5366	4
5367	3
5368	2
5369	1
5370	2
5371	5
5372	3
5373	5
5374	3
5375	3
5376	1
5377	5
5378	2
5379	1
5380	5
5381	5
5382	1
5383	1
5384	3
5385	1
5386	1
5387	1
5388	5
5390	6
5391	9
5392	3
5393	5
5394	1
5395	5
5396	3
5397	5
5398	3
5399	1
5400	2
5401	1
5402	2
5403	5
5404	3
5405	3
5406	3
5407	3
5408	2
5409	1
5410	5
5411	5
5412	4
5413	1
5414	5
5415	1
5416	5
5417	2
5418	2
5419	2
5420	5
5421	3
5423	1
5424	5
5425	3
5426	3
5427	1
5428	7
5430	1
5431	3
5432	4
5433	5
5434	1
5435	1
5436	5
5437	5
5438	2
5439	5
5440	4
5441	3
5442	5
5443	3
5444	3
5445	2
5446	3
5447	1
5448	2
5449	4
5450	1
5451	4
5452	1
5453	4
5454	6
5455	2
5456	4
5457	5
5458	6
5459	2
5460	1
5461	4
5462	6
5463	5
5464	3
5465	1
5467	3
5468	2
5469	2
5470	1
5472	1
5473	3
5474	7
5475	5
5476	6
5477	4
5478	3
5479	3
5480	2
5481	2
5482	3
5483	2
5485	6
5486	2
5487	1
5488	4
5489	3
5490	1
5491	4
5493	3
5494	2
5495	5
5496	5
5497	4
5498	2
5499	1
5500	3
5501	3
5502	2
5503	5
5504	1
5505	2
5506	3
5507	4
5508	2
5509	4
5510	4
5511	6
5512	2
5513	4
5514	3
5515	4
5516	4
5517	7
5518	5
5519	3
5520	1
5521	5
5522	4
5523	5
5524	4
5525	3
5526	4
5527	3
5528	9
5529	3
5530	3
5531	6
5532	3
5533	3
5534	4
5535	1
5536	2
5537	1
5538	7
5539	3
5540	3
5541	4
5542	1
5543	3
5544	2
5545	2
5546	2
5547	1
5548	3
5549	2
5550	5
5552	1
5553	2
5554	2
5555	1
5556	6
5557	4
5559	6
5560	5
5561	4
5562	5
5563	3
5564	1
5565	2
5566	4
5569	2
5570	2
5571	1
5573	2
5574	1
5575	1
5576	1
5577	3
5578	1
5579	4
5580	4
5581	4
5582	3
5584	5
5585	3
5586	3
5587	2
5588	1
5590	2
5591	1
5592	1
5593	3
5594	1
5595	4
5596	4
5597	3
5598	4
5599	6
5600	1
5601	2
5602	1
5603	1
5604	2
5605	3
5606	4
5607	1
5608	5
5609	2
5610	5
5611	4
5612	1
5613	1
5614	2
5615	6
5616	4
5617	3
5618	2
5619	1
5620	4
5621	3
5622	3
5623	4
5624	7
5625	4
5626	3
5627	1
5628	1
5629	1
5630	5
5631	3
5632	3
5633	4
5634	4
5635	3
5636	4
5637	2
5638	2
5639	1
5640	2
5641	3
5642	4
5643	7
5645	1
5646	3
5647	3
5648	5
5649	2
5650	1
5651	1
5652	4
5654	5
5655	2
5657	2
5658	5
5659	3
5660	3
5661	2
5662	1
5663	2
5664	1
5665	4
5666	3
5667	1
5668	1
5669	2
5670	3
5671	1
5672	4
5673	2
5674	1
5675	1
5676	2
5677	3
5678	4
5679	4
5680	4
5681	3
5682	3
5683	3
5684	2
5685	2
5686	2
5687	3
5688	2
5689	3
5690	2
5691	3
5692	5
5693	2
5694	4
5695	1
5696	3
5697	1
5698	7
5699	1
5700	1
5701	3
5702	3
5703	4
5704	2
5705	2
5706	1
5707	2
5708	1
5709	7
5710	1
5711	1
5712	1
5713	2
5714	3
5715	2
5716	3
5717	1
5718	5
5719	2
5720	1
5721	3
5722	5
5723	1
5724	5
5725	3
5726	2
5727	6
5728	3
5730	7
5731	2
5732	1
5733	1
5734	2
5735	1
5736	2
5737	2
5738	3
5739	1
5741	1
5742	3
5743	1
5744	4
5745	2
5746	1
5747	4
5748	3
5749	3
5750	6
5751	4
5752	1
5753	4
5754	5
5755	2
5756	2
5757	2
5758	7
5759	2
5760	2
5761	2
5762	2
5763	1
5764	3
5765	2
5767	2
5768	1
5769	6
5770	2
5772	2
5773	5
5774	5
5775	2
5776	3
5778	2
5779	2
5780	2
5781	1
5782	2
5783	5
5784	7
5786	6
5787	2
5788	5
5789	1
5790	6
5791	5
5792	1
5793	2
5794	2
5796	3
5797	1
5798	1
5799	1
5800	2
5801	3
5802	8
5803	4
5804	5
5805	1
5806	1
5807	1
5808	1
5809	4
5810	5
5811	3
5812	6
5813	2
5814	1
5815	3
5816	2
5817	3
5818	2
5820	2
5821	2
5822	3
5823	3
5824	5
5825	6
5826	1
5827	1
5829	2
5830	7
5831	2
5832	4
5833	4
5834	4
5835	3
5836	5
5837	5
5838	4
5839	3
5840	3
5841	3
5842	1
5843	3
5844	5
5845	3
5846	2
5847	1
5848	5
5849	3
5850	2
5851	2
5852	1
5853	2
5854	3
5855	3
5856	4
5857	2
5858	1
5859	2
5860	4
5861	2
5862	3
5863	1
5865	7
5866	1
5867	3
5868	2
5869	3
5870	1
5871	1
5872	3
5873	1
5874	4
5875	2
5876	1
5877	2
5878	3
5879	1
5880	5
5881	1
5882	1
5884	4
5885	4
5886	3
5887	1
5888	3
5889	1
5890	4
5891	3
5892	3
5894	5
5895	5
5897	1
5898	1
5899	5
5900	3
5901	3
5902	2
5903	4
5904	4
5905	5
5906	1
5907	2
5908	3
5909	5
5910	2
5911	6
5912	4
5913	3
5914	2
5915	2
5916	4
5917	1
5918	2
5919	2
5921	1
5922	6
5923	4
5924	6
5925	2
5926	4
5927	1
5928	3
5929	3
5930	3
5931	1
5932	3
5933	5
5934	2
5935	1
5936	3
5937	1
5938	1
5939	3
5940	3
5941	4
5942	2
5943	2
5945	3
5946	1
5947	4
5948	2
5950	6
5951	2
5952	3
5953	1
5954	2
5955	1
5956	3
5957	1
5958	6
5959	3
5960	5
5961	2
5962	2
5963	1
5964	3
5965	3
5966	2
5967	3
5968	3
5969	1
5970	3
5971	2
5973	2
5974	2
5975	3
5976	1
5977	5
5978	3
5979	3
5980	2
5981	4
5982	3
5983	4
5984	1
5985	4
5986	2
5987	2
5988	2
5989	3
5990	1
5991	5
5992	2
5993	6
5995	4
5996	2
5997	1
5999	4
6000	3
6001	4
6002	2
6003	2
6004	2
6005	3
6006	2
6007	6
6008	1
6010	5
6011	2
6012	3
6013	1
6014	4
6015	1
6016	2
6017	1
6018	2
6019	3
6020	3
6021	1
6022	1
6023	1
6025	1
6026	3
6027	2
6028	2
6029	4
6030	1
6031	1
6032	3
6033	2
6034	1
6035	2
6036	2
6037	1
6038	3
6039	1
6040	2
6041	2
6043	2
6044	5
6045	1
6046	3
6047	2
6050	3
6051	5
6052	1
6053	2
6054	3
6055	4
6056	2
6057	3
6058	4
6059	2
6060	2
6061	1
6062	1
6063	4
6064	3
6065	6
6066	2
6067	2
6068	1
6069	2
6070	2
6071	1
6072	4
6073	1
6074	3
6075	2
6076	2
6077	2
6078	2
6079	1
6080	2
6083	6
6084	4
6085	3
6087	3
6088	1
6089	1
6090	1
6091	4
6092	2
6093	3
6094	2
6095	2
6096	4
6097	3
6098	2
6099	2
6100	1
6101	2
6102	2
6103	3
6104	1
6105	3
6106	4
6107	4
6108	3
6110	3
6111	4
6112	3
6113	3
6115	2
6116	1
6117	4
6118	3
6119	3
6120	1
6121	2
6122	5
6123	5
6124	2
6125	2
6126	4
6127	4
6128	4
6129	1
6130	1
6131	1
6132	6
6133	3
6134	5
6135	1
6136	1
6137	4
6138	1
6139	2
6140	2
6141	1
6142	1
6143	2
6144	4
6147	1
6148	1
6149	2
6150	2
6152	2
6153	2
6154	2
6155	5
6156	1
6157	3
6159	1
6160	5
6161	2
6162	4
6163	1
6164	2
6165	6
6166	2
6167	1
6168	4
6169	3
6170	2
6171	4
6172	3
6173	5
6174	5
6175	1
6176	2
6177	2
6178	5
6179	1
6181	2
6182	4
6183	1
6184	1
6185	3
6186	2
6187	1
6188	3
6189	3
6190	5
6191	6
6192	1
6194	2
6195	2
6197	5
6198	2
6199	3
6200	4
6201	1
6202	3
6203	2
6205	3
6206	4
6207	4
6208	2
6209	3
6210	2
6211	3
6212	1
6213	3
6214	3
6215	3
6216	1
6217	4
6218	4
6219	2
6220	1
6221	1
6222	4
6223	3
6224	1
6225	3
6227	3
6228	6
6229	1
6230	2
6231	6
6232	3
6233	1
6235	1
6236	2
6237	3
6238	2
6239	2
6241	1
6242	2
6243	5
6244	4
6245	1
6246	2
6247	2
6248	3
6249	1
6250	1
6251	4
6252	2
6253	3
6254	1
6255	2
6256	1
6257	2
6258	2
6259	3
6261	4
6262	1
6263	3
6264	1
6265	4
6267	2
6268	5
6269	2
6270	1
6271	1
6272	4
6273	2
6274	1
6275	2
6276	2
6277	2
6280	4
6281	2
6282	1
6283	3
6284	6
6285	2
6286	2
6287	1
6288	1
6290	1
6291	2
6292	4
6293	2
6294	3
6295	2
6296	2
6297	3
6298	2
6299	1
6300	2
6301	1
6302	2
6303	4
6304	2
6305	1
6307	2
6308	4
6309	5
6310	1
6311	4
6312	1
6313	2
6314	2
6315	3
6316	4
6318	1
6319	2
6320	5
6321	4
6323	1
6324	1
6325	1
6326	2
6327	4
6328	1
6330	2
6331	1
6332	2
6334	2
6335	4
6336	2
6337	3
6338	4
6339	3
6340	4
6342	1
6344	2
6345	4
6346	4
6347	5
6348	3
6350	2
6351	2
6352	4
6353	3
6354	1
6355	1
6357	3
6358	2
6359	1
6360	1
6361	1
6363	3
6364	4
6365	3
6367	1
6368	2
6369	4
6370	1
6371	1
6372	3
6373	6
6374	2
6375	3
6377	6
6378	3
6379	5
6380	4
6381	1
6382	3
6383	1
6384	3
6385	1
6386	4
6387	6
6388	4
6389	2
6390	2
6391	1
6392	2
6394	2
6395	4
6396	1
6397	1
6398	2
6399	1
6401	2
6402	5
6403	1
6404	4
6406	6
6407	2
6409	1
6410	1
6411	2
6412	1
6413	4
6415	2
6416	3
6418	2
6419	2
6421	3
6422	1
6423	1
6424	2
6425	2
6426	2
6427	2
6428	1
6429	1
6432	2
6433	2
6434	2
6435	1
6436	3
6437	2
6438	2
6439	3
6440	3
6441	1
6443	2
6445	5
6446	2
6447	2
6448	2
6449	1
6450	2
6451	2
6452	2
6453	2
6454	1
6455	1
6456	1
6457	3
6458	2
6459	2
6460	1
6461	1
6462	1
6463	1
6464	2
6465	1
6466	1
6467	2
6468	2
6469	1
6470	2
6472	5
6473	2
6474	2
6475	2
6476	1
6477	3
6478	1
6479	2
6480	4
6481	3
6482	1
6485	1
6487	1
6488	1
6489	2
6490	3
6491	2
6492	2
6494	1
6495	1
6496	2
6498	3
6499	4
6500	3
6501	1
6502	2
6503	1
6504	2
6505	1
6507	3
6508	2
6510	2
6511	1
6512	3
6513	1
6514	2
6515	2
6516	1
6518	1
6519	1
6520	1
6521	3
6522	3
6523	1
6524	2
6525	2
6526	4
6527	4
6528	4
6529	2
6530	1
6531	1
6532	2
6533	1
6534	2
6535	2
6536	2
6537	3
6538	1
6539	2
6540	2
6541	1
6542	5
6544	2
6545	2
6547	2
6548	2
6549	4
6551	2
6552	1
6553	1
6554	1
6555	1
6556	4
6557	1
6558	4
6559	1
6560	2
6561	2
6562	2
6563	4
6565	1
6566	1
6567	2
6568	2
6569	1
6570	2
6571	2
6573	2
6574	2
6575	1
6577	1
6578	2
6579	2
6581	3
6583	1
6584	2
6585	2
6586	2
6587	1
6589	3
6590	2
6591	1
6592	3
6593	4
6594	4
6595	2
6596	2
6597	1
6599	1
6601	3
6602	2
6603	1
6604	1
6605	2
6606	5
6607	1
6608	6
6609	3
6611	1
6612	5
6613	5
6614	1
6617	1
6618	1
6619	1
6620	2
6621	1
6625	2
6626	2
6629	3
6630	1
6631	2
6632	1
6633	1
6634	1
6635	1
6636	1
6637	5
6638	1
6639	1
6640	1
6641	6
6642	2
6643	4
6644	3
6645	4
6646	2
6647	1
6648	1
6649	1
6650	3
6652	4
6653	4
6654	3
6655	3
6656	1
6657	3
6659	2
6660	4
6661	1
6663	2
6664	2
6665	3
6666	1
6667	1
6668	3
6669	1
6670	1
6671	3
6672	2
6673	2
6674	1
6675	3
6677	2
6679	1
6682	2
6683	2
6684	2
6685	2
6686	2
6687	2
6688	3
6689	1
6690	1
6691	2
6692	2
6694	3
6695	1
6696	4
6697	1
6698	3
6699	3
6700	1
6702	1
6703	3
6704	2
6705	2
6708	3
6709	3
6710	1
6711	2
6712	2
6713	1
6714	1
6716	1
6717	2
6718	3
6720	1
6721	1
6723	3
6724	3
6726	2
6728	1
6730	1
6731	1
6732	1
6733	2
6734	2
6735	2
6736	1
6737	3
6738	5
6739	4
6740	3
6741	2
6742	3
6743	3
6744	3
6745	2
6746	2
6747	2
6748	2
6749	4
6750	1
6752	2
6754	3
6756	1
6757	2
6758	2
6759	5
6760	1
6761	4
6762	2
6764	1
6765	3
6766	1
6767	1
6768	1
6771	1
6772	1
6774	3
6776	2
6777	2
6778	3
6779	3
6780	2
6781	1
6782	2
6783	4
6784	4
6785	1
6787	1
6790	1
6791	1
6792	1
6794	3
6795	1
6797	1
6798	2
6799	2
6800	2
6801	3
6803	1
6804	1
6805	4
6806	2
6807	2
6808	2
6809	3
6810	3
6811	2
6812	1
6813	1
6814	1
6815	2
6816	1
6817	3
6818	2
6819	2
6820	2
6821	2
6822	1
6823	3
6825	1
6826	1
6829	1
6830	1
6831	3
6832	5
6833	3
6834	1
6837	3
6838	1
6839	1
6840	1
6841	1
6842	1
6844	5
6845	7
6846	1
6847	1
6848	2
6849	3
6850	2
6851	3
6852	4
6853	1
6854	1
6855	2
6857	3
6858	1
6860	1
6861	3
6862	4
6864	1
6865	3
6867	2
6868	7
6869	1
6870	3
6871	1
6872	5
6873	1
6874	1
6876	1
6877	2
6878	3
6879	2
6880	2
6881	1
6882	1
6883	4
6885	2
6886	1
6887	1
6888	2
6889	1
6890	1
6891	2
6892	1
6894	5
6896	3
6897	6
6898	2
6899	1
6900	3
6901	2
6902	1
6903	2
6904	2
6906	2
6908	2
6911	2
6913	1
6914	1
6915	3
6916	2
6917	3
6918	3
6919	1
6920	2
6921	5
6922	1
6923	1
6924	1
6925	1
6928	3
6929	1
6930	3
6931	3
6932	2
6933	2
6934	2
6935	2
6936	2
6937	1
6938	2
6939	1
6940	1
6941	2
6942	1
6943	1
6944	4
6945	2
6946	3
6947	3
6949	1
6950	1
6951	1
6952	2
6954	2
6955	1
6957	2
6958	2
6961	2
6962	3
6963	3
6964	1
6965	4
6967	2
6968	4
6969	2
6970	3
6971	1
6972	2
6973	1
6974	2
6975	4
6976	1
6977	1
6979	2
6981	4
6982	2
6983	1
6986	4
6987	1
6988	3
6990	5
6991	2
6993	2
6994	2
6996	1
6997	1
6998	1
7001	3
7002	2
7003	4
7004	1
7006	1
7007	2
7009	1
7010	3
7011	1
7012	1
7013	3
7014	4
7015	2
7016	1
7017	1
7018	1
7019	2
7020	1
7021	1
7022	1
7023	2
7024	2
7025	1
7026	2
7027	3
7029	3
7031	2
7032	2
7033	1
7034	1
7035	1
7038	3
7039	1
7040	2
7041	2
7043	1
7045	1
7046	1
7047	1
7048	1
7049	1
7050	1
7051	2
7052	2
7053	4
7055	3
7057	1
7058	3
7059	2
7060	2
7062	1
7063	4
7064	3
7065	4
7066	1
7067	1
7068	4
7069	4
7070	2
7071	2
7072	3
7073	1
7075	1
7078	1
7079	1
7080	1
7082	1
7083	2
7084	3
7085	1
7088	3
7089	1
7090	1
7091	1
7092	3
7093	1
7094	2
7095	2
7096	1
7100	2
7101	2
7102	3
7104	1
7105	2
7106	2
7107	1
7108	1
7109	3
7110	2
7111	1
7112	1
7113	1
7117	1
7118	2
7119	3
7120	1
7121	2
7123	2
7124	1
7125	4
7126	3
7127	1
7130	3
7132	1
7133	2
7134	3
7135	2
7136	2
7138	2
7139	1
7140	3
7141	3
7142	1
7144	3
7145	2
7146	1
7147	4
7148	1
7149	4
7150	6
7153	2
7155	3
7156	1
7157	2
7160	1
7161	1
7163	5
7164	1
7165	1
7166	3
7167	5
7169	2
7171	2
7172	2
7173	4
7174	1
7175	1
7176	1
7177	1
7179	2
7180	1
7182	2
7184	2
7185	1
7186	3
7187	1
7188	2
7189	1
7190	1
7191	3
7193	2
7194	3
7195	1
7197	1
7199	2
7201	4
7202	3
7203	5
7204	1
7205	1
7206	1
7209	2
7210	1
7213	3
7214	2
7218	3
7219	2
7220	2
7221	1
7222	1
7227	1
7228	1
7229	4
7230	2
7231	1
7232	2
7233	2
7234	1
7235	3
7236	1
7237	2
7238	2
7239	2
7240	2
7241	6
7242	1
7243	1
7245	2
7246	2
7247	1
7248	2
7249	2
7250	1
7252	1
7253	2
7254	1
7255	1
7256	2
7257	1
7261	4
7262	3
7264	2
7267	2
7269	1
7270	2
7271	1
7272	2
7273	2
7274	1
7275	1
7276	2
7277	2
7278	2
7279	1
7280	4
7281	1
7282	3
7283	1
7284	5
7286	1
7287	1
7288	2
7290	1
7291	4
7293	1
7297	1
7300	2
7301	1
7305	1
7306	1
7308	1
7310	2
7311	1
7313	1
7314	1
7315	1
7316	1
7318	2
7320	1
7322	2
7324	2
7325	2
7326	1
7327	3
7328	4
7329	1
7330	2
7331	2
7332	2
7333	3
7334	1
7337	1
7339	1
7340	1
7341	2
7342	1
7343	1
7344	3
7345	2
7346	2
7347	3
7349	3
7350	1
7351	1
7352	2
7354	1
7355	3
7356	1
7357	1
7358	2
7359	2
7360	2
7363	1
7364	2
7365	2
7367	2
7369	5
7371	4
7373	1
7375	3
7377	3
7378	2
7379	3
7381	2
7382	1
7384	1
7387	1
7388	2
7390	3
7391	2
7392	1
7394	3
7396	1
7397	1
7398	2
7399	1
7400	1
7402	1
7405	1
7406	1
7407	2
7408	3
7409	2
7411	1
7412	1
7413	1
7414	1
7415	1
7416	1
7417	1
7418	2
7419	4
7420	1
7421	1
7422	3
7423	2
7424	2
7426	1
7429	2
7431	1
7434	2
7435	2
7436	3
7437	2
7438	2
7439	3
7441	1
7442	1
7443	3
7445	3
7447	1
7448	4
7450	2
7451	1
7453	1
7454	1
7455	2
7457	2
7458	2
7459	4
7460	2
7461	2
7462	4
7463	2
7464	2
7466	6
7467	1
7468	2
7469	1
7470	2
7471	1
7472	2
7473	1
7474	1
7477	2
7480	1
7481	2
7487	3
7489	2
7492	1
7493	2
7494	1
7495	1
7496	1
7497	1
7500	1
7502	2
7503	2
7504	1
7505	2
7506	1
7508	2
7509	4
7510	1
7514	1
7516	1
7517	1
7518	1
7519	2
7520	2
7522	1
7523	1
7524	7
7525	2
7526	2
7527	1
7528	1
7530	4
7532	1
7534	2
7535	2
7536	2
7538	3
7539	1
7540	2
7541	3
7542	1
7543	1
7544	2
7545	4
7546	1
7547	2
7548	1
7549	1
7551	2
7552	2
7553	2
7554	2
7556	2
7557	2
7558	2
7559	4
7560	2
7562	2
7564	2
7567	1
7568	2
7569	2
7570	1
7571	3
7572	1
7576	1
7577	3
7583	1
7584	3
7586	1
7590	1
7591	2
7592	4
7593	1
7594	3
7595	2
7596	1
7597	1
7598	2
7599	2
7600	1
7602	2
7603	1
7606	1
7608	2
7609	1
7615	2
7616	3
7618	2
7619	1
7620	1
7621	1
7624	2
7625	1
7626	1
7627	1
7628	1
7631	2
7632	3
7633	2
7636	2
7637	3
7639	1
7642	2
7644	2
7645	1
7646	1
7647	1
7648	1
7650	2
7651	1
7652	1
7653	2
7654	3
7655	2
7657	1
7659	3
7660	1
7661	1
7664	2
7665	1
7667	2
7668	3
7669	1
7670	1
7672	1
7674	1
7675	1
7676	1
7678	3
7679	1
7681	1
7682	1
7683	1
7685	5
7687	2
7688	5
7689	3
7690	1
7692	1
7693	1
7696	1
7697	1
7698	2
7699	1
7700	2
7701	1
7702	1
7705	4
7708	1
7709	1
7711	1
7713	1
7714	2
7715	3
7717	2
7719	1
7720	1
7721	1
7722	3
7724	2
7728	1
7729	1
7730	1
7731	1
7732	1
7734	2
7735	2
7736	2
7737	2
7738	2
7739	3
7740	4
7741	1
7742	2
7743	4
7744	1
7745	3
7746	1
7747	2
7750	2
7751	1
7752	1
7754	1
7758	2
7759	1
7760	1
7761	1
7764	2
7766	2
7767	1
7768	2
7769	1
7772	1
7773	1
7774	1
7775	2
7777	1
7778	2
7779	1
7780	2
7781	2
7783	2
7785	2
7787	3
7794	3
7795	3
7796	2
7798	3
7799	1
7800	1
7802	1
7803	1
7804	3
7805	1
7806	2
7809	1
7816	1
7821	1
7822	1
7823	2
7824	1
7825	1
7826	1
7827	3
7828	1
7830	2
7831	1
7832	1
7833	1
7834	3
7835	1
7836	1
7837	1
7838	2
7839	1
7840	2
7841	3
7842	1
7843	2
7846	1
7847	1
7850	1
7853	1
7855	1
7856	2
7858	5
7859	1
7860	1
7862	2
7863	1
7865	2
7866	1
7869	1
7870	3
7872	2
7873	2
7874	3
7875	1
7876	1
7877	1
7878	1
7879	1
7882	1
7884	3
7886	2
7888	1
7890	2
7893	1
7894	1
7895	1
7897	2
7898	1
7899	2
7900	4
7901	3
7903	1
7905	1
7906	1
7909	1
7911	1
7912	1
7913	3
7914	2
7915	1
7916	1
7917	1
7920	1
7922	3
7923	3
7925	1
7929	1
7930	2
7931	2
7932	3
7934	2
7936	1
7937	1
7938	1
7939	4
7945	1
7947	2
7949	1
7950	2
7951	1
7953	1
7954	1
7956	1
7957	3
7958	2
7959	1
7960	1
7962	3
7963	3
7966	1
7968	3
7971	1
7974	1
7975	4
7976	1
7977	2
7978	2
7979	2
7981	2
7982	1
7985	2
7986	1
7987	2
7988	3
7989	2
7991	1
7992	1
7993	1
7994	1
7995	1
7996	2
7997	3
8000	2
8001	1
8002	1
8003	1
8006	3
8008	2
8009	3
8011	2
8012	1
8015	1
8016	1
8017	1
8021	1
8022	1
8025	1
8027	1
8028	2
8029	1
8030	2
8034	1
8036	2
8038	1
8040	1
8041	2
8043	1
8044	1
8045	1
8046	3
8047	1
8048	2
8052	1
8054	1
8057	2
8058	2
8059	1
8060	1
8061	2
8062	1
8063	1
8064	1
8066	1
8067	1
8069	3
8073	1
8075	1
8076	3
8077	3
8078	1
8079	1
8080	1
8082	1
8084	4
8085	2
8086	1
8088	1
8089	1
8090	4
8091	1
8095	1
8096	1
8097	1
8099	3
8100	1
8101	1
8102	1
8103	1
8104	1
8105	1
8107	1
8110	4
8114	1
8115	1
8118	1
8119	1
8121	2
8125	1
8128	2
8129	1
8130	1
8134	1
8135	2
8138	2
8139	2
8140	1
8143	2
8145	5
8147	3
8149	1
8155	2
8156	2
8157	1
8158	1
8168	2
8170	1
8171	1
8173	2
8174	1
8176	1
8177	2
8178	1
8179	1
8181	1
8182	1
8183	4
8184	1
8186	1
8187	2
8188	1
8192	1
8194	1
8195	3
8199	2
8205	2
8206	2
8208	1
8209	1
8211	1
8214	1
8215	1
8216	1
8218	1
8219	2
8220	1
8221	1
8222	2
8224	2
8225	1
8226	1
8227	2
8228	3
8229	1
8231	4
8233	1
8235	1
8236	1
8238	1
8239	1
8240	2
8243	1
8244	1
8245	2
8246	1
8247	1
8248	1
8250	1
8252	1
8254	1
8257	2
8258	2
8259	1
8260	1
8265	1
8267	1
8268	1
8274	1
8275	2
8276	2
8277	1
8278	2
8280	3
8281	1
8282	2
8283	1
8287	1
8288	2
8291	1
8295	1
8296	1
8297	1
8298	1
8299	1
8300	1
8301	3
8302	2
8303	3
8304	2
8305	2
8306	1
8307	3
8308	1
8314	1
8315	1
8316	2
8317	1
8322	2
8325	1
8327	1
8328	1
8330	1
8332	1
8333	1
8334	2
8335	1
8337	1
8338	4
8339	2
8341	1
8342	2
8343	3
8345	1
8347	4
8348	1
8349	2
8350	2
8351	1
8353	1
8354	2
8356	2
8358	2
8360	2
8361	1
8362	1
8363	1
8368	1
8369	1
8370	1
8371	1
8374	1
8375	1
8377	1
8379	3
8380	2
8381	1
8385	1
8387	1
8388	2
8389	3
8390	1
8391	2
8393	1
8396	1
8397	2
8398	1
8399	1
8401	2
8403	3
8404	2
8406	2
8409	2
8411	1
8412	2
8413	1
8414	2
8415	2
8416	2
8417	2
8420	3
8423	1
8424	2
8427	1
8429	3
8430	1
8432	1
8435	1
8436	1
8438	1
8440	1
8442	1
8443	1
8444	2
8445	1
8447	2
8449	1
8451	1
8453	1
8455	1
8457	1
8458	1
8459	2
8463	2
8464	1
8466	1
8467	1
8468	1
8469	1
8471	1
8472	1
8477	3
8478	1
8479	1
8481	1
8482	1
8484	1
8487	1
8489	1
8490	1
8491	2
8493	2
8494	3
8496	1
8497	2
8499	3
8501	2
8502	1
8507	1
8508	3
8509	3
8510	1
8512	2
8513	2
8519	2
8524	1
8525	1
8528	3
8529	1
8530	1
8531	2
8532	2
8533	2
8535	2
8541	1
8543	1
8544	1
8547	2
8548	1
8549	2
8550	2
8551	1
8554	1
8557	1
8558	1
8559	1
8561	1
8566	1
8567	3
8569	1
8570	1
8571	1
8574	1
8578	1
8580	1
8582	2
8585	2
8589	1
8590	1
8591	1
8592	1
8593	1
8594	1
8600	1
8605	1
8608	1
8609	1
8610	2
8615	1
8617	1
8618	3
8619	1
8621	2
8622	1
8623	2
8624	3
8626	1
8627	1
8629	1
8630	1
8631	2
8633	1
8635	1
8636	1
8637	1
8638	1
8639	1
8640	1
8641	1
8642	1
8645	2
8646	1
8647	1
8651	2
8654	2
8656	2
8657	3
8658	1
8660	2
8663	2
8664	2
8665	1
8666	1
8667	1
8669	2
8673	2
8675	1
8676	2
8677	1
8678	2
8682	2
8683	1
8686	1
8687	2
8689	1
8690	2
8691	1
8696	1
8697	1
8698	1
8700	2
8702	1
8704	2
8706	2
8710	2
8712	2
8713	1
8717	1
8718	2
8719	1
8722	3
8723	1
8724	1
8726	1
8727	1
8735	1
8736	1
8738	1
8740	1
8741	1
8742	1
8743	1
8744	1
8747	2
8749	1
8750	2
8751	1
8752	1
8754	1
8755	1
8758	1
8762	1
8763	1
8764	1
8765	2
8766	1
8767	2
8770	1
8771	1
8772	2
8773	1
8776	1
8779	1
8780	1
8782	1
8784	1
8785	2
8786	1
8787	1
8788	1
8789	1
8792	2
8794	3
8796	1
8800	1
8801	2
8803	2
8804	1
8805	2
8807	2
8808	2
8809	4
8812	1
8813	1
8817	1
8818	1
8820	1
8822	1
8826	1
8829	1
8830	2
8832	2
8833	2
8837	1
8840	1
8842	1
8843	1
8844	1
8846	2
8847	1
8851	1
8853	1
8855	1
8858	1
8860	1
8861	1
8862	2
8863	1
8864	1
8871	1
8873	1
8875	1
8880	1
8882	1
8883	1
8886	1
8889	2
8892	1
8897	1
8901	1
8902	1
8903	1
8904	2
8905	2
8906	1
8907	1
8910	2
8912	1
8914	2
8917	2
8918	1
8920	1
8922	1
8926	1
8927	1
8929	2
8934	1
8938	1
8940	1
8941	1
8942	1
8943	1
8945	1
8952	1
8955	1
8957	1
8959	1
8961	2
8966	1
8967	2
8968	1
8970	2
8972	1
8976	1
8978	1
8980	1
8981	1
8982	1
8984	1
8986	1
8987	2
8992	1
8993	1
8995	1
8998	1
9001	1
9002	2
9003	2
9004	1
9009	1
9010	1
9011	3
9013	1
9014	1
9016	1
9017	1
9019	1
9020	2
9021	1
9025	1
9026	2
9027	1
9032	1
9034	1
9037	2
9039	2
9040	2
9041	1
9042	1
9044	3
9047	1
9050	3
9051	1
9052	2
9058	1
9060	2
9062	1
9065	1
9066	1
9067	1
9068	1
9069	1
9070	1
9073	2
9074	1
9076	3
9077	1
9080	1
9083	2
9086	1
9087	1
9093	1
9097	1
9100	1
9103	1
9104	1
9105	1
9106	2
9108	1
9109	5
9113	2
9115	1
9116	1
9117	2
9118	2
9121	1
9122	1
9123	2
9124	1
9125	1
9126	1
9127	1
9129	1
9131	1
9132	2
9138	1
9141	1
9145	1
9147	2
9148	1
9149	1
9151	1
9152	3
9153	1
9154	2
9156	1
9158	1
9159	1
9160	1
9161	2
9163	1
9164	1
9165	1
9166	1
9169	1
9174	2
9175	2
9176	1
9179	1
9182	1
9184	3
9186	1
9187	1
9188	1
9191	2
9195	2
9200	1
9202	1
9203	1
9204	1
9206	3
9209	3
9210	2
9211	2
9214	1
9216	1
9218	1
9220	1
9222	3
9224	2
9228	1
9229	1
9231	1
9232	2
9233	1
9236	1
9237	2
9242	1
9243	2
9244	1
9245	1
9246	1
9247	2
9248	1
9250	1
9252	2
9253	1
9254	1
9257	1
9259	1
9262	3
9263	2
9266	1
9267	2
9268	2
9269	1
9270	1
9275	1
9280	1
9284	1
9285	1
9286	1
9289	1
9293	1
9294	1
9295	2
9297	1
9299	1
9302	2
9303	1
9304	1
9306	1
9307	2
9308	1
9309	2
9310	2
9313	1
9314	1
9322	1
9323	1
9324	1
9326	1
9328	1
9332	1
9336	3
9337	1
9338	1
9344	2
9351	1
9356	1
9358	1
9360	2
9362	1
9363	2
9364	1
9370	2
9373	1
9374	1
9377	1
9378	1
9380	1
9382	1
9383	1
9384	2
9391	1
9394	2
9399	1
9401	1
9403	1
9404	1
9405	1
9406	2
9415	1
9417	1
9419	1
9421	1
9423	2
9424	1
9429	2
9431	2
9432	2
9434	1
9437	1
9439	2
9440	2
9444	1
9445	1
9446	1
9447	1
9448	1
9453	1
9454	2
9455	2
9459	1
9461	1
9464	2
9465	1
9469	1
9473	1
9475	3
9478	2
9481	3
9482	1
9483	1
9485	1
9491	1
9493	2
9494	1
9499	2
9501	1
9502	2
9503	3
9504	1
9505	1
9506	1
9511	1
9515	1
9516	1
9518	1
9522	1
9527	1
9529	1
9541	2
9546	1
9548	3
9549	1
9552	1
9558	1
9560	1
9562	1
9564	2
9569	1
9575	1
9576	1
9577	1
9579	2
9581	1
9586	1
9590	2
9591	1
9594	2
9595	2
9599	1
9602	1
9604	1
9607	1
9609	1
9612	2
9613	2
9614	1
9615	1
9619	1
9621	1
9622	1
9625	1
9626	2
9627	1
9631	1
9632	1
9633	1
9634	2
9636	1
9638	3
9640	1
9641	4
9642	1
9643	1
9646	2
9647	1
9648	1
9652	1
9653	1
9655	1
9657	1
9658	1
9659	2
9662	1
9668	1
9669	1
9674	1
9675	1
9679	1
9683	1
9685	1
9686	2
9688	2
9689	1
9690	1
9696	1
9698	1
9699	1
9701	1
9706	2
9707	1
9711	1
9716	1
9717	1
9718	1
9719	1
9720	1
9722	1
9725	1
9726	1
9728	1
9729	2
9732	1
9737	1
9742	1
9744	1
9745	1
9747	2
9749	1
9750	1
9751	1
9753	2
9754	2
9765	1
9771	1
9779	1
9782	1
9783	1
9784	1
9787	1
9789	1
9790	1
9791	1
9793	1
9796	1
9799	1
9800	1
9803	1
9804	1
9808	1
9816	1
9824	2
9825	1
9827	2
9828	1
9835	1
9837	1
9844	1
9845	2
9846	1
9849	2
9850	1
9854	1
9859	1
9862	1
9864	2
9867	1
9869	1
9870	1
9877	1
9878	1
9882	1
9884	1
9885	1
9888	2
9890	1
9892	1
9894	1
9898	2
9900	2
9904	1
9906	1
9912	1
9914	1
9918	1
9919	1
9920	1
9922	1
9924	1
9925	1
9926	1
9927	1
9928	2
9930	1
9932	1
9934	2
9935	3
9936	1
9938	1
9942	2
9944	1
9950	1
9952	2
9954	1
9957	1
9960	1
9962	1
9964	1
9966	2
9967	2
9968	1
9971	1
9973	1
9980	1
9981	1
9982	1
9986	1
9987	1
9988	1
9994	1
9995	1
10001	1
10002	1
10003	1
10005	2
10006	1
10011	1
10016	1
10017	2
10018	2
10023	1
10024	1
10025	1
10027	2
10028	1
10032	1
10034	2
10044	1
10046	1
10047	2
10048	2
10049	2
10050	1
10052	1
10053	1
10058	1
10059	1
10061	1
10064	1
10065	1
10066	2
10069	1
10078	1
10082	1
10092	1
10093	1
10094	2
10098	1
10101	1
10107	1
10113	1
10118	1
10120	1
10134	3
10135	1
10136	1
10137	2
10139	1
10140	1
10144	1
10146	1
10147	1
10148	1
10149	2
10153	1
10157	2
10158	2
10160	3
10162	1
10164	1
10171	2
10173	1
10175	1
10178	1
10185	2
10188	1
10189	1
10190	1
10193	1
10195	1
10199	2
10200	1
10202	1
10203	1
10208	1
10210	1
10218	1
10220	2
10223	1
10225	1
10228	2
10229	1
10231	1
10235	1
10236	2
10238	2
10239	1
10243	1
10244	1
10247	1
10252	1
10254	1
10256	1
10257	1
10260	1
10271	1
10273	2
10277	1
10283	1
10285	1
10286	2
10291	1
10294	1
10296	1
10301	1
10302	1
10303	2
10305	2
10308	1
10310	1
10313	2
10314	1
10318	1
10319	1
10321	1
10322	1
10329	1
10330	2
10331	2
10332	2
10335	1
10336	1
10337	1
10344	1
10345	1
10349	1
10361	1
10369	1
10371	1
10372	1
10374	1
10378	3
10379	1
10386	2
10387	1
10404	1
10405	1
10406	1
10407	1
10409	2
10410	1
10411	1
10412	1
10415	1
10419	1
10421	1
10423	1
10425	1
10427	1
10430	1
10431	1
10433	1
10435	1
10441	1
10444	1
10447	1
10450	1
10452	1
10457	1
10460	1
10461	1
10465	1
10466	1
10471	1
10473	1
10474	1
10478	1
10480	1
10485	1
10493	1
10495	1
10498	1
10501	1
10504	1
10505	1
10509	1
10513	2
10514	2
10515	1
10516	1
10517	1
10520	1
10523	1
10530	1
10534	1
10535	1
10539	1
10542	1
10543	3
10547	1
10549	2
10552	1
10560	1
10563	1
10570	1
10576	1
10577	1
10578	1
10581	1
10582	1
10586	1
10590	2
10592	1
10597	1
10598	1
10600	1
10601	1
10609	1
10617	1
10618	2
10623	2
10626	1
10627	1
10631	1
10639	1
10640	1
10642	1
10646	1
10654	1
10656	1
10659	1
10660	1
10664	1
10669	2
10670	2
10677	2
10685	1
10687	1
10690	1
10692	1
10715	2
10716	1
10720	1
10721	1
10726	1
10744	1
10748	1
10752	1
10761	1
10778	1
10788	1
10790	1
10793	1
10794	1
10805	1
10807	1
10808	2
10811	1
10814	1
10817	1
10819	1
10825	1
10831	1
10832	1
10834	1
10837	1
10838	1
10840	1
10843	1
10844	2
10845	1
10846	1
10847	1
10848	1
10863	1
10864	1
10870	1
10872	2
10875	2
10876	1
10885	1
10886	1
10887	1
10888	1
10889	1
10893	1
10896	1
10900	1
10903	1
10908	1
10911	2
10913	1
10914	1
10915	1
10916	1
10917	1
10922	1
10925	1
10926	1
10938	1
10941	3
10946	1
10949	1
10960	1
10962	1
10964	1
10966	1
10977	1
10982	2
10984	1
10986	1
11000	1
11002	1
11009	1
11010	1
11015	1
11016	1
11024	1
11030	2
11034	2
11036	1
11039	1
11040	1
11041	1
11043	1
11046	1
11050	1
11053	1
11062	1
11063	1
11066	1
11067	1
11076	1
11080	2
11084	1
11087	2
11089	1
11091	1
11095	1
11101	1
11103	1
11107	1
11109	1
11112	1
11113	1
11125	1
11128	1
11133	1
11137	2
11140	1
11141	1
11142	1
11146	2
11148	1
11164	2
11169	1
11175	1
11176	1
11178	1
11180	1
11184	1
11191	1
11193	1
11194	1
11198	2
11202	1
11203	1
11207	2
11211	1
11215	2
11220	1
11226	1
11230	1
11232	1
11243	1
11247	1
11254	1
11256	1
11257	1
11258	1
11259	1
11262	1
11268	1
11269	1
11271	1
11273	1
11290	1
11291	1
11301	1
11311	1
11314	1
11315	1
11319	1
11324	1
11330	1
11331	1
11332	1
11333	1
11335	1
11338	1
11346	1
11353	1
11354	1
11357	1
11360	1
11364	1
11365	2
11366	1
11368	1
11371	1
11380	2
11383	1
11387	1
11390	1
11392	1
11395	1
11396	1
11401	1
11405	1
11406	1
11410	1
11411	1
11413	1
11426	1
11432	1
11441	1
11452	1
11464	1
11466	1
11468	1
11469	1
11470	2
11475	1
11477	1
11483	1
11486	1
11488	2
11490	1
11494	1
11495	1
11503	1
11506	1
11516	1
11518	1
11519	1
11528	1
11532	1
11540	1
11542	1
11546	1
11549	1
11557	1
11564	1
11565	1
11567	1
11570	1
11571	1
11581	1
11583	1
11587	1
11589	3
11591	1
11609	1
11610	1
11612	1
11616	2
11624	1
11632	1
11636	1
11638	1
11648	1
11659	1
11670	1
11678	1
11681	1
11685	1
11700	1
11702	1
11713	1
11716	1
11722	2
11731	1
11739	1
11741	1
11743	1
11751	1
11762	1
11764	1
11771	1
11790	1
11791	1
11797	1
11799	1
11812	1
11813	1
11822	1
11824	1
11826	1
11829	1
11832	1
11834	1
11839	1
11840	1
11844	1
11849	1
11850	2
11853	1
11854	1
11856	1
11859	1
11886	1
11892	1
11901	1
11907	1
11920	1
11925	1
11933	1
11938	1
11939	1
11945	1
11947	2
11966	1
11971	1
11972	1
11979	1
11983	1
11988	1
12006	1
12007	1
12008	1
12009	1
12018	1
12030	1
12035	1
12036	1
12043	1
12046	1
12049	1
12050	1
12054	1
12061	1
12071	1
12078	1
12081	1
12086	1
12087	1
12104	2
12107	1
12109	1
12110	1
12111	1
12120	2
12121	1
12122	1
12126	1
12128	1
12135	1
12138	1
12141	1
12145	1
12147	1
12151	2
12157	1
12170	1
12173	1
12179	1
12180	1
12183	2
12185	1
12196	1
12198	1
12207	1
12228	1
12229	1
12230	1
12245	2
12247	1
12251	1
12256	1
12257	1
12263	1
12278	1
12282	1
12284	1
12295	1
12298	1
12308	1
12309	1
12338	2
12340	1
12345	1
12346	1
12357	1
12359	1
12363	1
12368	1
12373	1
12380	1
12384	1
12385	1
12395	1
12404	1
12406	1
12408	1
12410	1
12413	1
12420	1
12424	1
12428	1
12433	1
12436	1
12448	1
12450	1
12451	1
12457	1
12458	1
12464	1
12473	1
12475	1
12483	2
12487	1
12507	1
12512	1
12531	1
12534	1
12535	1
12545	1
12550	1
12551	1
12560	1
12568	1
12570	1
12573	1
12574	1
12584	1
12588	1
12591	1
12593	1
12596	2
12599	1
12601	1
12607	1
12610	1
12611	1
12614	1
12616	2
12623	1
12625	1
12630	1
12642	1
12647	1
12656	1
12664	1
12668	1
12686	1
12689	1
12697	1
12699	1
12726	1
12733	1
12738	1
12746	2
12749	1
12758	1
12767	1
12768	1
12775	1
12783	2
12790	1
12794	1
12795	1
12801	1
12802	1
12804	1
12806	1
12807	1
12809	1
12810	1
12821	1
12830	1
12844	1
12847	1
12851	1
12859	1
12863	1
12880	2
12891	1
12901	1
12905	1
12908	1
12909	1
12920	2
12921	1
12923	1
12931	1
12936	2
12940	1
12952	1
12974	1
12977	1
12994	1
13005	1
13006	1
13016	1
13017	1
13022	1
13023	1
13032	1
13040	1
13052	1
13055	1
13059	2
13066	1
13074	1
13076	1
13090	1
13098	1
13100	1
13112	1
13114	1
13119	1
13125	2
13126	1
13138	1
13139	1
13145	1
13149	1
13161	1
13171	1
13202	1
13203	1
13216	1
13227	1
13234	1
13241	1
13248	1
13251	1
13261	1
13264	1
13266	1
13277	1
13278	1
13287	1
13289	1
13292	1
13304	1
13325	1
13337	1
13340	1
13341	1
13344	1
13347	1
13354	2
13356	1
13360	1
13364	1
13365	1
13384	1
13402	1
13410	1
13411	1
13413	1
13415	1
13466	1
13468	1
13480	3
13481	1
13482	1
13488	1
13495	2
13521	1
13530	1
13532	1
13536	1
13541	2
13544	1
13550	1
13563	1
13568	1
13576	1
13605	1
13616	1
13635	1
13636	1
13641	1
13673	1
13676	1
13682	1
13683	1
13687	1
13695	1
13700	1
13706	1
13710	1
13712	1
13718	1
13726	1
13737	1
13739	1
13746	1
13749	1
13764	1
13777	1
13786	1
13792	1
13797	1
13801	1
13802	1
13806	1
13818	1
13834	1
13836	1
13855	1
13871	1
13872	1
13875	2
13901	1
13906	1
13921	1
13928	1
13929	1
13931	1
13933	1
13934	1
13946	1
13953	1
13956	1
13963	1
13970	1
13979	1
14001	1
14010	1
14030	1
14045	1
14072	1
14075	1
14082	1
14090	1
14091	1
14095	1
14097	1
14106	1
14135	2
14148	1
14168	1
14205	1
14238	1
14290	1
14299	1
14313	1
14314	1
14331	1
14366	1
14372	1
14388	1
14395	1
14404	1
14407	1
14410	1
14415	1
14435	1
14442	1
14443	1
14463	1
14469	1
14493	1
14494	1
14499	1
14508	1
14535	1
14536	1
14575	1
14589	1
14630	1
14634	1
14644	2
14668	2
14674	1
14675	1
14679	1
14698	1
14709	1
14711	1
14733	1
14758	1
14763	1
14787	1
14788	1
14803	1
14878	1
14926	1
14928	1
14933	2
14967	1
14991	1
14999	1
15018	1
15039	1
15042	1
15048	1
15059	1
15075	1
15079	1
15098	1
15128	1
15130	1
15131	1
15181	1
15190	1
15213	1
15226	1
15237	1
15278	1
15287	1
15288	1
15299	1
15320	1
15345	1
15358	1
15397	1
15399	1
15400	1
15423	1
15428	1
15433	1
15439	1
15441	1
15442	1
15452	1
15456	1
15473	1
15479	1
15486	1
15502	1
15519	1
15531	1
15571	1
15592	1
15600	1
15620	1
15628	1
15644	1
15676	1
15699	1
15714	1
15801	1
15817	1
15853	1
15858	1
15866	1
15908	1
15914	1
15956	1
15965	1
15982	1
15987	1
15992	1
16030	1
16042	1
16052	1
16081	1
16090	1
16100	1
16118	1
16123	1
16176	1
16182	1
16187	1
16196	1
16203	1
16234	1
16254	1
16292	1
16305	1
16307	1
16340	1
16397	1
16414	1
16441	1
16466	1
16469	1
16486	1
16487	1
16517	1
16527	1
16529	1
16538	1
16542	1
16577	1
16578	1
16631	1
16648	1
16661	1
16685	1
16700	1
16711	1
16783	1
16805	1
16809	1
16817	1
16848	1
16881	1
17007	1
17028	1
17031	1
17047	1
17065	1
17110	1
17133	1
17149	1
17208	1
17353	1
17464	1
17474	1
17477	1
17478	1
17517	1
17543	1
17614	1
17637	1
17656	1
17660	1
17668	1
17688	1
17709	1
17755	1
17872	1
17897	1
17918	1
17934	1
17937	1
17963	1
18045	1
18058	1
18066	1
18101	2
18110	1
18114	1
18172	1
18176	1
18231	1
18299	1
18307	1
18317	1
18399	1
18473	1
18487	1
18490	1
18498	1
18580	1
18608	1
18698	1
18725	1
18739	1
18818	1
18875	1
18959	1
19005	1
19020	1
19042	1
19088	1
19094	1
19206	1
19221	1
19232	1
19344	1
19444	1
19448	1
19464	1
19541	1
19583	1
19584	1
19635	1
19668	1
19687	1
19853	1
19913	1
19996	1
20115	1
20207	1
20267	1
20313	1
20348	1
20367	1
20388	1
20429	1
20520	1
20521	1
20528	1
20571	1
20601	1
20620	1
20647	1
20783	1
20841	1
20848	1
20878	1
20903	1
21069	1
21212	1
21238	1
21268	1
21330	1
21378	1
21422	1
21432	1
21516	1
21532	1
21562	1
21595	1
21744	1
21773	1
21804	1
21905	1
21938	1
22012	1
22167	1
22211	1
22213	1
22360	1
22433	1
22678	1
22756	1
22822	1
22888	1
22999	1
23015	1
23091	1
23182	1
23254	1
23355	1
23567	1
23769	1
24415	1
24575	1
24620	1
24918	1
25168	1
25594	1
27063	1
28988	1
28995	1
29083	1
29195	1
29315	1
29775	1
30564	1
30783	1
31796	1
31819	1
32006	1
32350	1
32524	1
33130	1
33592	1
34229	1
34379	1
34491	1
35343	1
35897	1
36084	1
36235	1
36552	1
37131	1
37599	1
38246	1
38553	1
38858	1
38958	1
41304	1
42810	1
44578	1
46058	1
46179	1
48001	1
57531	1
57953	1
63992	1
66217	1
66655	1
74038	1
91978	1
101320	1
104217	1
107774	1
173479	1
3001235	1
