fragment_length	frequency
80	1201
82	227
83	139
84	143
85	168
86	141
87	127
88	169
89	121
90	103
91	102
92	108
93	87
94	100
95	219
96	91
97	88
98	86
99	74
100	71
101	80
102	89
103	90
104	49
105	82
106	87
107	111
108	67
109	86
110	64
111	80
112	80
113	53
114	61
115	56
116	136
117	199
118	60
119	54
120	50
121	62
122	56
123	60
124	80
125	60
126	60
127	79
128	73
129	61
130	77
131	59
132	68
133	64
134	79
135	74
136	63
137	64
138	53
139	63
140	47
141	62
142	52
143	58
144	49
145	51
146	62
147	48
148	64
149	54
150	36
151	63
152	68
153	54
154	49
155	59
156	55
157	51
158	49
159	59
160	47
161	62
162	32
163	50
164	57
165	57
166	47
167	88
168	41
169	60
170	59
171	113
172	60
173	54
174	78
175	78
176	70
177	33
178	55
179	77
180	46
181	50
182	66
183	64
184	55
185	73
186	95
187	44
188	47
189	52
190	64
191	62
192	69
193	66
194	71
195	57
196	38
197	49
198	53
199	49
200	65
201	51
202	53
203	43
204	44
205	51
206	53
207	55
208	47
209	43
210	51
211	48
212	54
213	48
214	48
215	60
216	65
217	60
218	48
219	47
220	56
221	47
222	48
223	71
224	61
225	52
226	52
227	52
228	61
229	60
230	34
231	53
232	48
233	56
234	55
235	51
236	61
237	70
238	59
239	49
240	57
241	70
242	63
243	48
244	56
245	47
246	57
247	53
248	50
249	62
250	63
251	75
252	102
253	57
254	56
255	48
256	41
257	50
258	36
259	48
260	62
261	44
262	41
263	48
264	40
265	39
266	102
267	52
268	52
269	47
270	45
271	46
272	62
273	43
274	50
275	52
276	39
277	33
278	51
279	49
280	60
281	39
282	46
283	45
284	37
285	41
286	47
287	45
288	47
289	44
290	48
291	46
292	55
293	53
294	42
295	44
296	43
297	52
298	39
299	52
300	40
301	45
302	43
303	43
304	45
305	45
306	32
307	40
308	46
309	35
310	48
311	32
312	48
313	43
314	42
315	60
316	44
317	28
318	36
319	44
320	45
321	39
322	42
323	38
324	37
325	50
326	39
327	42
328	45
329	35
330	47
331	37
332	51
333	42
334	51
335	50
336	46
337	31
338	47
339	39
340	54
341	47
342	30
343	33
344	28
345	38
346	54
347	38
348	47
349	34
350	46
351	38
352	43
353	53
354	38
355	33
356	36
357	37
358	38
359	39
360	37
361	43
362	49
363	44
364	44
365	46
366	37
367	32
368	36
369	35
370	39
371	38
372	28
373	42
374	37
375	38
376	35
377	41
378	35
379	39
380	35
381	33
382	32
383	23
384	31
385	44
386	56
387	38
388	38
389	32
390	32
391	41
392	36
393	55
394	45
395	36
396	33
397	37
398	42
399	33
400	40
401	33
402	36
403	38
404	38
405	33
406	28
407	46
408	46
409	27
410	37
411	31
412	46
413	42
414	29
415	48
416	39
417	40
418	24
419	37
420	53
421	34
422	27
423	43
424	37
425	42
426	38
427	36
428	37
429	41
430	34
431	36
432	30
433	43
434	37
435	59
436	43
437	40
438	42
439	42
440	44
441	37
442	50
443	37
444	38
445	34
446	46
447	39
448	38
449	43
450	48
451	35
452	44
453	50
454	36
455	38
456	40
457	35
458	40
459	36
460	33
461	30
462	35
463	47
464	43
465	38
466	40
467	35
468	33
469	39
470	31
471	34
472	39
473	39
474	32
475	28
476	39
477	46
478	29
479	37
480	34
481	46
482	36
483	32
484	44
485	42
486	38
487	32
488	38
489	30
490	34
491	28
492	28
493	37
494	33
495	37
496	27
497	40
498	38
499	42
500	29
501	17
502	31
503	38
504	36
505	34
506	34
507	35
508	29
509	46
510	36
511	43
512	33
513	44
514	37
515	33
516	32
517	33
518	37
519	40
520	35
521	39
522	36
523	36
524	33
525	35
526	42
527	36
528	35
529	31
530	25
531	21
532	34
533	33
534	27
535	45
536	37
537	30
538	33
539	36
540	34
541	36
542	33
543	35
544	33
545	48
546	34
547	26
548	28
549	24
550	32
551	29
552	31
553	27
554	40
555	31
556	43
557	35
558	26
559	40
560	33
561	31
562	33
563	27
564	28
565	34
566	32
567	35
568	39
569	28
570	37
571	33
572	36
573	33
574	32
575	36
576	33
577	33
578	33
579	40
580	34
581	32
582	34
583	34
584	28
585	41
586	35
587	35
588	31
589	31
590	35
591	38
592	34
593	33
594	35
595	31
596	33
597	32
598	29
599	28
600	40
601	34
602	37
603	30
604	30
605	39
606	43
607	28
608	34
609	30
610	33
611	27
612	29
613	28
614	32
615	30
616	28
617	28
618	33
619	41
620	29
621	31
622	27
623	32
624	49
625	35
626	33
627	34
628	33
629	30
630	33
631	38
632	33
633	35
634	49
635	26
636	29
637	31
638	22
639	29
640	19
641	39
642	30
643	36
644	37
645	34
646	23
647	25
648	38
649	36
650	27
651	36
652	36
653	34
654	26
655	34
656	28
657	29
658	38
659	32
660	26
661	30
662	36
663	44
664	34
665	34
666	37
667	43
668	43
669	30
670	37
671	29
672	29
673	31
674	28
675	22
676	23
677	17
678	31
679	27
680	21
681	30
682	29
683	39
684	38
685	30
686	28
687	24
688	33
689	33
690	33
691	41
692	20
693	29
694	32
695	25
696	27
697	27
698	30
699	35
700	24
701	33
702	25
703	30
704	33
705	26
706	42
707	23
708	33
709	25
710	29
711	29
712	37
713	36
714	31
715	29
716	29
717	34
718	27
719	32
720	22
721	29
722	31
723	31
724	29
725	28
726	19
727	34
728	37
729	30
730	30
731	23
732	22
733	37
734	23
735	38
736	25
737	29
738	31
739	33
740	33
741	24
742	31
743	26
744	27
745	32
746	29
747	28
748	25
749	27
750	31
751	33
752	31
753	35
754	26
755	25
756	22
757	30
758	29
759	29
760	29
761	34
762	37
763	29
764	24
765	26
766	28
767	20
768	26
769	28
770	34
771	29
772	25
773	21
774	30
775	23
776	37
777	19
778	23
779	36
780	30
781	37
782	28
783	31
784	35
785	28
786	25
787	38
788	27
789	21
790	28
791	32
792	26
793	28
794	29
795	32
796	31
797	19
798	32
799	31
800	31
801	29
802	22
803	26
804	30
805	26
806	31
807	32
808	26
809	28
810	25
811	38
812	31
813	32
814	34
815	30
816	28
817	37
818	41
819	36
820	27
821	27
822	35
823	42
824	30
825	19
826	27
827	30
828	29
829	24
830	24
831	32
832	28
833	27
834	24
835	28
836	42
837	29
838	23
839	25
840	29
841	36
842	25
843	22
844	22
845	28
846	32
847	37
848	29
849	39
850	24
851	17
852	26
853	28
854	26
855	25
856	30
857	23
858	28
859	29
860	35
861	43
862	25
863	24
864	27
865	27
866	21
867	26
868	33
869	23
870	29
871	27
872	23
873	34
874	24
875	20
876	26
877	26
878	24
879	21
880	34
881	25
882	27
883	25
884	25
885	33
886	20
887	24
888	40
889	23
890	35
891	28
892	16
893	18
894	30
895	27
896	31
897	31
898	32
899	18
900	42
901	22
902	22
903	25
904	23
905	21
906	23
907	32
908	32
909	25
910	31
911	22
912	28
913	32
914	29
915	31
916	28
917	24
918	28
919	31
920	20
921	29
922	25
923	31
924	29
925	25
926	31
927	26
928	16
929	31
930	25
931	28
932	20
933	24
934	21
935	23
936	18
937	27
938	24
939	25
940	29
941	23
942	26
943	28
944	24
945	21
946	31
947	21
948	24
949	30
950	27
951	14
952	30
953	36
954	19
955	28
956	18
957	28
958	26
959	26
960	26
961	24
962	19
963	23
964	25
965	26
966	30
967	29
968	25
969	26
970	29
971	31
972	17
973	18
974	22
975	28
976	23
977	27
978	24
979	25
980	35
981	21
982	24
983	22
984	26
985	20
986	21
987	25
988	29
989	24
990	27
991	29
992	28
993	26
994	29
995	25
996	22
997	27
998	34
999	32
1000	22
1001	22
1002	31
1003	26
1004	18
1005	22
1006	21
1007	18
1008	26
1009	29
1010	20
1011	20
1012	25
1013	23
1014	20
1015	19
1016	16
1017	23
1018	21
1019	14
1020	17
1021	24
1022	23
1023	27
1024	28
1025	26
1026	24
1027	22
1028	20
1029	26
1030	38
1031	18
1032	21
1033	31
1034	23
1035	30
1036	15
1037	28
1038	19
1039	30
1040	24
1041	21
1042	21
1043	15
1044	27
1045	28
1046	27
1047	27
1048	23
1049	18
1050	22
1051	18
1052	28
1053	19
1054	27
1055	19
1056	22
1057	19
1058	23
1059	21
1060	25
1061	19
1062	26
1063	20
1064	19
1065	23
1066	23
1067	26
1068	21
1069	27
1070	29
1071	28
1072	17
1073	20
1074	28
1075	16
1076	13
1077	24
1078	26
1079	23
1080	26
1081	11
1082	25
1083	31
1084	26
1085	23
1086	15
1087	22
1088	16
1089	39
1090	39
1091	31
1092	25
1093	21
1094	21
1095	18
1096	27
1097	20
1098	20
1099	17
1100	18
1101	35
1102	28
1103	26
1104	21
1105	21
1106	27
1107	27
1108	28
1109	23
1110	19
1111	26
1112	19
1113	23
1114	25
1115	22
1116	24
1117	37
1118	23
1119	21
1120	27
1121	18
1122	32
1123	25
1124	22
1125	25
1126	23
1127	30
1128	18
1129	14
1130	23
1131	27
1132	28
1133	20
1134	26
1135	17
1136	24
1137	19
1138	22
1139	30
1140	21
1141	31
1142	28
1143	24
1144	19
1145	23
1146	15
1147	23
1148	21
1149	20
1150	19
1151	21
1152	27
1153	17
1154	25
1155	23
1156	20
1157	17
1158	30
1159	21
1160	25
1161	27
1162	23
1163	14
1164	17
1165	26
1166	16
1167	23
1168	17
1169	24
1170	21
1171	25
1172	33
1173	19
1174	22
1175	22
1176	24
1177	22
1178	17
1179	23
1180	30
1181	21
1182	13
1183	22
1184	20
1185	21
1186	27
1187	19
1188	21
1189	25
1190	23
1191	27
1192	25
1193	32
1194	26
1195	23
1196	18
1197	24
1198	22
1199	17
1200	23
1201	18
1202	22
1203	23
1204	18
1205	17
1206	22
1207	22
1208	16
1209	22
1210	22
1211	13
1212	16
1213	27
1214	21
1215	21
1216	16
1217	19
1218	17
1219	20
1220	14
1221	25
1222	23
1223	27
1224	26
1225	31
1226	24
1227	17
1228	23
1229	20
1230	30
1231	15
1232	22
1233	21
1234	24
1235	12
1236	30
1237	24
1238	19
1239	18
1240	22
1241	20
1242	24
1243	18
1244	28
1245	20
1246	22
1247	28
1248	19
1249	25
1250	23
1251	29
1252	32
1253	16
1254	27
1255	24
1256	22
1257	22
1258	28
1259	21
1260	24
1261	33
1262	33
1263	21
1264	14
1265	16
1266	26
1267	24
1268	22
1269	19
1270	25
1271	16
1272	15
1273	20
1274	17
1275	17
1276	21
1277	18
1278	20
1279	17
1280	20
1281	26
1282	20
1283	19
1284	25
1285	28
1286	17
1287	23
1288	12
1289	12
1290	18
1291	24
1292	15
1293	26
1294	21
1295	15
1296	25
1297	19
1298	25
1299	25
1300	19
1301	24
1302	19
1303	19
1304	22
1305	15
1306	19
1307	24
1308	21
1309	23
1310	16
1311	25
1312	25
1313	17
1314	17
1315	24
1316	13
1317	28
1318	28
1319	16
1320	26
1321	19
1322	20
1323	21
1324	27
1325	19
1326	17
1327	23
1328	23
1329	24
1330	22
1331	17
1332	13
1333	31
1334	21
1335	15
1336	11
1337	20
1338	17
1339	23
1340	26
1341	26
1342	24
1343	27
1344	25
1345	28
1346	18
1347	33
1348	25
1349	21
1350	19
1351	18
1352	28
1353	15
1354	27
1355	16
1356	28
1357	20
1358	17
1359	17
1360	13
1361	16
1362	16
1363	25
1364	22
1365	25
1366	16
1367	21
1368	18
1369	29
1370	20
1371	18
1372	23
1373	21
1374	20
1375	14
1376	22
1377	22
1378	20
1379	12
1380	22
1381	25
1382	13
1383	22
1384	28
1385	17
1386	14
1387	19
1388	20
1389	14
1390	19
1391	14
1392	15
1393	18
1394	21
1395	12
1396	15
1397	19
1398	14
1399	24
1400	26
1401	20
1402	20
1403	18
1404	27
1405	17
1406	24
1407	26
1408	19
1409	19
1410	25
1411	25
1412	17
1413	23
1414	30
1415	19
1416	21
1417	20
1418	12
1419	20
1420	19
1421	26
1422	16
1423	13
1424	17
1425	19
1426	18
1427	15
1428	14
1429	16
1430	17
1431	11
1432	15
1433	23
1434	16
1435	19
1436	20
1437	13
1438	16
1439	9
1440	25
1441	20
1442	17
1443	22
1444	21
1445	23
1446	32
1447	15
1448	14
1449	22
1450	22
1451	18
1452	20
1453	15
1454	22
1455	29
1456	31
1457	18
1458	12
1459	17
1460	19
1461	27
1462	18
1463	16
1464	16
1465	18
1466	15
1467	16
1468	25
1469	21
1470	25
1471	18
1472	19
1473	21
1474	16
1475	17
1476	19
1477	17
1478	22
1479	16
1480	17
1481	19
1482	14
1483	16
1484	14
1485	24
1486	22
1487	24
1488	18
1489	15
1490	14
1491	12
1492	11
1493	19
1494	26
1495	18
1496	14
1497	12
1498	16
1499	15
1500	17
1501	19
1502	14
1503	25
1504	25
1505	25
1506	31
1507	18
1508	15
1509	19
1510	16
1511	13
1512	17
1513	20
1514	26
1515	22
1516	24
1517	21
1518	21
1519	20
1520	15
1521	22
1522	20
1523	17
1524	14
1525	24
1526	14
1527	11
1528	21
1529	18
1530	11
1531	28
1532	17
1533	21
1534	14
1535	14
1536	19
1537	13
1538	17
1539	21
1540	23
1541	14
1542	24
1543	20
1544	19
1545	21
1546	15
1547	19
1548	11
1549	22
1550	14
1551	9
1552	18
1553	22
1554	16
1555	15
1556	15
1557	19
1558	15
1559	27
1560	20
1561	15
1562	15
1563	12
1564	21
1565	14
1566	15
1567	20
1568	18
1569	19
1570	13
1571	14
1572	24
1573	17
1574	16
1575	14
1576	12
1577	20
1578	21
1579	17
1580	14
1581	11
1582	17
1583	29
1584	8
1585	19
1586	6
1587	19
1588	23
1589	14
1590	24
1591	14
1592	28
1593	12
1594	19
1595	18
1596	17
1597	17
1598	19
1599	20
1600	11
1601	16
1602	19
1603	28
1604	20
1605	12
1606	14
1607	15
1608	12
1609	19
1610	9
1611	13
1612	23
1613	19
1614	23
1615	24
1616	18
1617	14
1618	12
1619	23
1620	20
1621	14
1622	23
1623	17
1624	14
1625	19
1626	14
1627	20
1628	13
1629	17
1630	18
1631	13
1632	19
1633	17
1634	18
1635	19
1636	22
1637	16
1638	15
1639	18
1640	16
1641	22
1642	21
1643	13
1644	18
1645	22
1646	14
1647	21
1648	11
1649	14
1650	31
1651	17
1652	23
1653	22
1654	15
1655	23
1656	18
1657	19
1658	12
1659	16
1660	16
1661	24
1662	21
1663	20
1664	17
1665	17
1666	26
1667	19
1668	16
1669	11
1670	20
1671	22
1672	19
1673	17
1674	27
1675	12
1676	20
1677	22
1678	15
1679	11
1680	18
1681	16
1682	13
1683	13
1684	13
1685	14
1686	23
1687	14
1688	18
1689	20
1690	21
1691	15
1692	20
1693	11
1694	16
1695	12
1696	20
1697	12
1698	20
1699	14
1700	20
1701	20
1702	16
1703	16
1704	15
1705	19
1706	13
1707	14
1708	14
1709	12
1710	20
1711	10
1712	21
1713	13
1714	16
1715	17
1716	23
1717	12
1718	16
1719	15
1720	24
1721	19
1722	13
1723	17
1724	14
1725	19
1726	20
1727	19
1728	15
1729	21
1730	14
1731	12
1732	13
1733	16
1734	20
1735	18
1736	19
1737	16
1738	17
1739	16
1740	18
1741	12
1742	19
1743	14
1744	20
1745	17
1746	14
1747	20
1748	20
1749	15
1750	20
1751	20
1752	19
1753	15
1754	10
1755	22
1756	13
1757	13
1758	19
1759	11
1760	18
1761	22
1762	20
1763	15
1764	12
1765	11
1766	16
1767	15
1768	23
1769	27
1770	16
1771	16
1772	19
1773	23
1774	17
1775	13
1776	14
1777	17
1778	26
1779	17
1780	16
1781	14
1782	22
1783	14
1784	14
1785	17
1786	18
1787	17
1788	13
1789	13
1790	13
1791	13
1792	16
1793	19
1794	17
1795	16
1796	17
1797	18
1798	10
1799	8
1800	17
1801	16
1802	13
1803	17
1804	17
1805	14
1806	16
1807	16
1808	16
1809	16
1810	14
1811	20
1812	18
1813	19
1814	14
1815	18
1816	24
1817	12
1818	17
1819	13
1820	13
1821	10
1822	16
1823	16
1824	14
1825	10
1826	22
1827	13
1828	15
1829	15
1830	18
1831	8
1832	14
1833	18
1834	17
1835	15
1836	19
1837	10
1838	19
1839	18
1840	11
1841	12
1842	17
1843	17
1844	16
1845	22
1846	15
1847	20
1848	14
1849	19
1850	21
1851	17
1852	17
1853	19
1854	11
1855	15
1856	17
1857	14
1858	14
1859	8
1860	13
1861	11
1862	9
1863	11
1864	16
1865	15
1866	18
1867	12
1868	14
1869	20
1870	17
1871	12
1872	16
1873	11
1874	14
1875	16
1876	22
1877	10
1878	12
1879	16
1880	15
1881	14
1882	14
1883	13
1884	19
1885	8
1886	17
1887	15
1888	18
1889	16
1890	10
1891	11
1892	18
1893	9
1894	14
1895	15
1896	12
1897	8
1898	12
1899	16
1900	13
1901	16
1902	14
1903	16
1904	14
1905	8
1906	18
1907	19
1908	12
1909	12
1910	14
1911	16
1912	21
1913	18
1914	17
1915	18
1916	11
1917	12
1918	8
1919	12
1920	26
1921	20
1922	22
1923	18
1924	14
1925	11
1926	21
1927	16
1928	15
1929	12
1930	12
1931	17
1932	16
1933	20
1934	16
1935	15
1936	15
1937	10
1938	15
1939	19
1940	11
1941	14
1942	10
1943	10
1944	13
1945	9
1946	8
1947	11
1948	13
1949	15
1950	21
1951	18
1952	7
1953	14
1954	16
1955	20
1956	13
1957	14
1958	16
1959	22
1960	14
1961	14
1962	15
1963	8
1964	12
1965	11
1966	15
1967	15
1968	22
1969	17
1970	13
1971	11
1972	10
1973	8
1974	12
1975	13
1976	17
1977	9
1978	7
1979	15
1980	13
1981	9
1982	10
1983	17
1984	15
1985	19
1986	12
1987	15
1988	21
1989	11
1990	13
1991	16
1992	16
1993	11
1994	15
1995	16
1996	22
1997	16
1998	13
1999	15
2000	11
2001	6
2002	13
2003	14
2004	19
2005	22
2006	16
2007	11
2008	13
2009	16
2010	12
2011	13
2012	5
2013	10
2014	19
2015	17
2016	20
2017	13
2018	14
2019	15
2020	13
2021	7
2022	10
2023	17
2024	16
2025	8
2026	16
2027	15
2028	16
2029	17
2030	16
2031	14
2032	16
2033	19
2034	9
2035	12
2036	11
2037	13
2038	18
2039	13
2040	15
2041	17
2042	15
2043	13
2044	13
2045	21
2046	10
2047	14
2048	13
2049	10
2050	14
2051	11
2052	13
2053	18
2054	22
2055	17
2056	13
2057	12
2058	21
2059	11
2060	14
2061	7
2062	25
2063	14
2064	17
2065	21
2066	11
2067	12
2068	16
2069	17
2070	7
2071	10
2072	7
2073	8
2074	12
2075	7
2076	12
2077	12
2078	21
2079	16
2080	11
2081	14
2082	15
2083	12
2084	19
2085	20
2086	21
2087	14
2088	8
2089	14
2090	17
2091	17
2092	13
2093	9
2094	11
2095	9
2096	17
2097	15
2098	9
2099	21
2100	9
2101	12
2102	12
2103	14
2104	11
2105	12
2106	16
2107	18
2108	14
2109	13
2110	18
2111	16
2112	14
2113	13
2114	15
2115	13
2116	14
2117	16
2118	14
2119	16
2120	10
2121	12
2122	15
2123	11
2124	14
2125	16
2126	15
2127	9
2128	16
2129	11
2130	18
2131	10
2132	17
2133	17
2134	15
2135	14
2136	14
2137	15
2138	10
2139	15
2140	18
2141	9
2142	11
2143	14
2144	12
2145	15
2146	18
2147	16
2148	22
2149	13
2150	10
2151	18
2152	7
2153	10
2154	10
2155	15
2156	11
2157	7
2158	18
2159	15
2160	10
2161	18
2162	14
2163	11
2164	15
2165	17
2166	11
2167	15
2168	14
2169	12
2170	11
2171	14
2172	11
2173	8
2174	14
2175	9
2176	22
2177	11
2178	9
2179	8
2180	11
2181	11
2182	16
2183	13
2184	12
2185	16
2186	8
2187	19
2188	14
2189	20
2190	14
2191	19
2192	13
2193	14
2194	17
2195	14
2196	7
2197	11
2198	11
2199	11
2200	8
2201	12
2202	10
2203	11
2204	14
2205	17
2206	15
2207	18
2208	8
2209	18
2210	14
2211	10
2212	10
2213	13
2214	13
2215	11
2216	12
2217	17
2218	10
2219	10
2220	12
2221	10
2222	16
2223	15
2224	6
2225	13
2226	8
2227	13
2228	12
2229	11
2230	17
2231	12
2232	5
2233	15
2234	17
2235	16
2236	16
2237	7
2238	9
2239	13
2240	13
2241	12
2242	10
2243	18
2244	11
2245	9
2246	11
2247	14
2248	16
2249	11
2250	12
2251	18
2252	9
2253	16
2254	14
2255	16
2256	17
2257	11
2258	14
2259	9
2260	18
2261	14
2262	12
2263	9
2264	7
2265	3
2266	15
2267	13
2268	12
2269	5
2270	9
2271	9
2272	12
2273	11
2274	12
2275	12
2276	7
2277	13
2278	15
2279	12
2280	15
2281	9
2282	5
2283	11
2284	11
2285	10
2286	14
2287	9
2288	12
2289	12
2290	8
2291	12
2292	8
2293	6
2294	13
2295	12
2296	12
2297	13
2298	12
2299	9
2300	9
2301	10
2302	15
2303	12
2304	10
2305	16
2306	16
2307	8
2308	14
2309	6
2310	4
2311	11
2312	13
2313	14
2314	9
2315	17
2316	10
2317	7
2318	12
2319	16
2320	13
2321	12
2322	12
2323	7
2324	20
2325	13
2326	8
2327	17
2328	9
2329	9
2330	11
2331	10
2332	17
2333	13
2334	22
2335	10
2336	20
2337	11
2338	16
2339	17
2340	18
2341	6
2342	13
2343	13
2344	5
2345	12
2346	14
2347	11
2348	11
2349	16
2350	6
2351	15
2352	11
2353	9
2354	17
2355	8
2356	6
2357	12
2358	14
2359	7
2360	15
2361	12
2362	10
2363	15
2364	17
2365	10
2366	7
2367	17
2368	10
2369	9
2370	13
2371	13
2372	9
2373	7
2374	8
2375	10
2376	12
2377	13
2378	11
2379	8
2380	6
2381	7
2382	7
2383	8
2384	11
2385	15
2386	10
2387	14
2388	11
2389	1
2390	10
2391	7
2392	12
2393	19
2394	19
2395	12
2396	7
2397	10
2398	12
2399	12
2400	13
2401	10
2402	9
2403	11
2404	7
2405	7
2406	16
2407	12
2408	10
2409	10
2410	11
2411	11
2412	14
2413	9
2414	13
2415	7
2416	9
2417	15
2418	6
2419	10
2420	6
2421	8
2422	17
2423	11
2424	9
2425	12
2426	9
2427	9
2428	13
2429	12
2430	11
2431	9
2432	11
2433	11
2434	13
2435	13
2436	8
2437	14
2438	18
2439	12
2440	8
2441	15
2442	12
2443	12
2444	15
2445	8
2446	7
2447	12
2448	12
2449	9
2450	9
2451	9
2452	9
2453	10
2454	14
2455	12
2456	10
2457	11
2458	12
2459	15
2460	9
2461	8
2462	9
2463	18
2464	5
2465	17
2466	8
2467	16
2468	13
2469	9
2470	11
2471	8
2472	18
2473	14
2474	7
2475	6
2476	14
2477	11
2478	11
2479	8
2480	10
2481	10
2482	8
2483	13
2484	9
2485	7
2486	7
2487	9
2488	13
2489	10
2490	6
2491	13
2492	9
2493	9
2494	15
2495	6
2496	14
2497	10
2498	18
2499	14
2500	11
2501	8
2502	10
2503	11
2504	10
2505	6
2506	13
2507	10
2508	11
2509	9
2510	11
2511	8
2512	8
2513	11
2514	8
2515	10
2516	14
2517	10
2518	16
2519	18
2520	10
2521	6
2522	9
2523	14
2524	12
2525	13
2526	16
2527	9
2528	9
2529	11
2530	9
2531	10
2532	7
2533	11
2534	11
2535	11
2536	7
2537	9
2538	11
2539	12
2540	9
2541	19
2542	10
2543	6
2544	16
2545	10
2546	8
2547	13
2548	7
2549	11
2550	10
2551	6
2552	13
2553	12
2554	9
2555	6
2556	4
2557	11
2558	11
2559	9
2560	11
2561	13
2562	9
2563	6
2564	10
2565	4
2566	12
2567	12
2568	15
2569	10
2570	17
2571	9
2572	10
2573	15
2574	15
2575	16
2576	12
2577	10
2578	11
2579	14
2580	10
2581	14
2582	10
2583	10
2584	9
2585	12
2586	10
2587	8
2588	10
2589	10
2590	9
2591	11
2592	13
2593	11
2594	12
2595	12
2596	13
2597	9
2598	9
2599	14
2600	14
2601	15
2602	9
2603	12
2604	10
2605	6
2606	4
2607	13
2608	12
2609	12
2610	13
2611	5
2612	13
2613	5
2614	7
2615	13
2616	9
2617	11
2618	8
2619	11
2620	8
2621	9
2622	9
2623	6
2624	10
2625	10
2626	9
2627	11
2628	15
2629	7
2630	11
2631	11
2632	9
2633	12
2634	8
2635	8
2636	10
2637	11
2638	11
2639	12
2640	7
2641	18
2642	4
2643	10
2644	15
2645	5
2646	12
2647	17
2648	12
2649	9
2650	12
2651	4
2652	14
2653	9
2654	13
2655	8
2656	13
2657	12
2658	10
2659	7
2660	14
2661	10
2662	12
2663	10
2664	9
2665	7
2666	10
2667	18
2668	10
2669	11
2670	8
2671	12
2672	14
2673	6
2674	5
2675	5
2676	10
2677	10
2678	10
2679	9
2680	7
2681	11
2682	12
2683	15
2684	10
2685	12
2686	10
2687	16
2688	10
2689	4
2690	10
2691	6
2692	11
2693	11
2694	10
2695	16
2696	10
2697	7
2698	12
2699	9
2700	15
2701	14
2702	5
2703	9
2704	13
2705	16
2706	12
2707	11
2708	13
2709	8
2710	10
2711	5
2712	12
2713	4
2714	13
2715	12
2716	10
2717	8
2718	7
2719	13
2720	11
2721	6
2722	9
2723	11
2724	9
2725	9
2726	7
2727	10
2728	9
2729	10
2730	9
2731	8
2732	6
2733	7
2734	3
2735	12
2736	9
2737	5
2738	8
2739	11
2740	9
2741	8
2742	7
2743	12
2744	10
2745	5
2746	5
2747	5
2748	6
2749	11
2750	6
2751	12
2752	7
2753	10
2754	4
2755	13
2756	10
2757	10
2758	9
2759	5
2760	8
2761	10
2762	9
2763	10
2764	13
2765	14
2766	9
2767	8
2768	8
2769	14
2770	6
2771	9
2772	12
2773	8
2774	10
2775	8
2776	8
2777	10
2778	8
2779	11
2780	6
2781	12
2782	10
2783	9
2784	12
2785	6
2786	7
2787	4
2788	7
2789	7
2790	9
2791	12
2792	10
2793	11
2794	8
2795	7
2796	8
2797	8
2798	10
2799	15
2800	14
2801	12
2802	4
2803	8
2804	8
2805	6
2806	6
2807	15
2808	9
2809	6
2810	13
2811	10
2812	12
2813	8
2814	10
2815	7
2816	11
2817	8
2818	6
2819	10
2820	5
2821	10
2822	8
2823	12
2824	9
2825	8
2826	12
2827	6
2828	16
2829	8
2830	7
2831	8
2832	6
2833	3
2834	5
2835	13
2836	10
2837	6
2838	7
2839	10
2840	8
2841	8
2842	10
2843	8
2844	14
2845	7
2846	7
2847	8
2848	13
2849	8
2850	11
2851	9
2852	10
2853	7
2854	7
2855	6
2856	9
2857	6
2858	7
2859	12
2860	6
2861	7
2862	12
2863	12
2864	12
2865	2
2866	7
2867	5
2868	6
2869	9
2870	6
2871	13
2872	13
2873	9
2874	7
2875	14
2876	9
2877	5
2878	6
2879	4
2880	9
2881	12
2882	11
2883	11
2884	7
2885	8
2886	12
2887	7
2888	8
2889	5
2890	6
2891	7
2892	7
2893	17
2894	8
2895	10
2896	4
2897	10
2898	9
2899	10
2900	12
2901	9
2902	8
2903	7
2904	9
2905	8
2906	3
2907	8
2908	7
2909	13
2910	7
2911	6
2912	9
2913	7
2914	8
2915	3
2916	11
2917	6
2918	8
2919	13
2920	8
2921	11
2922	7
2923	9
2924	7
2925	6
2926	11
2927	7
2928	4
2929	6
2930	10
2931	7
2932	7
2933	6
2934	5
2935	7
2936	6
2937	10
2938	5
2939	9
2940	10
2941	4
2942	4
2943	8
2944	6
2945	13
2946	6
2947	9
2948	8
2949	4
2950	9
2951	9
2952	12
2953	9
2954	8
2955	11
2956	8
2957	7
2958	14
2959	4
2960	8
2961	4
2962	5
2963	7
2964	10
2965	5
2966	8
2967	7
2968	5
2969	9
2970	8
2971	8
2972	5
2973	10
2974	8
2975	6
2976	5
2977	6
2978	14
2979	4
2980	8
2981	2
2982	10
2983	9
2984	5
2985	2
2986	4
2987	10
2988	10
2989	5
2990	9
2991	9
2992	4
2993	8
2994	4
2995	6
2996	14
2997	6
2998	11
2999	4
3000	8
3001	16
3002	5
3003	12
3004	3
3005	10
3006	5
3007	10
3008	5
3009	5
3010	9
3011	10
3012	9
3013	9
3014	7
3015	10
3016	9
3017	8
3018	11
3019	10
3020	5
3021	5
3022	12
3023	6
3024	7
3025	3
3026	8
3027	4
3028	7
3029	7
3030	13
3031	6
3032	5
3033	13
3034	2
3035	9
3036	7
3037	8
3038	10
3039	4
3040	8
3041	8
3042	4
3043	7
3044	2
3045	3
3046	8
3047	15
3048	7
3049	7
3050	9
3051	7
3052	4
3053	7
3054	9
3055	9
3056	3
3057	9
3058	11
3059	8
3060	5
3061	3
3062	12
3063	8
3064	4
3065	6
3066	11
3067	13
3068	6
3069	4
3070	6
3071	6
3072	18
3073	4
3074	8
3075	5
3076	10
3077	8
3078	6
3079	4
3080	7
3081	10
3082	7
3083	9
3084	10
3085	13
3086	7
3087	9
3088	11
3089	10
3090	7
3091	11
3092	6
3093	7
3094	7
3095	8
3096	12
3097	14
3098	7
3099	8
3100	5
3101	13
3102	5
3103	7
3104	11
3105	10
3106	8
3107	6
3108	7
3109	8
3110	11
3111	9
3112	5
3113	7
3114	7
3115	11
3116	7
3117	6
3118	6
3119	3
3120	5
3121	6
3122	5
3123	8
3124	7
3125	4
3126	10
3127	4
3128	11
3129	6
3130	3
3131	7
3132	7
3133	6
3134	13
3135	7
3136	11
3137	6
3138	8
3139	5
3140	8
3141	7
3142	6
3143	8
3144	7
3145	9
3146	4
3147	4
3148	7
3149	5
3150	8
3151	5
3152	10
3153	8
3154	4
3155	10
3156	5
3157	3
3158	7
3159	12
3160	5
3161	8
3162	8
3163	8
3164	8
3165	4
3166	8
3167	5
3168	5
3169	13
3170	11
3171	11
3172	5
3173	8
3174	12
3175	5
3176	6
3177	13
3178	9
3179	11
3180	5
3181	2
3182	7
3183	6
3184	4
3185	11
3186	10
3187	11
3188	9
3189	12
3190	5
3191	7
3192	2
3193	5
3194	8
3195	5
3196	7
3197	5
3198	9
3199	8
3200	8
3201	11
3202	8
3203	6
3204	11
3205	7
3206	5
3207	6
3208	7
3209	6
3210	11
3211	5
3212	4
3213	7
3214	5
3215	5
3216	8
3217	7
3218	11
3219	5
3220	9
3221	8
3222	7
3223	7
3224	6
3225	4
3226	7
3227	13
3228	9
3229	5
3230	9
3231	7
3232	4
3233	5
3234	6
3235	11
3236	8
3237	8
3238	8
3239	7
3240	12
3241	8
3242	14
3243	11
3244	7
3245	6
3246	7
3247	3
3248	6
3249	4
3250	8
3251	4
3252	4
3253	6
3254	8
3255	6
3256	7
3257	5
3258	5
3259	5
3260	8
3261	9
3262	3
3263	4
3264	7
3265	14
3266	9
3267	7
3268	6
3269	5
3270	6
3271	10
3272	13
3273	10
3274	8
3275	4
3276	13
3277	6
3278	9
3279	4
3280	6
3281	4
3282	12
3283	5
3284	4
3285	9
3286	1
3287	8
3288	9
3289	8
3290	8
3291	4
3292	6
3293	9
3294	13
3295	7
3296	5
3297	4
3298	8
3299	7
3300	9
3301	12
3302	13
3303	8
3304	3
3305	7
3306	6
3307	7
3308	10
3309	8
3310	6
3311	5
3312	7
3313	6
3314	4
3315	11
3316	7
3317	5
3318	9
3319	5
3320	3
3321	10
3322	5
3323	8
3324	8
3325	5
3326	3
3327	10
3328	6
3329	4
3330	4
3331	2
3332	8
3333	8
3334	6
3335	8
3336	11
3337	5
3338	5
3339	7
3340	2
3341	12
3342	7
3343	5
3344	8
3345	9
3346	1
3347	7
3348	1
3349	9
3350	4
3351	5
3352	5
3353	7
3354	7
3355	5
3356	5
3357	10
3358	11
3359	8
3360	7
3361	8
3362	12
3363	11
3364	2
3365	9
3366	8
3367	10
3368	10
3369	8
3370	5
3371	5
3372	5
3373	5
3374	9
3375	2
3376	8
3377	9
3378	7
3379	7
3380	7
3381	5
3382	8
3383	3
3384	8
3385	3
3386	2
3387	7
3388	3
3389	3
3390	5
3391	5
3392	11
3393	4
3394	9
3395	5
3396	6
3397	7
3398	5
3399	5
3400	4
3401	8
3402	10
3403	14
3404	6
3405	6
3406	3
3407	3
3408	6
3409	5
3410	7
3411	3
3412	4
3413	10
3414	4
3415	7
3416	3
3417	3
3418	5
3419	9
3420	6
3421	9
3422	8
3423	9
3424	6
3425	4
3426	4
3427	8
3428	8
3429	6
3430	11
3431	10
3432	8
3433	5
3434	8
3435	11
3436	8
3437	5
3438	9
3439	8
3440	5
3441	3
3442	10
3443	6
3444	7
3445	5
3446	6
3447	8
3448	5
3449	10
3450	4
3451	4
3452	11
3453	6
3454	3
3455	7
3456	5
3457	4
3458	4
3459	9
3460	9
3461	8
3462	3
3463	6
3464	8
3465	4
3466	10
3467	7
3468	10
3469	4
3470	6
3471	8
3472	8
3473	4
3474	7
3475	6
3476	4
3477	6
3478	9
3479	1
3480	7
3481	4
3482	7
3483	1
3484	7
3485	8
3486	2
3487	7
3488	7
3489	8
3490	4
3491	7
3492	9
3493	9
3494	5
3495	7
3496	4
3497	6
3498	5
3499	4
3500	7
3501	2
3502	9
3503	6
3504	3
3505	8
3506	4
3507	8
3508	5
3509	10
3510	3
3511	5
3512	6
3513	4
3514	4
3515	3
3516	8
3517	5
3518	7
3519	5
3520	8
3521	6
3522	4
3523	5
3524	3
3525	13
3526	6
3527	5
3528	3
3529	4
3530	6
3531	7
3532	7
3533	5
3534	7
3535	9
3536	3
3537	3
3538	4
3539	1
3540	7
3541	2
3542	7
3543	10
3544	5
3545	3
3546	10
3547	2
3548	12
3549	12
3550	10
3551	5
3552	7
3553	3
3554	9
3555	10
3556	3
3557	10
3558	4
3559	9
3560	8
3561	10
3562	6
3563	10
3564	3
3565	7
3566	10
3567	11
3568	9
3569	5
3570	6
3571	3
3572	3
3573	4
3574	6
3575	3
3576	10
3577	6
3578	7
3579	10
3580	5
3581	2
3582	6
3583	4
3584	7
3585	7
3586	3
3587	5
3588	4
3589	7
3590	8
3591	7
3592	4
3593	8
3594	6
3595	3
3596	3
3597	4
3598	4
3599	3
3600	8
3601	3
3602	3
3603	4
3604	7
3605	3
3606	5
3607	6
3608	6
3609	1
3610	8
3611	4
3612	5
3613	3
3614	6
3615	4
3616	7
3617	2
3618	7
3619	3
3620	7
3621	2
3622	9
3623	7
3624	10
3625	10
3626	5
3627	2
3628	8
3629	6
3630	5
3631	7
3632	9
3633	5
3634	5
3635	2
3636	7
3637	8
3638	5
3639	5
3640	7
3641	8
3642	6
3643	4
3644	1
3645	7
3646	6
3647	4
3648	4
3649	7
3650	8
3651	4
3652	2
3654	4
3655	9
3656	5
3657	8
3658	6
3659	7
3660	1
3661	4
3662	7
3663	7
3664	4
3665	7
3666	2
3667	9
3668	10
3669	5
3670	5
3671	6
3672	9
3673	6
3674	7
3675	3
3676	5
3677	8
3678	8
3679	4
3680	9
3681	10
3682	5
3683	6
3684	3
3685	5
3686	7
3687	5
3688	3
3689	8
3690	9
3691	4
3692	5
3693	7
3694	4
3695	6
3696	7
3697	6
3698	7
3699	5
3700	6
3701	7
3702	6
3703	6
3704	7
3705	6
3706	6
3707	7
3708	2
3709	4
3710	5
3711	6
3712	7
3713	4
3714	5
3715	5
3716	5
3717	4
3718	5
3719	4
3720	4
3721	6
3722	6
3723	5
3724	3
3725	3
3726	7
3727	7
3728	8
3729	4
3730	6
3731	6
3732	4
3733	6
3734	11
3735	4
3736	7
3737	4
3738	6
3739	6
3740	9
3741	5
3742	5
3743	3
3744	8
3745	5
3746	2
3747	2
3748	6
3749	4
3750	5
3751	5
3752	9
3753	5
3754	6
3755	5
3756	4
3757	7
3758	5
3759	4
3760	6
3761	8
3762	6
3763	5
3764	10
3765	9
3766	8
3767	8
3768	8
3769	10
3770	6
3771	3
3772	6
3773	3
3774	4
3775	9
3776	5
3777	4
3778	7
3779	7
3780	5
3781	2
3782	3
3783	2
3784	4
3785	5
3786	6
3787	5
3788	2
3789	3
3790	8
3791	2
3792	1
3793	8
3794	6
3795	8
3796	4
3797	11
3798	7
3799	8
3800	5
3801	5
3802	4
3803	5
3804	8
3805	4
3806	3
3807	9
3808	8
3809	10
3810	2
3811	5
3812	5
3813	4
3814	5
3815	4
3816	5
3817	5
3818	5
3819	5
3820	4
3821	6
3822	6
3823	2
3824	2
3825	5
3826	2
3827	5
3828	8
3829	4
3830	6
3831	8
3832	2
3833	6
3834	3
3835	6
3836	10
3837	5
3838	4
3839	2
3840	4
3841	7
3842	9
3843	4
3844	6
3845	3
3846	5
3847	4
3848	5
3849	5
3850	6
3851	6
3852	4
3853	5
3854	4
3855	7
3856	5
3857	2
3858	3
3859	2
3860	3
3861	6
3862	5
3863	7
3864	4
3865	3
3866	7
3867	2
3868	7
3869	5
3870	7
3871	5
3872	2
3873	2
3874	7
3875	6
3876	9
3877	6
3878	4
3879	9
3880	4
3881	2
3882	3
3883	6
3884	2
3885	8
3886	7
3887	7
3888	4
3889	7
3890	2
3891	7
3892	3
3893	4
3894	10
3895	2
3896	4
3897	6
3898	5
3899	5
3900	3
3901	3
3902	3
3903	6
3904	5
3905	9
3906	3
3907	2
3908	7
3909	3
3910	3
3911	5
3912	3
3913	9
3914	9
3915	4
3916	4
3917	4
3918	3
3919	8
3920	5
3921	8
3922	5
3923	5
3924	3
3925	4
3926	12
3927	3
3928	3
3929	6
3930	5
3931	6
3932	6
3933	5
3934	1
3935	4
3936	2
3937	4
3938	6
3939	8
3940	3
3941	3
3942	6
3943	7
3944	1
3945	5
3946	4
3947	6
3948	4
3949	3
3950	8
3951	3
3952	9
3953	4
3954	5
3955	6
3956	3
3957	6
3958	3
3959	4
3960	7
3961	6
3962	5
3963	8
3964	5
3965	3
3966	5
3967	2
3968	5
3969	4
3970	3
3971	3
3972	6
3973	5
3974	6
3975	10
3976	3
3977	9
3978	4
3979	3
3980	2
3981	11
3982	4
3983	5
3984	4
3985	4
3986	6
3987	5
3988	9
3989	11
3990	7
3991	6
3992	3
3993	7
3994	3
3995	6
3996	3
3997	9
3998	4
3999	3
4000	8
4001	2
4002	3
4003	3
4004	6
4005	3
4006	4
4007	5
4008	6
4009	8
4010	4
4011	4
4012	5
4013	3
4015	3
4017	7
4018	5
4019	2
4020	4
4021	5
4022	5
4023	5
4024	5
4025	2
4026	2
4027	4
4028	2
4029	4
4030	5
4031	1
4032	6
4033	5
4034	2
4035	5
4036	5
4037	2
4038	3
4039	3
4040	4
4041	5
4042	3
4043	5
4045	5
4046	5
4047	4
4048	9
4049	4
4050	5
4051	8
4052	3
4053	4
4054	4
4055	5
4056	5
4057	2
4058	5
4059	3
4060	4
4061	6
4062	5
4063	3
4064	4
4065	4
4066	3
4067	4
4068	5
4069	7
4070	3
4071	6
4072	6
4073	3
4074	4
4075	6
4076	5
4077	6
4078	5
4079	6
4080	4
4081	2
4082	4
4084	3
4085	6
4086	4
4087	5
4088	7
4089	5
4090	4
4091	3
4092	1
4093	6
4094	6
4095	2
4096	4
4097	6
4098	8
4099	3
4100	9
4101	6
4102	1
4103	6
4104	3
4105	4
4106	4
4107	6
4108	5
4109	5
4110	5
4111	3
4112	4
4113	5
4115	5
4116	3
4117	6
4118	5
4119	5
4120	4
4121	7
4122	2
4123	2
4124	4
4125	2
4126	4
4127	5
4128	1
4129	2
4130	3
4131	3
4132	11
4133	4
4134	4
4135	3
4136	2
4137	3
4138	9
4139	6
4140	6
4141	5
4142	3
4143	5
4144	3
4145	7
4146	5
4147	5
4148	6
4149	4
4150	5
4151	4
4152	4
4153	11
4154	7
4155	4
4156	4
4157	5
4158	8
4159	4
4160	6
4161	7
4162	3
4163	1
4164	6
4165	1
4166	2
4167	8
4168	5
4169	5
4170	5
4171	2
4172	3
4173	3
4174	5
4175	4
4176	4
4177	9
4178	5
4179	6
4180	6
4181	4
4182	5
4183	2
4184	3
4185	7
4186	1
4187	10
4188	1
4189	3
4190	4
4191	2
4192	5
4193	3
4194	2
4195	4
4196	4
4197	2
4198	3
4199	2
4200	5
4201	5
4203	5
4204	3
4205	2
4206	4
4208	7
4209	9
4210	6
4211	7
4212	5
4213	3
4214	6
4215	6
4216	4
4217	4
4218	6
4219	5
4220	2
4221	7
4222	4
4223	6
4224	1
4225	8
4226	10
4227	5
4228	8
4229	5
4230	4
4231	2
4232	4
4233	3
4234	5
4235	8
4236	5
4237	4
4238	7
4239	5
4240	3
4241	5
4242	3
4243	6
4244	7
4246	4
4247	10
4248	4
4249	2
4250	5
4251	5
4252	2
4253	5
4254	8
4255	7
4256	4
4257	6
4258	3
4259	6
4261	3
4262	3
4263	4
4264	2
4265	3
4266	5
4267	2
4268	1
4269	1
4270	7
4271	1
4272	3
4273	6
4274	4
4275	8
4276	2
4277	5
4278	4
4279	5
4280	3
4281	3
4282	3
4283	1
4284	6
4285	5
4286	2
4287	4
4288	3
4289	7
4290	2
4291	4
4292	11
4293	1
4294	2
4295	4
4296	4
4297	2
4298	2
4299	5
4300	7
4301	4
4302	3
4303	5
4304	4
4306	1
4307	2
4308	7
4309	3
4310	4
4311	4
4312	5
4313	5
4314	3
4315	4
4316	7
4317	2
4318	5
4320	3
4321	3
4322	7
4323	3
4324	3
4325	4
4326	5
4327	5
4328	3
4329	5
4330	3
4331	3
4332	6
4333	4
4334	5
4335	3
4336	4
4337	1
4338	3
4339	4
4340	6
4341	5
4342	7
4343	7
4344	3
4345	6
4346	2
4347	5
4348	6
4349	5
4350	4
4351	3
4352	5
4353	5
4354	1
4355	3
4356	1
4357	2
4358	1
4359	4
4360	3
4361	4
4362	5
4363	5
4364	4
4365	4
4366	2
4367	5
4368	3
4369	4
4370	7
4371	6
4372	4
4373	9
4374	1
4375	4
4376	2
4377	2
4378	4
4379	4
4380	2
4381	3
4383	6
4384	5
4385	3
4386	1
4387	2
4388	3
4389	3
4390	1
4391	3
4392	2
4393	4
4394	4
4395	3
4396	2
4397	2
4398	5
4399	4
4400	9
4401	5
4402	4
4403	3
4404	9
4405	6
4406	3
4407	2
4408	3
4409	5
4410	2
4411	2
4412	6
4413	2
4414	2
4415	3
4416	4
4417	5
4418	3
4419	5
4420	4
4421	5
4422	4
4423	5
4424	1
4425	7
4426	2
4427	4
4428	2
4429	4
4431	6
4432	2
4433	5
4434	3
4435	3
4436	7
4437	5
4438	5
4439	4
4440	5
4441	3
4442	3
4443	2
4444	2
4445	4
4446	4
4447	4
4448	4
4449	5
4450	2
4451	9
4452	10
4453	2
4454	4
4455	1
4456	3
4457	1
4458	2
4459	2
4460	2
4461	1
4462	3
4463	2
4464	4
4465	7
4466	5
4467	2
4468	3
4469	5
4470	5
4471	4
4472	2
4473	4
4474	4
4475	1
4476	6
4477	5
4479	5
4480	4
4481	4
4482	1
4483	5
4484	4
4485	4
4486	3
4487	4
4488	4
4489	3
4490	4
4491	4
4492	1
4493	3
4494	3
4495	6
4496	2
4497	5
4498	1
4499	6
4500	4
4501	2
4502	4
4503	3
4504	4
4505	3
4506	8
4507	6
4508	3
4509	3
4510	2
4511	3
4512	4
4513	3
4514	4
4515	3
4516	6
4517	1
4518	3
4519	1
4520	3
4521	5
4522	1
4523	5
4524	3
4525	5
4526	6
4527	5
4528	4
4529	4
4530	6
4531	1
4532	4
4533	5
4534	1
4536	6
4537	4
4538	3
4539	3
4540	4
4541	7
4542	5
4543	1
4544	6
4545	5
4546	5
4547	4
4548	6
4549	2
4550	4
4551	2
4552	5
4553	1
4554	5
4555	4
4556	3
4557	4
4558	2
4559	3
4560	4
4561	2
4562	3
4563	2
4564	4
4565	5
4566	2
4567	4
4568	6
4569	2
4570	1
4571	2
4572	3
4573	3
4574	2
4575	1
4576	6
4577	5
4579	4
4580	4
4581	4
4582	5
4583	1
4584	6
4585	1
4586	2
4587	2
4588	6
4589	6
4591	2
4592	3
4593	2
4594	3
4595	3
4596	3
4597	7
4598	3
4599	2
4600	2
4601	3
4602	3
4603	3
4604	5
4605	2
4606	2
4608	4
4610	5
4611	1
4613	2
4614	2
4615	3
4617	1
4618	2
4619	5
4620	7
4621	4
4622	2
4623	3
4624	3
4625	3
4626	1
4627	6
4628	1
4629	2
4630	4
4631	5
4632	2
4633	3
4634	3
4635	6
4636	2
4637	4
4638	5
4639	3
4640	7
4641	3
4642	2
4643	5
4644	3
4645	3
4646	2
4647	2
4648	4
4649	4
4650	4
4651	3
4652	2
4653	2
4654	3
4655	1
4656	4
4657	2
4658	3
4659	3
4660	2
4661	3
4662	4
4663	2
4664	5
4665	5
4666	3
4667	2
4668	7
4669	2
4670	2
4671	5
4672	3
4673	2
4674	2
4675	4
4676	2
4677	1
4678	2
4679	3
4680	3
4681	4
4682	3
4683	2
4684	2
4685	2
4686	3
4687	3
4688	2
4689	3
4690	7
4691	4
4692	4
4693	2
4694	3
4695	5
4696	4
4697	3
4698	7
4699	4
4700	3
4701	2
4702	2
4703	4
4704	2
4705	1
4706	6
4707	2
4708	3
4709	2
4710	3
4711	4
4712	2
4713	4
4714	2
4715	3
4716	7
4717	5
4718	3
4719	7
4720	3
4721	6
4722	4
4723	5
4724	5
4725	2
4726	4
4727	4
4729	3
4730	3
4731	3
4732	2
4733	2
4734	2
4735	3
4736	5
4737	3
4739	3
4740	2
4741	3
4742	1
4743	3
4744	2
4745	7
4746	3
4747	5
4748	5
4749	3
4750	4
4751	1
4752	1
4753	3
4754	6
4755	3
4756	5
4757	5
4758	3
4759	1
4760	4
4761	1
4762	3
4763	4
4764	1
4765	3
4766	3
4767	1
4768	3
4769	3
4770	2
4771	2
4773	3
4774	4
4775	5
4776	1
4777	1
4778	2
4779	3
4780	5
4781	3
4782	5
4783	4
4784	1
4785	6
4786	5
4787	1
4788	3
4789	2
4790	8
4792	2
4793	4
4794	4
4795	5
4796	3
4797	4
4798	2
4799	1
4800	3
4801	3
4802	5
4803	3
4805	1
4806	2
4807	4
4808	2
4809	2
4810	5
4811	2
4812	2
4813	5
4814	4
4815	3
4816	2
4817	2
4818	4
4819	2
4820	5
4821	5
4822	5
4823	3
4824	4
4825	6
4826	1
4827	3
4828	3
4829	1
4830	2
4831	2
4832	2
4833	7
4834	3
4835	1
4836	5
4837	3
4838	4
4839	3
4840	2
4841	1
4842	5
4843	4
4844	3
4845	4
4846	4
4847	5
4848	5
4849	1
4850	5
4851	1
4852	2
4853	1
4854	1
4857	3
4858	2
4859	3
4860	2
4861	2
4862	3
4863	4
4865	3
4866	3
4867	3
4868	2
4869	2
4870	5
4871	2
4872	2
4873	3
4874	3
4875	6
4876	2
4877	2
4878	2
4879	5
4880	1
4881	2
4883	2
4884	1
4885	4
4886	6
4887	2
4888	3
4889	1
4890	3
4891	2
4892	6
4893	1
4894	3
4895	3
4896	2
4897	2
4898	2
4899	1
4900	3
4901	2
4902	2
4903	5
4904	3
4905	3
4906	2
4907	1
4908	2
4909	2
4910	5
4911	2
4913	2
4914	2
4915	1
4916	2
4917	5
4918	3
4919	1
4920	3
4921	1
4922	1
4923	3
4924	1
4925	3
4926	3
4927	3
4929	4
4930	4
4931	2
4932	4
4933	2
4934	2
4935	3
4938	3
4939	1
4940	1
4941	3
4942	3
4943	2
4944	2
4945	4
4946	2
4947	3
4948	3
4949	5
4950	2
4951	3
4952	2
4953	1
4954	2
4955	4
4956	5
4958	3
4959	2
4960	1
4961	5
4962	2
4963	3
4964	3
4965	1
4966	4
4967	5
4968	2
4969	1
4970	6
4971	1
4972	4
4973	2
4974	5
4975	3
4976	3
4977	2
4978	4
4979	1
4980	3
4981	5
4982	4
4983	5
4984	1
4986	4
4987	2
4988	2
4989	3
4991	3
4992	2
4993	1
4994	2
4995	5
4996	2
4997	1
4998	3
4999	3
5000	3
5001	1
5002	4
5004	3
5005	1
5006	1
5007	5
5008	1
5009	9
5010	2
5011	2
5012	3
5013	4
5014	3
5015	6
5016	3
5017	1
5018	3
5019	2
5020	1
5021	1
5022	4
5023	4
5024	4
5025	3
5026	2
5027	3
5028	5
5029	3
5030	4
5031	2
5032	4
5033	2
5034	3
5035	4
5036	3
5038	2
5039	3
5040	1
5041	3
5042	3
5044	2
5045	2
5046	6
5047	1
5048	5
5049	2
5050	3
5051	4
5052	5
5053	3
5054	6
5055	3
5056	1
5057	5
5058	4
5059	3
5060	3
5061	6
5062	4
5063	3
5064	4
5065	4
5066	3
5067	3
5068	2
5069	3
5070	3
5072	2
5073	3
5074	5
5075	3
5076	1
5078	4
5079	4
5080	2
5081	4
5082	1
5083	2
5084	6
5085	3
5086	3
5087	4
5088	3
5089	2
5090	1
5091	3
5092	1
5093	2
5094	1
5095	3
5096	4
5097	4
5098	2
5099	2
5100	2
5101	3
5102	1
5103	3
5104	5
5106	4
5107	3
5108	1
5109	5
5110	1
5111	1
5112	5
5113	4
5114	3
5115	1
5116	1
5117	3
5118	4
5119	5
5120	1
5121	3
5122	4
5123	4
5124	3
5125	2
5126	2
5127	3
5128	4
5129	3
5130	2
5131	2
5133	5
5134	1
5135	1
5136	2
5137	4
5138	2
5139	3
5140	3
5142	2
5143	2
5144	3
5145	1
5146	2
5147	4
5148	5
5149	3
5150	3
5151	2
5152	3
5153	3
5154	1
5155	2
5156	3
5157	4
5158	2
5159	2
5160	3
5161	3
5162	2
5163	4
5164	2
5165	1
5166	1
5167	3
5168	3
5169	2
5170	2
5171	2
5172	2
5173	3
5174	3
5175	3
5176	3
5178	4
5179	2
5180	2
5181	4
5182	1
5183	1
5184	3
5186	2
5187	2
5188	2
5189	3
5190	3
5191	2
5192	1
5193	1
5194	4
5195	2
5196	1
5197	5
5198	3
5199	1
5200	4
5201	2
5202	2
5203	3
5205	1
5206	6
5207	1
5208	3
5209	2
5210	2
5211	4
5212	2
5213	1
5214	1
5215	1
5216	1
5217	2
5219	6
5220	6
5221	2
5222	2
5223	3
5224	1
5225	2
5226	3
5227	5
5228	1
5229	4
5230	3
5231	5
5232	1
5233	3
5234	3
5235	2
5238	3
5239	1
5240	2
5241	1
5242	1
5243	2
5245	1
5246	5
5247	2
5248	1
5249	7
5250	2
5251	4
5252	1
5253	1
5254	3
5255	4
5256	1
5259	5
5260	2
5261	3
5262	3
5263	2
5264	3
5265	2
5266	2
5267	4
5268	2
5269	2
5270	2
5271	1
5272	4
5273	1
5274	2
5275	1
5277	1
5278	2
5279	2
5281	3
5282	3
5283	2
5284	1
5285	5
5286	2
5287	2
5288	4
5289	5
5290	3
5291	4
5292	4
5293	1
5294	5
5295	2
5296	2
5297	2
5298	5
5299	2
5300	1
5301	1
5302	2
5303	2
5305	3
5306	5
5308	1
5310	3
5311	1
5312	2
5313	2
5314	1
5315	4
5316	3
5319	1
5320	1
5321	5
5322	1
5323	2
5324	4
5325	3
5326	2
5328	3
5329	2
5330	3
5331	3
5332	2
5333	1
5334	1
5335	1
5336	3
5337	2
5338	2
5339	1
5340	1
5341	3
5342	4
5343	1
5344	3
5345	1
5346	1
5347	4
5348	6
5349	3
5350	3
5351	2
5352	3
5354	7
5355	3
5356	2
5357	4
5358	1
5360	3
5361	2
5362	1
5364	1
5366	2
5367	6
5368	1
5369	5
5371	1
5373	1
5374	2
5375	1
5376	2
5377	1
5378	5
5379	1
5380	5
5381	3
5382	2
5384	2
5385	5
5386	2
5387	5
5388	1
5389	4
5390	1
5391	5
5392	6
5393	3
5394	3
5395	4
5396	2
5397	1
5398	5
5399	2
5400	2
5401	2
5403	2
5404	3
5405	2
5406	3
5407	2
5408	2
5409	3
5410	3
5411	1
5413	4
5414	1
5415	1
5416	3
5418	5
5420	2
5421	1
5422	3
5423	2
5424	3
5425	3
5426	3
5427	3
5428	2
5429	3
5430	2
5431	2
5432	3
5433	2
5435	2
5436	1
5437	3
5438	3
5439	4
5440	2
5441	1
5442	5
5443	2
5444	3
5445	1
5446	2
5447	4
5448	1
5449	1
5450	4
5451	3
5452	1
5454	1
5455	2
5456	3
5457	3
5459	1
5460	3
5461	4
5462	1
5463	2
5464	3
5465	2
5466	4
5468	2
5469	2
5470	6
5471	1
5472	1
5473	6
5474	1
5475	3
5476	3
5477	3
5478	4
5479	4
5480	2
5481	1
5482	3
5483	1
5484	3
5485	2
5486	4
5488	5
5489	2
5490	4
5492	2
5493	2
5495	3
5496	1
5497	3
5499	3
5500	4
5501	3
5502	3
5504	1
5506	2
5507	1
5508	1
5509	2
5510	2
5511	3
5512	1
5513	2
5514	2
5515	3
5516	2
5517	2
5518	2
5519	2
5520	3
5521	3
5522	1
5523	3
5524	3
5525	5
5526	2
5527	2
5528	4
5529	2
5530	5
5531	1
5532	5
5533	1
5534	1
5535	3
5536	7
5537	2
5539	3
5540	1
5541	4
5545	3
5546	1
5547	2
5548	4
5549	4
5550	5
5551	5
5552	1
5553	2
5554	1
5555	5
5556	1
5557	2
5558	1
5559	4
5560	1
5561	2
5562	2
5563	2
5564	5
5565	2
5566	1
5568	1
5570	2
5571	3
5572	1
5573	1
5574	2
5575	4
5579	3
5580	2
5581	2
5582	3
5583	3
5584	3
5585	1
5586	1
5587	2
5588	2
5589	2
5591	1
5592	2
5593	1
5594	2
5595	1
5596	3
5597	1
5598	1
5599	4
5600	3
5601	2
5602	1
5603	4
5605	1
5606	1
5607	1
5608	4
5609	5
5610	2
5611	2
5612	2
5613	2
5614	1
5615	3
5616	1
5617	3
5618	3
5619	1
5620	2
5621	2
5622	1
5623	1
5624	2
5625	3
5626	4
5628	2
5629	3
5630	1
5631	1
5633	1
5635	2
5636	2
5638	1
5640	1
5641	2
5642	2
5643	3
5644	2
5646	1
5647	3
5648	1
5649	6
5651	1
5652	1
5653	1
5654	3
5655	2
5656	3
5657	1
5658	1
5659	1
5660	3
5661	1
5662	3
5663	2
5664	1
5665	2
5666	1
5667	1
5668	2
5669	2
5670	1
5671	1
5672	1
5673	1
5675	4
5677	2
5678	3
5679	1
5680	1
5681	2
5682	1
5683	1
5684	2
5685	3
5686	3
5687	2
5688	2
5689	1
5690	1
5691	3
5692	2
5694	5
5695	2
5696	2
5697	2
5698	4
5699	1
5700	2
5701	2
5702	5
5703	3
5704	1
5705	4
5707	1
5708	1
5710	4
5711	2
5712	4
5713	2
5714	3
5715	3
5716	1
5717	2
5718	1
5719	2
5721	2
5722	2
5723	2
5724	2
5725	1
5727	1
5728	1
5729	1
5730	1
5732	4
5733	6
5735	3
5736	2
5737	1
5738	1
5739	2
5740	4
5741	1
5742	2
5744	4
5745	2
5746	3
5747	2
5748	4
5749	3
5750	1
5751	2
5752	2
5753	2
5754	4
5755	2
5756	1
5757	3
5758	1
5761	3
5762	1
5763	1
5764	3
5765	2
5766	3
5767	4
5768	2
5769	2
5770	3
5771	1
5773	1
5774	4
5775	1
5776	2
5777	2
5778	2
5779	2
5780	3
5781	2
5783	1
5784	2
5785	1
5786	2
5787	3
5788	3
5789	2
5790	4
5791	2
5792	4
5793	3
5794	2
5795	1
5796	1
5797	1
5798	5
5799	1
5800	2
5801	3
5802	1
5803	1
5804	1
5805	1
5807	1
5808	4
5809	1
5811	4
5812	1
5813	1
5814	1
5815	2
5816	3
5817	1
5818	4
5820	1
5821	2
5822	2
5823	3
5824	1
5825	5
5827	2
5828	1
5829	2
5831	2
5832	3
5833	2
5834	3
5835	1
5836	3
5837	1
5838	2
5839	1
5840	4
5841	2
5842	6
5843	1
5844	1
5845	3
5847	3
5848	1
5849	2
5850	1
5851	3
5852	2
5854	1
5855	2
5856	1
5857	1
5858	2
5859	2
5860	2
5861	1
5862	3
5863	3
5864	1
5865	2
5867	3
5868	1
5869	2
5870	3
5871	2
5872	2
5874	2
5875	2
5876	1
5877	1
5878	1
5879	3
5880	3
5881	1
5882	3
5884	1
5887	1
5888	5
5889	1
5890	3
5891	1
5893	1
5894	2
5895	1
5896	1
5897	1
5898	5
5899	2
5900	5
5901	3
5904	5
5905	1
5906	2
5907	5
5908	1
5909	2
5910	3
5911	1
5912	5
5913	2
5914	5
5915	1
5916	2
5917	2
5918	1
5919	2
5921	2
5922	1
5923	1
5924	2
5925	3
5926	2
5928	2
5929	1
5930	2
5931	1
5932	3
5933	2
5934	1
5935	2
5936	3
5938	2
5939	1
5940	3
5943	1
5944	2
5945	1
5946	1
5953	1
5954	2
5955	1
5956	4
5957	3
5958	3
5959	1
5960	1
5962	1
5963	1
5964	3
5965	2
5966	3
5967	3
5969	1
5970	1
5971	2
5972	2
5973	1
5974	3
5976	1
5978	3
5979	3
5980	1
5981	2
5984	1
5985	1
5986	3
5987	1
5988	3
5989	5
5990	2
5991	2
5992	4
5993	2
5994	3
5997	3
5998	2
5999	1
6000	1
6001	4
6003	1
6004	3
6005	4
6006	1
6007	2
6008	1
6009	2
6010	4
6011	2
6014	1
6015	4
6016	1
6017	1
6019	3
6021	2
6022	1
6024	4
6026	1
6027	3
6029	3
6031	3
6032	2
6033	3
6034	3
6035	3
6036	2
6037	1
6038	3
6039	3
6040	2
6041	1
6042	2
6043	1
6044	1
6045	3
6046	3
6047	5
6048	1
6050	1
6051	1
6052	2
6054	1
6055	1
6056	1
6057	3
6058	1
6059	1
6060	1
6061	5
6062	3
6063	1
6064	4
6065	1
6066	3
6068	2
6069	4
6070	3
6071	3
6072	1
6074	1
6075	1
6077	3
6079	3
6080	2
6081	1
6082	2
6083	2
6084	4
6085	2
6086	1
6087	1
6088	2
6089	5
6090	1
6091	1
6092	2
6094	5
6095	2
6100	1
6101	1
6102	1
6103	2
6104	1
6105	1
6106	1
6107	2
6109	1
6110	1
6113	2
6114	1
6116	2
6118	1
6119	1
6120	3
6121	1
6122	1
6123	1
6124	2
6126	3
6127	1
6128	2
6129	2
6130	3
6131	2
6133	3
6134	1
6135	2
6136	2
6138	4
6140	2
6141	2
6142	2
6143	1
6145	1
6147	2
6148	1
6149	2
6150	1
6151	2
6152	1
6154	3
6155	1
6157	2
6158	3
6160	2
6162	2
6165	2
6166	5
6167	1
6168	1
6169	2
6171	1
6172	1
6174	1
6176	3
6177	1
6178	1
6179	3
6180	1
6181	2
6183	3
6184	1
6185	1
6187	2
6188	1
6189	2
6190	3
6191	1
6192	2
6195	2
6196	1
6197	2
6198	2
6200	2
6201	3
6203	4
6204	3
6205	1
6206	2
6207	1
6208	2
6209	1
6211	2
6212	1
6213	2
6214	3
6215	2
6216	1
6217	1
6219	4
6220	1
6221	2
6223	1
6224	2
6225	1
6226	2
6227	1
6228	2
6229	2
6230	4
6231	4
6232	3
6233	2
6234	2
6235	2
6236	3
6237	1
6239	1
6241	2
6242	3
6243	1
6244	2
6247	2
6248	1
6250	2
6251	1
6256	2
6257	2
6258	3
6259	2
6260	1
6261	1
6262	1
6263	2
6264	2
6265	1
6267	3
6268	3
6269	1
6270	1
6271	2
6272	2
6273	1
6274	1
6275	2
6278	1
6279	1
6280	1
6281	1
6283	5
6284	4
6285	2
6286	1
6288	1
6289	3
6290	1
6292	1
6293	1
6294	6
6295	4
6296	1
6297	1
6300	2
6301	2
6303	2
6304	2
6305	1
6306	3
6307	5
6308	1
6309	1
6311	1
6312	4
6314	1
6315	1
6316	3
6317	2
6318	1
6319	1
6320	1
6321	3
6322	1
6324	3
6325	2
6326	1
6327	2
6328	1
6329	2
6331	2
6333	4
6334	3
6335	1
6336	5
6338	2
6339	1
6340	3
6341	1
6342	1
6343	3
6345	3
6346	2
6347	2
6348	3
6351	2
6352	1
6353	3
6354	2
6355	1
6356	1
6358	1
6359	3
6360	2
6361	1
6362	1
6363	2
6366	1
6367	1
6368	1
6369	1
6370	1
6371	2
6372	2
6374	1
6379	1
6380	4
6381	2
6382	1
6383	1
6384	3
6385	2
6386	1
6387	4
6389	2
6390	2
6391	1
6392	2
6393	1
6394	3
6395	1
6396	1
6397	2
6398	2
6399	1
6400	2
6401	1
6402	1
6403	1
6404	2
6405	1
6406	1
6407	1
6408	3
6409	1
6410	2
6411	2
6413	1
6414	2
6415	1
6416	2
6417	2
6418	1
6419	1
6420	1
6421	2
6422	3
6424	1
6427	1
6428	4
6429	1
6430	2
6431	2
6433	3
6434	6
6435	1
6436	2
6437	2
6440	1
6441	1
6443	1
6444	2
6445	1
6449	1
6450	3
6451	2
6452	3
6454	1
6455	2
6456	2
6457	2
6459	1
6460	2
6461	3
6462	3
6463	1
6464	2
6465	2
6467	1
6469	2
6470	3
6471	2
6472	2
6473	1
6475	1
6476	1
6477	3
6478	3
6479	1
6480	2
6481	2
6484	1
6486	1
6487	1
6488	3
6489	2
6490	4
6491	1
6493	3
6494	1
6495	2
6497	2
6499	1
6501	1
6503	1
6504	2
6505	1
6506	3
6508	1
6509	1
6510	3
6511	1
6512	2
6514	1
6516	1
6519	4
6520	1
6521	2
6524	2
6525	1
6526	1
6527	2
6529	2
6530	2
6533	3
6534	2
6535	1
6536	1
6537	2
6538	3
6539	1
6540	1
6542	1
6543	1
6544	2
6546	1
6547	1
6548	1
6549	2
6550	2
6554	2
6556	1
6557	3
6558	1
6559	2
6560	2
6561	2
6562	2
6563	3
6565	2
6566	2
6568	1
6569	2
6571	4
6573	1
6574	1
6575	1
6577	1
6578	3
6580	2
6581	2
6582	3
6584	1
6588	1
6590	2
6591	2
6592	4
6593	2
6595	2
6596	1
6597	1
6600	1
6601	2
6604	2
6605	2
6607	1
6608	3
6609	1
6610	1
6611	3
6612	1
6613	1
6614	1
6616	3
6617	2
6619	1
6621	1
6622	4
6623	4
6624	1
6626	2
6628	2
6629	1
6632	3
6634	1
6635	1
6638	1
6639	3
6640	2
6642	1
6644	1
6645	1
6646	1
6648	2
6649	3
6651	1
6653	2
6654	1
6655	2
6656	1
6657	2
6658	3
6659	3
6662	1
6664	2
6665	1
6666	1
6667	2
6668	2
6671	1
6673	1
6674	1
6677	3
6678	1
6679	1
6680	1
6684	3
6685	4
6687	1
6688	5
6690	1
6691	3
6692	2
6694	1
6695	2
6696	3
6697	2
6698	4
6702	2
6704	2
6706	1
6707	2
6708	2
6709	2
6710	2
6711	1
6712	1
6713	3
6714	1
6715	2
6716	1
6718	1
6720	1
6721	1
6722	3
6723	1
6724	2
6725	1
6726	3
6728	1
6729	2
6730	3
6732	2
6733	1
6734	2
6735	1
6736	1
6737	2
6738	1
6740	1
6741	2
6742	2
6744	1
6747	5
6748	1
6749	2
6752	1
6753	3
6754	2
6755	1
6756	1
6757	1
6759	3
6760	4
6761	1
6762	2
6764	1
6765	1
6766	1
6769	3
6770	2
6771	3
6772	1
6774	1
6775	1
6776	1
6777	1
6778	4
6779	1
6780	1
6781	3
6782	1
6783	3
6784	3
6785	1
6786	4
6787	2
6788	1
6789	3
6791	1
6792	2
6793	2
6794	1
6795	1
6797	2
6799	1
6801	1
6802	1
6806	1
6807	1
6808	1
6810	1
6811	1
6812	1
6813	1
6814	3
6815	2
6818	1
6820	1
6822	1
6824	1
6825	1
6826	1
6829	2
6830	1
6832	2
6834	2
6835	1
6836	1
6837	2
6838	4
6839	3
6842	2
6843	3
6846	1
6847	1
6849	3
6852	1
6853	1
6854	1
6855	3
6857	3
6858	2
6859	1
6860	1
6862	2
6863	1
6864	1
6865	3
6866	5
6867	1
6868	1
6869	1
6870	1
6871	1
6872	1
6873	1
6874	1
6875	1
6878	1
6879	1
6880	1
6881	2
6883	2
6884	1
6885	1
6886	3
6889	1
6890	3
6891	3
6892	3
6894	1
6896	2
6898	1
6899	1
6900	2
6901	2
6902	1
6903	1
6904	1
6906	2
6907	1
6909	1
6912	1
6913	2
6917	1
6920	1
6921	1
6922	2
6923	3
6926	1
6928	1
6929	3
6930	1
6931	1
6932	1
6933	2
6934	1
6936	5
6937	1
6938	2
6939	4
6940	2
6941	3
6942	1
6944	1
6945	3
6946	1
6947	1
6948	1
6949	1
6951	1
6952	1
6954	1
6955	2
6956	2
6957	2
6958	1
6960	3
6961	1
6963	2
6964	1
6965	1
6966	2
6968	1
6969	1
6970	4
6972	2
6973	4
6975	2
6976	3
6977	1
6978	1
6979	1
6980	2
6981	3
6982	2
6983	2
6984	1
6987	1
6990	2
6991	2
6993	1
6997	1
6998	1
6999	4
7001	3
7002	1
7004	2
7005	1
7006	2
7007	1
7014	1
7016	1
7017	1
7022	1
7023	1
7024	3
7028	1
7030	1
7031	2
7034	2
7038	1
7039	1
7040	1
7042	2
7043	1
7044	1
7045	1
7046	2
7047	1
7048	1
7049	1
7050	1
7051	2
7052	1
7055	1
7056	1
7057	1
7058	3
7059	1
7060	2
7068	1
7069	1
7070	2
7071	1
7072	1
7074	4
7075	1
7076	1
7077	2
7078	1
7079	1
7080	2
7085	1
7088	1
7089	1
7091	1
7092	2
7094	1
7096	2
7098	2
7099	1
7100	1
7103	1
7105	1
7106	1
7109	2
7110	3
7111	2
7112	1
7113	1
7114	1
7118	1
7120	1
7121	2
7123	2
7124	1
7125	1
7126	4
7127	1
7130	2
7131	2
7132	1
7133	1
7134	2
7137	1
7140	3
7141	1
7143	1
7144	2
7145	2
7148	2
7149	1
7152	1
7154	1
7155	3
7156	1
7158	1
7160	2
7162	2
7165	1
7166	2
7167	2
7168	4
7169	1
7171	1
7172	2
7174	2
7175	3
7176	3
7177	1
7178	1
7181	1
7183	1
7186	1
7187	1
7188	2
7189	1
7190	2
7191	1
7192	2
7193	2
7194	2
7195	4
7196	1
7200	1
7201	1
7202	1
7204	1
7205	1
7206	2
7207	2
7209	3
7210	1
7211	1
7212	1
7214	1
7215	1
7216	2
7218	2
7219	3
7220	2
7221	1
7222	1
7223	1
7224	1
7225	5
7226	1
7227	1
7228	3
7229	1
7230	1
7231	3
7232	2
7238	1
7239	1
7240	1
7241	1
7242	1
7243	1
7246	1
7248	1
7249	1
7250	1
7253	3
7256	1
7257	2
7258	1
7266	3
7267	1
7270	1
7271	1
7273	1
7275	1
7276	2
7277	2
7279	1
7280	1
7281	1
7282	2
7283	3
7284	2
7285	2
7286	1
7289	1
7290	2
7293	1
7296	2
7298	1
7299	1
7300	3
7301	2
7303	3
7304	2
7305	1
7306	2
7308	2
7309	1
7311	1
7313	1
7317	2
7320	1
7322	1
7323	2
7326	2
7328	1
7329	1
7330	1
7332	1
7334	1
7335	2
7337	1
7338	1
7339	1
7342	3
7343	1
7346	1
7347	1
7348	1
7349	1
7351	1
7353	1
7354	1
7356	1
7357	4
7359	3
7360	2
7361	1
7362	1
7363	2
7366	1
7369	1
7370	1
7371	1
7374	2
7375	1
7376	1
7377	1
7381	1
7382	2
7383	4
7384	1
7387	1
7388	3
7390	2
7391	1
7392	3
7395	1
7396	1
7398	1
7402	1
7405	1
7406	3
7407	1
7409	1
7411	1
7412	1
7415	1
7416	2
7417	1
7418	4
7420	1
7423	2
7424	1
7425	1
7428	1
7429	2
7432	2
7433	1
7434	1
7435	1
7437	1
7438	2
7439	1
7440	1
7442	2
7444	1
7446	1
7448	2
7449	1
7452	1
7453	1
7454	2
7455	2
7457	1
7458	1
7459	1
7460	1
7462	1
7465	1
7467	1
7472	2
7474	1
7475	2
7476	1
7477	2
7478	1
7480	1
7481	1
7483	1
7487	1
7493	1
7494	2
7495	3
7498	1
7502	1
7503	1
7505	1
7506	3
7507	1
7508	3
7509	2
7510	1
7513	1
7515	1
7517	1
7518	1
7519	1
7520	3
7522	1
7525	2
7527	2
7528	2
7530	2
7531	2
7533	1
7535	3
7536	1
7537	1
7539	1
7540	2
7542	2
7543	2
7544	1
7547	1
7549	2
7550	1
7551	2
7553	3
7557	1
7558	5
7560	2
7563	1
7564	2
7566	3
7567	3
7568	3
7569	2
7573	1
7574	1
7575	2
7576	1
7578	1
7580	1
7583	1
7588	3
7589	2
7590	2
7592	3
7597	1
7600	1
7601	2
7602	1
7603	1
7605	1
7606	1
7607	2
7609	1
7617	1
7620	2
7622	1
7624	2
7625	2
7626	2
7629	2
7631	2
7632	1
7633	1
7635	1
7636	1
7638	1
7640	1
7642	2
7645	2
7646	1
7649	1
7650	1
7651	2
7654	4
7658	2
7661	1
7665	2
7667	1
7668	3
7669	2
7671	1
7673	1
7674	1
7677	1
7679	2
7681	2
7684	2
7687	1
7688	1
7689	1
7690	2
7692	2
7698	1
7699	1
7701	1
7702	1
7703	1
7704	1
7705	1
7706	2
7707	1
7710	2
7712	4
7713	1
7717	3
7718	2
7719	1
7721	2
7723	1
7726	2
7727	1
7729	1
7730	2
7731	1
7732	1
7736	1
7737	2
7739	2
7742	2
7745	1
7747	1
7748	2
7749	4
7751	1
7755	2
7760	1
7763	1
7765	1
7768	1
7770	2
7771	2
7772	1
7775	1
7778	1
7781	1
7782	2
7783	1
7786	1
7787	1
7789	2
7790	2
7791	1
7792	2
7793	1
7800	1
7802	1
7803	1
7805	1
7807	1
7808	3
7810	2
7815	2
7818	1
7819	1
7820	1
7821	1
7823	2
7824	2
7827	2
7828	3
7830	2
7832	1
7833	1
7839	1
7840	1
7841	2
7843	1
7844	1
7845	1
7846	2
7847	2
7848	1
7850	3
7852	1
7857	1
7858	1
7859	2
7861	1
7863	1
7864	1
7866	1
7868	2
7869	1
7870	1
7872	1
7873	3
7874	1
7878	1
7879	2
7882	1
7883	2
7884	1
7885	1
7886	1
7887	1
7891	2
7892	2
7895	1
7896	1
7897	1
7902	1
7904	2
7905	1
7908	1
7914	1
7915	1
7916	1
7918	2
7921	1
7922	1
7924	1
7925	3
7929	1
7931	1
7932	1
7933	3
7936	2
7938	1
7941	1
7942	1
7943	1
7946	2
7947	1
7950	1
7951	2
7952	2
7955	1
7956	1
7957	2
7958	2
7959	2
7960	1
7962	1
7965	1
7966	1
7967	1
7969	1
7970	2
7971	1
7973	1
7974	1
7975	1
7977	2
7979	1
7981	1
7982	2
7984	1
7986	2
7987	1
7993	2
7994	1
7996	1
7997	2
8001	3
8005	1
8009	2
8010	1
8011	1
8023	1
8027	1
8029	1
8031	1
8032	1
8033	1
8037	1
8038	3
8040	3
8041	3
8043	1
8047	1
8051	2
8052	1
8053	3
8055	2
8060	1
8061	1
8062	1
8063	2
8068	1
8069	1
8070	2
8071	1
8072	1
8073	2
8074	1
8076	1
8077	2
8079	1
8082	3
8083	1
8084	1
8088	1
8090	2
8091	2
8093	1
8095	1
8097	1
8098	1
8099	1
8101	1
8102	1
8103	1
8104	1
8105	2
8106	1
8111	1
8114	1
8117	1
8118	1
8119	1
8122	1
8123	1
8124	2
8125	1
8128	1
8130	3
8132	1
8136	1
8141	1
8144	2
8147	2
8148	2
8152	3
8154	2
8156	3
8157	1
8159	1
8160	2
8162	1
8169	1
8172	1
8173	1
8177	1
8178	1
8181	1
8186	2
8187	2
8188	1
8189	3
8190	1
8191	1
8198	1
8200	1
8202	2
8203	1
8206	1
8207	1
8211	1
8213	1
8214	1
8217	1
8218	3
8219	1
8220	1
8221	2
8222	1
8225	1
8232	1
8233	1
8234	1
8236	1
8237	1
8238	1
8239	1
8240	1
8241	1
8249	1
8250	1
8254	2
8258	2
8260	1
8261	1
8263	1
8265	2
8267	1
8268	1
8269	2
8271	2
8274	1
8279	1
8282	1
8286	1
8287	1
8289	2
8290	1
8291	2
8292	1
8294	2
8297	2
8298	1
8299	1
8308	1
8309	1
8312	3
8315	1
8316	2
8325	1
8326	5
8327	2
8331	2
8332	1
8334	2
8335	4
8336	1
8345	1
8346	2
8348	2
8349	1
8351	1
8352	1
8353	2
8356	1
8357	2
8358	2
8359	1
8360	1
8362	1
8365	1
8371	1
8376	1
8377	1
8378	1
8379	1
8383	1
8385	1
8386	1
8388	1
8391	1
8392	1
8394	1
8398	1
8400	1
8402	2
8403	1
8407	1
8409	1
8415	1
8416	1
8417	2
8418	1
8429	2
8432	1
8434	1
8437	1
8439	2
8440	1
8441	1
8446	1
8448	1
8449	1
8450	1
8452	1
8453	1
8454	1
8456	1
8458	2
8461	1
8462	1
8464	1
8468	1
8472	2
8479	1
8480	1
8483	1
8484	2
8489	1
8490	1
8494	2
8495	1
8496	1
8497	1
8500	1
8501	2
8502	1
8503	1
8505	1
8508	1
8511	1
8515	1
8519	1
8521	1
8522	2
8525	1
8532	2
8533	1
8534	1
8535	2
8539	1
8542	2
8546	1
8553	1
8554	1
8556	2
8557	2
8561	1
8563	1
8564	1
8569	1
8574	1
8575	1
8576	1
8578	1
8583	1
8585	1
8589	2
8590	3
8591	1
8594	1
8600	1
8602	1
8603	1
8604	1
8607	1
8608	1
8611	1
8612	1
8618	1
8620	1
8621	3
8623	1
8625	2
8627	1
8632	1
8633	2
8634	2
8637	2
8641	3
8648	1
8651	1
8655	1
8657	1
8658	1
8660	1
8662	2
8663	2
8665	1
8667	1
8670	1
8672	1
8674	1
8676	1
8678	1
8679	1
8680	1
8684	1
8687	1
8692	1
8694	1
8695	1
8698	2
8701	1
8704	1
8707	1
8710	1
8712	1
8714	1
8717	1
8724	1
8727	1
8738	1
8739	1
8744	1
8745	1
8746	1
8748	1
8754	1
8757	2
8762	1
8764	1
8767	1
8768	1
8770	1
8771	2
8773	2
8774	1
8777	1
8784	1
8785	1
8788	2
8792	2
8794	2
8796	2
8798	2
8799	1
8800	1
8803	1
8804	1
8811	1
8819	1
8821	3
8823	1
8827	1
8828	1
8835	1
8836	1
8839	1
8841	2
8844	1
8849	1
8851	2
8854	1
8856	1
8861	1
8863	1
8865	1
8868	1
8869	2
8871	1
8877	2
8878	1
8883	2
8884	1
8887	1
8888	1
8897	1
8899	1
8900	2
8901	1
8903	1
8907	1
8909	1
8910	1
8913	1
8914	2
8917	1
8922	1
8924	1
8926	1
8927	1
8929	1
8930	1
8931	1
8932	1
8936	1
8941	1
8942	1
8944	1
8953	2
8964	2
8967	1
8968	3
8969	1
8971	1
8972	1
8975	2
8976	1
8979	2
8983	1
8984	1
8988	1
8989	2
8991	1
8992	1
8995	2
9003	1
9004	1
9006	1
9007	1
9009	1
9013	2
9025	2
9026	1
9029	1
9031	1
9034	1
9036	2
9040	2
9041	1
9042	1
9046	2
9050	1
9051	2
9052	1
9053	1
9060	1
9061	1
9064	1
9071	1
9073	1
9074	2
9075	2
9081	1
9082	1
9088	1
9089	1
9093	1
9096	1
9100	1
9101	1
9104	1
9106	1
9108	1
9109	2
9115	1
9116	1
9117	3
9123	1
9124	3
9125	1
9127	1
9130	2
9131	1
9132	3
9139	1
9140	1
9142	1
9145	2
9152	1
9156	1
9158	1
9160	1
9168	1
9174	1
9175	1
9178	1
9187	2
9192	1
9193	1
9194	1
9199	1
9200	1
9202	1
9203	1
9204	1
9206	1
9209	1
9211	2
9213	1
9215	1
9218	1
9219	2
9224	1
9227	1
9228	1
9229	1
9235	1
9242	1
9244	1
9249	1
9252	1
9253	1
9258	1
9259	1
9264	1
9268	1
9272	1
9285	1
9286	1
9289	1
9291	1
9294	1
9297	1
9298	1
9299	1
9301	2
9308	1
9309	1
9312	1
9315	1
9317	1
9322	1
9325	1
9327	1
9334	1
9339	1
9340	1
9344	1
9345	1
9346	2
9351	1
9352	1
9353	1
9358	1
9360	3
9361	1
9367	1
9368	1
9370	1
9371	1
9376	1
9380	1
9381	2
9384	2
9385	2
9386	1
9393	1
9397	1
9400	1
9403	1
9404	1
9410	1
9412	1
9414	2
9415	1
9416	1
9417	1
9419	1
9422	1
9433	1
9437	1
9445	1
9446	2
9447	1
9448	1
9450	1
9451	1
9452	2
9454	1
9455	1
9460	1
9473	2
9481	1
9482	1
9485	2
9486	1
9489	1
9492	1
9493	1
9494	1
9499	1
9500	1
9502	1
9505	1
9506	1
9508	1
9512	1
9520	1
9523	1
9527	2
9528	1
9534	1
9536	1
9537	1
9543	1
9549	1
9556	1
9557	2
9558	1
9567	1
9571	1
9578	1
9579	1
9588	1
9590	1
9594	1
9596	1
9599	2
9608	1
9620	1
9621	2
9623	1
9624	1
9626	1
9627	2
9628	1
9629	2
9632	1
9636	1
9637	1
9639	1
9642	1
9645	1
9646	1
9647	1
9652	1
9654	1
9659	1
9662	1
9664	1
9669	1
9670	1
9681	1
9684	1
9704	1
9707	1
9710	1
9711	1
9715	1
9720	2
9721	1
9724	1
9725	1
9727	1
9729	2
9731	2
9736	1
9741	1
9742	2
9743	1
9744	1
9746	1
9752	1
9754	1
9755	1
9756	1
9762	1
9768	1
9770	1
9771	1
9774	1
9779	2
9782	1
9783	2
9786	1
9789	1
9793	2
9801	1
9802	3
9804	1
9806	1
9809	1
9813	1
9814	1
9818	1
9820	1
9822	1
9823	1
9830	1
9831	1
9836	1
9844	1
9859	1
9864	1
9868	1
9878	1
9879	2
9890	1
9894	1
9895	1
9900	1
9904	3
9907	1
9912	1
9915	1
9916	1
9918	1
9921	1
9922	1
9925	1
9932	1
9936	1
9938	1
9943	1
9944	2
9954	1
9955	1
9962	1
9963	1
9969	1
9970	1
9979	1
9980	1
9982	1
9983	1
9989	1
9994	1
9997	1
10002	1
10015	1
10024	1
10025	1
10042	1
10043	1
10045	2
10056	1
10058	1
10061	1
10063	1
10064	1
10065	1
10068	1
10070	1
10077	1
10080	1
10083	1
10084	1
10085	1
10086	1
10088	1
10089	3
10094	1
10096	1
10098	1
10099	1
10102	1
10104	1
10108	1
10109	1
10111	1
10113	1
10125	1
10127	1
10128	1
10138	1
10141	1
10142	1
10144	2
10145	1
10157	1
10163	1
10165	1
10166	1
10169	1
10176	1
10177	1
10180	1
10182	1
10186	1
10189	1
10190	1
10192	1
10196	1
10200	1
10202	1
10208	1
10212	1
10214	2
10225	1
10228	1
10236	1
10249	1
10251	1
10253	1
10254	1
10274	1
10275	1
10281	1
10284	1
10288	2
10294	1
10296	1
10298	1
10307	1
10313	1
10333	1
10352	1
10353	1
10354	1
10357	1
10358	1
10359	1
10369	2
10378	2
10390	1
10393	1
10395	1
10405	1
10410	1
10420	1
10428	1
10433	1
10440	1
10441	2
10458	1
10462	1
10470	2
10471	1
10483	1
10484	1
10486	2
10488	1
10490	2
10496	1
10500	1
10507	1
10512	1
10513	1
10521	1
10527	1
10528	1
10529	3
10537	1
10541	1
10549	1
10551	1
10554	1
10557	2
10558	3
10559	1
10560	1
10561	1
10562	1
10563	1
10571	1
10572	1
10583	1
10585	1
10587	2
10590	1
10591	1
10593	1
10609	1
10614	1
10618	1
10619	2
10621	1
10623	1
10624	1
10627	2
10635	1
10641	1
10642	1
10654	1
10655	1
10659	1
10661	1
10669	1
10672	1
10687	1
10689	1
10690	1
10693	1
10697	1
10701	1
10704	1
10712	1
10714	1
10718	1
10719	1
10721	1
10728	1
10733	2
10740	1
10743	1
10744	1
10747	2
10759	1
10764	1
10771	1
10775	1
10777	1
10788	1
10789	1
10797	2
10804	1
10808	1
10810	1
10816	1
10827	1
10829	1
10832	1
10845	1
10847	1
10848	1
10858	1
10860	1
10861	2
10865	1
10868	1
10869	1
10882	2
10883	1
10885	1
10887	1
10895	1
10896	1
10899	2
10910	1
10915	1
10917	1
10919	2
10921	1
10925	1
10929	1
10939	1
10940	1
10945	1
10948	2
10956	1
10958	2
10972	2
10979	1
10983	1
10984	1
10986	1
10990	1
10997	2
10998	1
10999	1
11002	1
11004	1
11019	1
11027	1
11042	1
11051	1
11055	1
11069	1
11070	1
11071	1
11074	1
11081	1
11097	2
11102	2
11104	3
11106	1
11109	2
11113	1
11114	1
11124	1
11130	1
11133	1
11153	1
11159	1
11166	1
11170	1
11173	1
11175	1
11177	1
11180	2
11184	1
11201	1
11206	1
11215	1
11217	1
11219	2
11222	1
11224	1
11225	1
11230	1
11237	1
11239	1
11242	1
11246	1
11247	1
11257	1
11264	1
11270	1
11287	1
11318	1
11319	1
11320	1
11323	1
11337	1
11357	1
11362	1
11364	1
11382	1
11385	2
11386	1
11391	1
11393	1
11410	1
11412	1
11413	1
11417	1
11421	1
11425	1
11434	1
11436	1
11444	1
11453	1
11459	1
11464	1
11465	1
11477	1
11478	1
11483	1
11489	1
11511	1
11516	2
11522	2
11543	1
11545	1
11556	2
11558	1
11598	1
11606	1
11620	1
11625	1
11647	1
11653	1
11657	2
11684	1
11691	1
11705	1
11707	1
11711	1
11717	1
11735	1
11739	1
11745	1
11747	1
11755	1
11760	1
11761	1
11773	1
11798	1
11804	1
11809	1
11823	1
11829	1
11838	1
11841	1
11880	1
11925	1
11954	1
11971	1
11974	1
11977	1
11979	1
11981	1
12001	1
12008	1
12012	1
12034	1
12036	1
12040	1
12045	1
12061	1
12063	1
12077	1
12079	1
12100	2
12116	1
12118	1
12137	1
12155	1
12159	1
12167	1
12187	1
12215	1
12239	1
12250	1
12259	1
12270	2
12273	1
12280	1
12283	1
12286	1
12298	1
12310	1
12313	1
12318	1
12326	1
12331	1
12345	1
12358	1
12368	1
12394	1
12414	1
12425	1
12428	1
12430	1
12453	1
12460	1
12475	1
12495	1
12496	1
12503	1
12547	1
12557	1
12574	1
12586	1
12600	1
12602	1
12610	1
12630	1
12646	1
12661	1
12662	1
12664	1
12668	1
12669	1
12705	1
12711	1
12751	1
12757	1
12759	1
12770	1
12782	1
12786	1
12787	1
12819	1
12820	1
12841	1
12850	1
12852	1
12857	1
12859	1
12875	1
12876	1
12881	1
12899	1
12903	1
12904	1
12910	1
12931	1
12933	1
12936	1
12939	1
12957	1
12963	1
12977	1
12981	2
13027	1
13039	1
13049	2
13055	1
13063	1
13065	1
13067	1
13068	1
13118	1
13136	1
13141	1
13146	1
13165	1
13200	1
13218	1
13229	2
13232	1
13248	1
13265	1
13374	1
13375	1
13378	1
13392	1
13431	1
13467	1
13482	1
13520	1
13538	1
13558	1
13562	1
13587	1
13695	1
13710	1
13730	1
13735	1
13739	1
13777	1
13790	1
13834	1
13836	1
13863	1
13864	1
13884	1
13887	1
13902	1
13908	1
13955	1
13973	1
13981	1
13989	1
14057	1
14068	1
14081	1
14090	1
14103	1
14143	1
14183	1
14189	1
14194	1
14206	1
14228	1
14292	1
14306	1
14339	1
14359	1
14379	1
14401	1
14422	1
14428	1
14439	1
14446	1
14451	1
14489	1
14501	1
14528	1
14548	1
14551	1
14603	1
14624	1
14630	1
14642	1
14645	1
14749	2
14751	1
14756	1
14768	1
14799	1
14862	1
14890	1
14924	1
14928	1
14950	1
14991	1
15151	1
15159	2
15224	1
15235	1
15243	1
15273	1
15308	1
15345	1
15355	1
15364	1
15381	1
15402	1
15432	1
15485	1
15501	1
15507	1
15538	1
15541	1
15578	1
15584	1
15807	2
15876	1
15916	1
15924	1
15925	2
15930	1
15984	1
15994	1
16045	1
16055	1
16098	1
16110	1
16128	1
16187	1
16210	1
16239	1
16249	1
16265	1
16284	1
16288	1
16327	1
16330	1
16411	1
16424	1
16470	1
16481	1
16504	1
16635	1
16711	1
16716	1
16739	1
16765	1
16844	1
16999	1
17049	1
17057	1
17200	1
17209	1
17239	1
17264	1
17303	1
17365	1
17375	1
17426	1
17476	1
17520	1
17547	1
17607	1
17795	1
17828	1
17842	1
17877	1
17989	1
18052	1
18079	1
18114	1
18175	1
18201	1
18289	1
18309	1
18334	1
18364	1
18563	1
18615	1
18771	1
18912	1
18966	1
19091	1
19210	1
19247	1
19513	1
19516	1
19536	1
19569	1
19659	1
19763	1
20056	1
20081	1
20277	1
20771	1
20908	1
20924	1
20947	1
20949	1
20979	1
21203	1
21320	1
21353	1
21416	1
21461	1
21550	1
21560	1
21772	1
21842	1
21902	1
22160	1
22179	1
22233	1
22527	1
22626	1
22702	1
22804	1
22960	1
22974	1
23048	1
23118	1
23239	1
23334	1
24055	1
24125	1
24235	1
24750	1
24811	1
24823	1
25156	1
25266	1
25293	1
26198	1
27343	1
27630	1
27892	1
28265	1
28271	1
28401	1
28465	1
28917	1
29140	1
29402	1
29410	1
29609	1
29693	1
31678	1
31856	1
32792	1
34007	1
34098	1
34184	1
34921	1
35221	1
37010	1
38026	1
38429	1
39222	1
39847	1
40317	1
41817	1
42195	1
42901	1
43185	1
44892	1
45231	1
45267	1
47353	1
50177	1
53785	1
54764	1
54901	1
55197	1
61514	1
62089	1
68879	1
70697	1
73793	1
76713	1
84464	1
118749	1
137734	1
3005755	1
