fragment_length	frequency
80	5
82	4
85	2
93	1
95	1
97	1
112	1
114	1
130	1
148	1
156	1
162	1
166	1
169	1
171	2
173	6
176	1
179	1
183	1
190	1
195	1
222	1
251	1
252	1
256	1
287	2
290	1
291	1
302	1
358	1
359	1
364	1
402	1
409	1
411	1
435	1
461	1
491	1
527	1
528	1
529	1
578	1
585	1
648	1
667	1
678	1
685	1
723	1
788	1
791	1
847	1
854	1
861	1
928	1
995	1
1146	1
1153	1
1270	1
1298	1
1307	1
1311	1
1334	1
1373	1
1408	1
1428	1
1472	1
1512	1
1602	1
1616	1
1642	1
1667	1
1683	1
1699	1
1723	1
1833	1
1967	1
1987	1
2238	1
2296	1
2321	1
2324	1
2376	1
2430	1
2523	1
2643	2
2644	1
2677	1
2848	1
2885	1
2936	1
3297	1
3308	1
3540	1
3541	1
3567	1
3586	1
3658	1
3911	1
3925	1
3932	1
4011	1
4506	1
4527	1
4530	1
4559	1
4623	1
4735	1
4739	1
4767	1
4918	1
4947	1
4960	1
5083	1
5110	1
5189	1
5244	1
5274	1
5293	1
5488	1
5572	1
5596	1
5642	1
6201	1
6355	1
6366	1
6429	1
6862	1
6963	1
7292	1
7840	1
7918	1
8061	1
8143	1
8205	1
8613	1
9736	1
9762	1
11326	1
11814	1
12507	1
15220	1
16519	1
16939	1
