fragment_length	frequency
80	8
82	2
83	1
84	2
85	5
88	2
89	1
92	1
94	1
95	1
96	1
98	1
101	1
103	1
106	1
109	1
111	1
114	2
116	2
117	2
118	2
122	2
123	1
131	2
133	1
135	3
138	1
140	1
142	1
145	1
151	2
155	1
156	1
157	1
159	1
169	1
170	1
171	3
173	1
175	2
176	2
179	1
180	1
181	1
185	1
186	3
188	1
189	1
190	1
191	1
197	2
198	3
200	1
201	3
203	1
204	3
210	1
212	2
214	1
216	1
217	1
218	1
220	1
221	1
222	1
224	1
225	1
228	1
233	1
240	1
241	1
242	1
243	3
245	1
246	1
250	1
256	1
258	1
259	1
261	2
263	1
266	1
267	1
270	1
271	1
278	1
279	1
281	1
282	1
283	2
287	2
288	1
289	1
291	1
302	2
304	1
308	2
310	1
318	1
321	3
322	2
323	1
324	1
325	1
331	1
332	4
333	1
336	1
338	1
343	1
344	1
347	1
348	1
351	1
353	1
355	2
357	1
361	1
363	1
367	2
369	1
372	1
375	1
376	1
381	2
382	1
385	1
386	1
387	1
388	1
390	1
393	1
395	1
399	1
402	1
407	2
408	1
409	2
410	1
421	1
422	2
425	1
439	1
440	1
446	1
448	1
449	1
450	1
455	1
458	2
464	1
465	1
467	1
474	1
475	1
479	2
480	1
481	1
491	1
492	1
494	1
496	2
498	1
508	1
512	1
514	2
515	1
516	1
517	2
527	1
531	1
535	1
536	2
544	1
550	1
553	1
555	1
559	1
561	1
564	2
565	1
567	1
568	1
578	1
581	1
592	1
593	1
594	2
595	1
599	1
606	1
611	1
615	1
623	3
628	1
631	1
632	1
635	1
637	2
640	1
647	1
652	1
655	1
660	1
665	1
666	1
668	1
672	1
675	1
676	1
680	1
681	1
682	1
684	1
690	1
693	1
701	1
705	2
713	2
720	1
721	1
722	1
725	1
728	1
736	1
742	1
744	1
754	1
756	1
757	1
761	1
766	1
770	1
778	1
779	1
784	1
788	1
790	1
793	2
795	1
798	1
799	1
807	2
810	1
822	1
826	1
828	1
834	1
838	1
845	1
848	1
851	1
855	1
867	1
869	1
878	1
881	1
885	1
899	2
909	1
911	1
913	1
920	1
921	1
933	1
939	1
940	1
942	2
945	1
946	1
947	1
949	1
963	1
966	1
968	1
970	1
971	1
972	1
975	1
981	1
983	1
991	1
995	1
1001	1
1003	1
1006	1
1017	1
1026	2
1028	1
1029	1
1032	1
1060	1
1067	1
1070	1
1071	1
1072	1
1076	1
1085	1
1086	1
1092	1
1098	1
1099	1
1100	1
1104	1
1109	1
1111	1
1120	2
1126	1
1143	1
1150	1
1151	1
1159	1
1160	1
1162	1
1164	1
1187	1
1207	1
1213	1
1216	2
1224	1
1233	1
1237	1
1240	1
1241	1
1257	1
1258	1
1267	1
1272	1
1273	1
1274	1
1287	1
1298	1
1299	1
1310	1
1323	1
1326	1
1328	1
1332	1
1335	1
1336	1
1345	2
1347	3
1352	1
1354	1
1356	1
1360	1
1381	1
1382	1
1390	1
1391	1
1396	1
1401	1
1409	1
1426	1
1437	1
1441	1
1446	1
1458	1
1459	1
1462	1
1469	1
1480	1
1482	1
1487	1
1489	1
1504	1
1506	1
1518	1
1522	1
1533	1
1538	1
1543	1
1550	1
1553	1
1562	1
1563	2
1569	1
1576	1
1577	1
1578	1
1586	1
1590	1
1603	1
1604	1
1647	1
1657	1
1658	1
1660	1
1664	1
1675	1
1685	1
1690	1
1709	1
1710	1
1723	1
1724	1
1731	1
1741	1
1746	1
1747	1
1748	1
1749	1
1755	1
1756	1
1767	1
1775	2
1778	1
1782	1
1799	1
1806	1
1807	1
1820	1
1826	1
1843	1
1844	1
1855	1
1861	1
1868	1
1881	1
1883	1
1885	1
1890	1
1913	1
1922	1
1924	1
1926	1
1932	1
1935	1
1943	1
1957	2
1965	1
1979	1
1980	1
1982	1
1995	1
1999	1
2022	1
2026	1
2039	1
2042	1
2049	1
2057	1
2062	1
2078	1
2081	1
2096	1
2100	1
2116	2
2119	1
2125	1
2156	1
2165	1
2169	1
2170	1
2172	1
2173	1
2184	1
2187	1
2199	1
2202	1
2214	1
2238	1
2239	1
2241	1
2243	1
2244	1
2247	1
2248	1
2259	1
2264	1
2293	1
2330	1
2334	1
2335	1
2338	1
2379	1
2381	1
2382	1
2387	2
2392	1
2415	1
2444	1
2450	2
2452	1
2464	1
2465	1
2530	1
2532	1
2535	1
2549	1
2556	1
2613	1
2616	1
2617	1
2629	1
2638	1
2663	1
2676	1
2701	1
2718	1
2722	1
2743	1
2762	1
2765	1
2779	1
2785	1
2818	1
2889	1
2891	1
2900	1
2925	1
2932	1
2944	1
2956	1
2974	1
2982	1
3018	1
3021	1
3051	1
3052	1
3096	1
3109	1
3110	1
3112	1
3149	1
3169	1
3182	1
3200	1
3203	1
3219	1
3269	1
3331	1
3337	1
3362	1
3374	1
3434	1
3435	1
3446	1
3448	1
3470	1
3476	1
3527	1
3541	1
3606	1
3628	1
3658	1
3660	1
3666	1
3668	1
3680	1
3707	1
3724	1
3731	1
3774	1
3805	1
3840	1
3877	1
3885	1
3908	1
3955	1
3984	1
4035	1
4054	1
4154	1
4202	1
4208	1
4233	1
4281	1
4301	1
4401	2
4429	1
4517	1
4533	1
4536	1
4553	1
4582	2
4702	1
4761	1
4798	1
4834	1
4858	1
4879	1
4957	1
4995	1
5037	1
5133	1
5136	1
5142	1
5186	1
5216	1
5416	1
5482	1
5628	1
5644	1
5647	1
5664	1
5855	1
6063	1
6242	1
6494	1
6520	1
6599	1
6962	1
7040	1
7423	1
7472	1
7662	1
7732	1
7791	1
7812	1
8009	1
8122	1
8351	1
8706	1
8838	1
8978	1
9063	1
9202	1
11443	1
12051	1
14381	1
15416	1
