fragment_length	frequency
80	1642
82	321
83	225
84	174
85	169
86	173
87	161
88	225
89	153
90	134
91	126
92	144
93	116
94	112
95	293
96	124
97	143
98	119
99	104
100	118
101	114
102	121
103	103
104	108
105	102
106	105
107	179
108	116
109	124
110	94
111	92
112	98
113	86
114	84
115	116
116	173
117	295
118	72
119	76
120	87
121	59
122	74
123	73
124	92
125	74
126	107
127	107
128	82
129	82
130	78
131	73
132	66
133	93
134	120
135	105
136	90
137	68
138	58
139	74
140	79
141	69
142	82
143	75
144	60
145	75
146	77
147	60
148	72
149	90
150	67
151	68
152	76
153	67
154	84
155	87
156	70
157	68
158	76
159	83
160	66
161	63
162	70
163	86
164	67
165	77
166	88
167	91
168	63
169	78
170	97
171	138
172	103
173	80
174	120
175	88
176	96
177	85
178	69
179	80
180	72
181	63
182	72
183	77
184	84
185	75
186	125
187	59
188	71
189	62
190	58
191	98
192	66
193	80
194	112
195	75
196	59
197	69
198	65
199	84
200	81
201	70
202	79
203	71
204	82
205	62
206	87
207	83
208	93
209	61
210	62
211	67
212	64
213	60
214	73
215	71
216	69
217	69
218	65
219	83
220	55
221	76
222	74
223	82
224	78
225	64
226	65
227	69
228	53
229	85
230	56
231	69
232	95
233	90
234	76
235	82
236	72
237	86
238	77
239	73
240	81
241	100
242	87
243	86
244	74
245	107
246	95
247	69
248	93
249	80
250	105
251	120
252	143
253	83
254	88
255	66
256	59
257	78
258	62
259	62
260	70
261	63
262	69
263	65
264	63
265	79
266	130
267	62
268	70
269	67
270	78
271	74
272	54
273	65
274	42
275	65
276	61
277	54
278	65
279	55
280	63
281	80
282	50
283	73
284	44
285	73
286	67
287	61
288	63
289	65
290	63
291	71
292	68
293	58
294	66
295	70
296	67
297	71
298	60
299	50
300	62
301	55
302	62
303	53
304	61
305	76
306	60
307	67
308	60
309	63
310	43
311	57
312	51
313	53
314	62
315	68
316	61
317	50
318	69
319	65
320	65
321	53
322	51
323	54
324	56
325	53
326	61
327	57
328	61
329	49
330	53
331	68
332	62
333	51
334	61
335	52
336	66
337	61
338	57
339	73
340	56
341	55
342	60
343	49
344	58
345	54
346	63
347	73
348	47
349	43
350	59
351	48
352	74
353	80
354	70
355	65
356	64
357	73
358	59
359	64
360	54
361	52
362	53
363	73
364	57
365	47
366	51
367	56
368	64
369	47
370	54
371	38
372	37
373	43
374	46
375	54
376	43
377	43
378	54
379	69
380	45
381	38
382	52
383	45
384	51
385	47
386	53
387	56
388	52
389	45
390	49
391	56
392	50
393	60
394	51
395	55
396	57
397	51
398	53
399	64
400	52
401	45
402	43
403	49
404	49
405	48
406	59
407	50
408	54
409	47
410	54
411	33
412	54
413	54
414	48
415	54
416	65
417	55
418	42
419	48
420	60
421	55
422	52
423	50
424	54
425	49
426	44
427	64
428	71
429	41
430	68
431	52
432	76
433	52
434	48
435	103
436	58
437	50
438	52
439	44
440	48
441	49
442	52
443	37
444	47
445	50
446	43
447	54
448	55
449	49
450	50
451	37
452	45
453	47
454	52
455	59
456	55
457	39
458	54
459	54
460	49
461	47
462	59
463	48
464	39
465	57
466	51
467	49
468	40
469	54
470	46
471	48
472	56
473	44
474	48
475	41
476	53
477	52
478	41
479	47
480	48
481	52
482	59
483	39
484	59
485	44
486	48
487	63
488	44
489	51
490	63
491	54
492	56
493	51
494	43
495	52
496	47
497	51
498	55
499	48
500	53
501	46
502	52
503	41
504	40
505	60
506	47
507	38
508	43
509	47
510	41
511	48
512	49
513	45
514	53
515	39
516	55
517	47
518	60
519	55
520	54
521	49
522	40
523	42
524	53
525	33
526	49
527	46
528	46
529	46
530	59
531	45
532	48
533	53
534	46
535	43
536	49
537	50
538	52
539	47
540	42
541	47
542	55
543	44
544	48
545	40
546	42
547	33
548	41
549	43
550	46
551	52
552	40
553	52
554	40
555	51
556	47
557	44
558	32
559	44
560	49
561	40
562	55
563	49
564	41
565	47
566	40
567	37
568	45
569	51
570	45
571	44
572	40
573	41
574	45
575	43
576	38
577	52
578	45
579	48
580	42
581	38
582	41
583	34
584	44
585	42
586	50
587	38
588	37
589	39
590	32
591	41
592	38
593	47
594	41
595	44
596	53
597	41
598	43
599	52
600	33
601	51
602	55
603	55
604	40
605	44
606	46
607	51
608	47
609	51
610	49
611	48
612	34
613	46
614	46
615	53
616	60
617	40
618	43
619	37
620	47
621	47
622	37
623	35
624	49
625	46
626	44
627	46
628	51
629	31
630	52
631	44
632	40
633	48
634	44
635	51
636	53
637	39
638	46
639	35
640	38
641	38
642	44
643	38
644	46
645	47
646	51
647	49
648	48
649	38
650	51
651	47
652	44
653	33
654	44
655	30
656	39
657	51
658	37
659	42
660	48
661	34
662	42
663	47
664	40
665	41
666	42
667	41
668	35
669	34
670	41
671	55
672	34
673	56
674	39
675	51
676	59
677	35
678	36
679	47
680	38
681	50
682	37
683	40
684	38
685	33
686	34
687	38
688	40
689	45
690	33
691	37
692	47
693	35
694	40
695	46
696	48
697	48
698	41
699	37
700	38
701	57
702	42
703	40
704	50
705	41
706	40
707	48
708	40
709	43
710	36
711	35
712	43
713	34
714	38
715	38
716	53
717	29
718	45
719	42
720	40
721	48
722	55
723	46
724	40
725	38
726	30
727	45
728	34
729	39
730	29
731	36
732	41
733	33
734	34
735	40
736	37
737	44
738	38
739	43
740	48
741	34
742	58
743	39
744	38
745	45
746	24
747	40
748	44
749	51
750	36
751	36
752	33
753	41
754	44
755	37
756	39
757	45
758	31
759	48
760	42
761	45
762	47
763	41
764	39
765	42
766	54
767	47
768	34
769	49
770	39
771	44
772	40
773	52
774	45
775	46
776	39
777	38
778	39
779	32
780	36
781	25
782	42
783	40
784	49
785	37
786	46
787	40
788	40
789	38
790	35
791	32
792	32
793	29
794	40
795	41
796	40
797	46
798	48
799	35
800	28
801	36
802	55
803	34
804	30
805	35
806	36
807	41
808	40
809	41
810	33
811	34
812	35
813	38
814	39
815	49
816	42
817	35
818	35
819	32
820	28
821	38
822	42
823	49
824	30
825	37
826	35
827	29
828	34
829	44
830	31
831	39
832	31
833	39
834	48
835	37
836	40
837	42
838	33
839	46
840	29
841	33
842	35
843	46
844	29
845	33
846	28
847	33
848	45
849	35
850	28
851	32
852	47
853	34
854	39
855	48
856	29
857	35
858	35
859	37
860	33
861	24
862	38
863	54
864	32
865	39
866	40
867	39
868	34
869	39
870	33
871	30
872	32
873	32
874	35
875	32
876	39
877	37
878	36
879	31
880	37
881	32
882	36
883	33
884	35
885	37
886	21
887	41
888	34
889	37
890	42
891	40
892	32
893	34
894	33
895	29
896	38
897	43
898	34
899	36
900	31
901	41
902	30
903	42
904	33
905	48
906	40
907	36
908	24
909	24
910	31
911	34
912	32
913	48
914	38
915	37
916	27
917	32
918	38
919	37
920	28
921	39
922	31
923	34
924	40
925	37
926	40
927	30
928	41
929	34
930	35
931	31
932	36
933	32
934	30
935	25
936	32
937	29
938	34
939	24
940	37
941	37
942	42
943	33
944	33
945	42
946	34
947	37
948	34
949	26
950	30
951	36
952	32
953	39
954	40
955	39
956	44
957	45
958	41
959	28
960	41
961	45
962	39
963	33
964	39
965	34
966	41
967	41
968	38
969	30
970	26
971	44
972	42
973	34
974	26
975	39
976	29
977	31
978	38
979	28
980	38
981	41
982	28
983	34
984	25
985	34
986	46
987	35
988	24
989	40
990	34
991	24
992	25
993	34
994	40
995	34
996	40
997	30
998	27
999	39
1000	36
1001	28
1002	33
1003	39
1004	33
1005	26
1006	35
1007	31
1008	20
1009	36
1010	23
1011	28
1012	33
1013	26
1014	25
1015	36
1016	36
1017	29
1018	35
1019	39
1020	41
1021	32
1022	22
1023	30
1024	31
1025	34
1026	26
1027	32
1028	33
1029	36
1030	30
1031	27
1032	38
1033	31
1034	40
1035	35
1036	28
1037	30
1038	35
1039	38
1040	28
1041	35
1042	38
1043	32
1044	27
1045	31
1046	33
1047	26
1048	29
1049	40
1050	29
1051	32
1052	25
1053	36
1054	28
1055	29
1056	37
1057	25
1058	38
1059	33
1060	31
1061	35
1062	26
1063	20
1064	38
1065	37
1066	29
1067	35
1068	35
1069	36
1070	27
1071	24
1072	38
1073	22
1074	28
1075	32
1076	38
1077	37
1078	21
1079	24
1080	24
1081	34
1082	35
1083	35
1084	35
1085	27
1086	13
1087	35
1088	38
1089	37
1090	30
1091	25
1092	30
1093	26
1094	32
1095	17
1096	25
1097	29
1098	26
1099	37
1100	28
1101	37
1102	38
1103	26
1104	34
1105	31
1106	40
1107	29
1108	33
1109	31
1110	31
1111	37
1112	20
1113	34
1114	30
1115	29
1116	31
1117	34
1118	30
1119	40
1120	35
1121	41
1122	26
1123	33
1124	24
1125	16
1126	32
1127	21
1128	40
1129	25
1130	31
1131	29
1132	29
1133	36
1134	32
1135	21
1136	24
1137	35
1138	35
1139	37
1140	28
1141	36
1142	38
1143	36
1144	25
1145	30
1146	34
1147	33
1148	19
1149	25
1150	29
1151	25
1152	29
1153	29
1154	21
1155	39
1156	22
1157	29
1158	33
1159	37
1160	42
1161	32
1162	39
1163	27
1164	33
1165	27
1166	38
1167	31
1168	20
1169	38
1170	35
1171	37
1172	36
1173	28
1174	28
1175	25
1176	36
1177	28
1178	25
1179	20
1180	35
1181	32
1182	33
1183	33
1184	28
1185	32
1186	35
1187	28
1188	30
1189	36
1190	29
1191	34
1192	42
1193	30
1194	27
1195	21
1196	31
1197	33
1198	25
1199	27
1200	42
1201	30
1202	33
1203	33
1204	34
1205	30
1206	26
1207	21
1208	30
1209	33
1210	32
1211	36
1212	27
1213	35
1214	36
1215	35
1216	35
1217	31
1218	38
1219	28
1220	29
1221	35
1222	34
1223	29
1224	20
1225	25
1226	36
1227	22
1228	29
1229	21
1230	27
1231	24
1232	18
1233	25
1234	35
1235	28
1236	25
1237	23
1238	26
1239	25
1240	35
1241	31
1242	31
1243	30
1244	23
1245	37
1246	25
1247	28
1248	31
1249	29
1250	30
1251	31
1252	40
1253	37
1254	30
1255	18
1256	34
1257	24
1258	29
1259	23
1260	33
1261	26
1262	23
1263	38
1264	24
1265	21
1266	27
1267	27
1268	25
1269	27
1270	27
1271	30
1272	37
1273	29
1274	26
1275	22
1276	32
1277	20
1278	41
1279	33
1280	28
1281	26
1282	33
1283	26
1284	26
1285	31
1286	31
1287	29
1288	22
1289	30
1290	25
1291	28
1292	19
1293	26
1294	33
1295	23
1296	33
1297	20
1298	26
1299	28
1300	24
1301	25
1302	24
1303	32
1304	27
1305	31
1306	26
1307	28
1308	22
1309	30
1310	29
1311	30
1312	43
1313	23
1314	30
1315	31
1316	36
1317	30
1318	27
1319	25
1320	24
1321	33
1322	23
1323	26
1324	27
1325	30
1326	27
1327	27
1328	26
1329	23
1330	21
1331	33
1332	22
1333	23
1334	30
1335	27
1336	29
1337	26
1338	24
1339	19
1340	34
1341	20
1342	20
1343	30
1344	24
1345	25
1346	27
1347	25
1348	19
1349	23
1350	20
1351	42
1352	27
1353	31
1354	34
1355	35
1356	17
1357	20
1358	30
1359	28
1360	31
1361	35
1362	24
1363	22
1364	27
1365	30
1366	31
1367	31
1368	23
1369	26
1370	24
1371	29
1372	33
1373	32
1374	27
1375	24
1376	28
1377	19
1378	34
1379	27
1380	25
1381	27
1382	38
1383	38
1384	19
1385	24
1386	33
1387	29
1388	30
1389	37
1390	37
1391	23
1392	27
1393	33
1394	22
1395	19
1396	25
1397	13
1398	21
1399	25
1400	21
1401	24
1402	25
1403	30
1404	23
1405	18
1406	33
1407	24
1408	26
1409	27
1410	26
1411	29
1412	22
1413	28
1414	27
1415	22
1416	27
1417	23
1418	25
1419	26
1420	24
1421	26
1422	25
1423	24
1424	25
1425	28
1426	25
1427	24
1428	23
1429	28
1430	21
1431	26
1432	20
1433	25
1434	27
1435	34
1436	29
1437	28
1438	25
1439	20
1440	23
1441	33
1442	27
1443	23
1444	26
1445	28
1446	24
1447	29
1448	26
1449	35
1450	15
1451	22
1452	24
1453	27
1454	18
1455	23
1456	18
1457	33
1458	36
1459	15
1460	32
1461	20
1462	29
1463	20
1464	23
1465	19
1466	23
1467	20
1468	32
1469	18
1470	17
1471	30
1472	25
1473	18
1474	27
1475	22
1476	32
1477	26
1478	19
1479	19
1480	22
1481	25
1482	23
1483	26
1484	27
1485	25
1486	21
1487	36
1488	29
1489	24
1490	16
1491	21
1492	35
1493	28
1494	28
1495	15
1496	19
1497	25
1498	25
1499	34
1500	17
1501	25
1502	25
1503	25
1504	27
1505	37
1506	33
1507	24
1508	26
1509	27
1510	27
1511	24
1512	26
1513	26
1514	21
1515	16
1516	22
1517	18
1518	18
1519	18
1520	32
1521	23
1522	29
1523	29
1524	37
1525	41
1526	26
1527	23
1528	27
1529	19
1530	21
1531	23
1532	25
1533	23
1534	26
1535	35
1536	18
1537	29
1538	24
1539	20
1540	23
1541	24
1542	27
1543	27
1544	25
1545	19
1546	21
1547	33
1548	29
1549	37
1550	26
1551	23
1552	29
1553	23
1554	23
1555	24
1556	20
1557	19
1558	20
1559	27
1560	28
1561	32
1562	25
1563	23
1564	22
1565	25
1566	27
1567	31
1568	27
1569	19
1570	28
1571	28
1572	27
1573	16
1574	21
1575	20
1576	22
1577	27
1578	19
1579	19
1580	23
1581	28
1582	33
1583	27
1584	21
1585	22
1586	27
1587	22
1588	27
1589	19
1590	30
1591	32
1592	22
1593	24
1594	18
1595	23
1596	25
1597	17
1598	25
1599	20
1600	18
1601	18
1602	26
1603	26
1604	27
1605	24
1606	20
1607	21
1608	15
1609	26
1610	22
1611	19
1612	29
1613	19
1614	20
1615	14
1616	24
1617	24
1618	30
1619	35
1620	21
1621	15
1622	21
1623	27
1624	21
1625	22
1626	22
1627	27
1628	24
1629	18
1630	32
1631	24
1632	22
1633	26
1634	28
1635	31
1636	27
1637	32
1638	25
1639	20
1640	29
1641	14
1642	22
1643	28
1644	21
1645	21
1646	21
1647	27
1648	28
1649	27
1650	26
1651	18
1652	22
1653	25
1654	19
1655	22
1656	21
1657	21
1658	21
1659	25
1660	31
1661	22
1662	23
1663	24
1664	25
1665	26
1666	24
1667	17
1668	22
1669	24
1670	19
1671	18
1672	31
1673	20
1674	20
1675	19
1676	19
1677	17
1678	22
1679	22
1680	23
1681	21
1682	13
1683	28
1684	20
1685	25
1686	25
1687	18
1688	22
1689	25
1690	17
1691	9
1692	22
1693	33
1694	21
1695	23
1696	19
1697	21
1698	25
1699	24
1700	20
1701	26
1702	26
1703	17
1704	31
1705	19
1706	26
1707	24
1708	26
1709	20
1710	27
1711	23
1712	23
1713	20
1714	27
1715	16
1716	22
1717	21
1718	23
1719	20
1720	25
1721	28
1722	20
1723	23
1724	25
1725	22
1726	18
1727	27
1728	28
1729	20
1730	14
1731	20
1732	14
1733	23
1734	15
1735	24
1736	25
1737	23
1738	25
1739	26
1740	24
1741	24
1742	26
1743	23
1744	26
1745	20
1746	19
1747	17
1748	21
1749	18
1750	17
1751	20
1752	25
1753	27
1754	23
1755	28
1756	23
1757	25
1758	23
1759	30
1760	24
1761	21
1762	23
1763	13
1764	27
1765	18
1766	24
1767	14
1768	23
1769	13
1770	19
1771	30
1772	30
1773	25
1774	20
1775	26
1776	23
1777	21
1778	19
1779	17
1780	14
1781	20
1782	22
1783	16
1784	10
1785	29
1786	22
1787	23
1788	33
1789	16
1790	15
1791	23
1792	19
1793	21
1794	23
1795	19
1796	20
1797	16
1798	29
1799	25
1800	24
1801	21
1802	17
1803	23
1804	18
1805	18
1806	21
1807	18
1808	23
1809	30
1810	25
1811	21
1812	24
1813	19
1814	20
1815	20
1816	24
1817	14
1818	20
1819	25
1820	28
1821	21
1822	22
1823	16
1824	25
1825	23
1826	20
1827	14
1828	25
1829	22
1830	25
1831	19
1832	19
1833	26
1834	17
1835	31
1836	26
1837	29
1838	26
1839	15
1840	18
1841	13
1842	19
1843	29
1844	29
1845	17
1846	29
1847	19
1848	26
1849	22
1850	17
1851	20
1852	18
1853	35
1854	20
1855	24
1856	24
1857	15
1858	12
1859	18
1860	17
1861	25
1862	21
1863	14
1864	21
1865	18
1866	31
1867	24
1868	16
1869	15
1870	20
1871	22
1872	26
1873	19
1874	19
1875	17
1876	20
1877	18
1878	20
1879	19
1880	21
1881	15
1882	15
1883	24
1884	21
1885	25
1886	16
1887	16
1888	20
1889	22
1890	13
1891	17
1892	20
1893	25
1894	20
1895	15
1896	21
1897	20
1898	18
1899	25
1900	16
1901	26
1902	24
1903	22
1904	17
1905	18
1906	24
1907	20
1908	17
1909	21
1910	12
1911	18
1912	17
1913	15
1914	14
1915	20
1916	22
1917	22
1918	20
1919	30
1920	18
1921	16
1922	26
1923	21
1924	17
1925	18
1926	15
1927	22
1928	26
1929	25
1930	18
1931	17
1932	17
1933	20
1934	21
1935	13
1936	21
1937	20
1938	24
1939	29
1940	25
1941	24
1942	25
1943	16
1944	16
1945	19
1946	21
1947	16
1948	22
1949	27
1950	18
1951	17
1952	24
1953	21
1954	23
1955	24
1956	16
1957	18
1958	16
1959	24
1960	19
1961	15
1962	20
1963	15
1964	27
1965	21
1966	17
1967	17
1968	22
1969	22
1970	23
1971	12
1972	16
1973	21
1974	23
1975	17
1976	24
1977	21
1978	21
1979	17
1980	22
1981	22
1982	23
1983	19
1984	23
1985	27
1986	21
1987	16
1988	17
1989	18
1990	16
1991	17
1992	21
1993	26
1994	19
1995	16
1996	16
1997	16
1998	16
1999	19
2000	13
2001	22
2002	11
2003	20
2004	21
2005	14
2006	19
2007	23
2008	18
2009	13
2010	14
2011	16
2012	17
2013	11
2014	16
2015	20
2016	23
2017	14
2018	15
2019	13
2020	20
2021	17
2022	16
2023	19
2024	22
2025	11
2026	20
2027	25
2028	16
2029	13
2030	21
2031	17
2032	19
2033	14
2034	21
2035	21
2036	19
2037	24
2038	12
2039	14
2040	15
2041	20
2042	23
2043	25
2044	27
2045	21
2046	19
2047	29
2048	14
2049	22
2050	9
2051	24
2052	20
2053	21
2054	21
2055	21
2056	16
2057	25
2058	22
2059	27
2060	21
2061	11
2062	16
2063	13
2064	22
2065	17
2066	18
2067	16
2068	15
2069	18
2070	20
2071	18
2072	14
2073	15
2074	21
2075	17
2076	15
2077	14
2078	13
2079	20
2080	21
2081	19
2082	18
2083	22
2084	13
2085	19
2086	22
2087	14
2088	20
2089	14
2090	24
2091	20
2092	22
2093	22
2094	16
2095	26
2096	21
2097	17
2098	16
2099	13
2100	21
2101	21
2102	17
2103	11
2104	15
2105	19
2106	16
2107	19
2108	14
2109	21
2110	19
2111	19
2112	13
2113	9
2114	19
2115	23
2116	27
2117	20
2118	15
2119	14
2120	24
2121	22
2122	15
2123	12
2124	25
2125	18
2126	24
2127	20
2128	12
2129	19
2130	17
2131	25
2132	17
2133	13
2134	16
2135	14
2136	20
2137	18
2138	14
2139	23
2140	18
2141	16
2142	22
2143	12
2144	24
2145	13
2146	14
2147	12
2148	21
2149	21
2150	14
2151	11
2152	16
2153	21
2154	18
2155	23
2156	21
2157	15
2158	26
2159	16
2160	20
2161	26
2162	16
2163	18
2164	16
2165	18
2166	15
2167	14
2168	16
2169	23
2170	15
2171	16
2172	24
2173	16
2174	18
2175	12
2176	24
2177	17
2178	22
2179	18
2180	16
2181	18
2182	15
2183	20
2184	15
2185	10
2186	15
2187	14
2188	18
2189	12
2190	18
2191	16
2192	11
2193	14
2194	17
2195	21
2196	19
2197	15
2198	17
2199	16
2200	20
2201	15
2202	18
2203	15
2204	16
2205	17
2206	14
2207	19
2208	11
2209	20
2210	16
2211	19
2212	22
2213	19
2214	15
2215	17
2216	20
2217	16
2218	21
2219	17
2220	5
2221	16
2222	17
2223	14
2224	24
2225	18
2226	11
2227	19
2228	24
2229	20
2230	17
2231	16
2232	14
2233	20
2234	12
2235	18
2236	14
2237	17
2238	23
2239	20
2240	17
2241	24
2242	19
2243	18
2244	18
2245	19
2246	19
2247	20
2248	19
2249	11
2250	23
2251	16
2252	20
2253	17
2254	18
2255	17
2256	18
2257	19
2258	23
2259	17
2260	15
2261	20
2262	12
2263	8
2264	12
2265	18
2266	18
2267	22
2268	23
2269	17
2270	20
2271	10
2272	17
2273	25
2274	18
2275	12
2276	17
2277	13
2278	15
2279	18
2280	12
2281	13
2282	17
2283	20
2284	15
2285	24
2286	8
2287	15
2288	20
2289	11
2290	17
2291	18
2292	15
2293	18
2294	18
2295	9
2296	13
2297	11
2298	19
2299	10
2300	13
2301	14
2302	14
2303	14
2304	15
2305	23
2306	18
2307	22
2308	17
2309	12
2310	17
2311	15
2312	16
2313	24
2314	15
2315	22
2316	17
2317	16
2318	9
2319	14
2320	15
2321	19
2322	16
2323	21
2324	13
2325	18
2326	16
2327	17
2328	20
2329	20
2330	15
2331	17
2332	21
2333	17
2334	13
2335	16
2336	7
2337	7
2338	20
2339	15
2340	14
2341	16
2342	10
2343	16
2344	18
2345	13
2346	15
2347	10
2348	17
2349	17
2350	15
2351	10
2352	15
2353	17
2354	18
2355	14
2356	16
2357	14
2358	12
2359	13
2360	17
2361	14
2362	13
2363	12
2364	18
2365	14
2366	17
2367	16
2368	24
2369	13
2370	14
2371	15
2372	15
2373	17
2374	17
2375	15
2376	14
2377	9
2378	17
2379	14
2380	9
2381	12
2382	12
2383	9
2384	12
2385	10
2386	17
2387	14
2388	12
2389	16
2390	14
2391	17
2392	24
2393	13
2394	9
2395	16
2396	24
2397	15
2398	17
2399	15
2400	13
2401	17
2402	16
2403	10
2404	19
2405	11
2406	14
2407	16
2408	13
2409	19
2410	14
2411	17
2412	13
2413	10
2414	15
2415	14
2416	14
2417	18
2418	17
2419	17
2420	17
2421	24
2422	11
2423	15
2424	13
2425	14
2426	17
2427	9
2428	10
2429	16
2430	14
2431	16
2432	14
2433	18
2434	17
2435	12
2436	20
2437	14
2438	14
2439	16
2440	11
2441	14
2442	12
2443	21
2444	16
2445	11
2446	13
2447	22
2448	17
2449	17
2450	18
2451	17
2452	10
2453	15
2454	12
2455	21
2456	15
2457	17
2458	21
2459	15
2460	14
2461	18
2462	16
2463	21
2464	17
2465	16
2466	13
2467	20
2468	14
2469	12
2470	12
2471	17
2472	16
2473	12
2474	13
2475	13
2476	16
2477	10
2478	12
2479	9
2480	15
2481	10
2482	12
2483	9
2484	12
2485	15
2486	20
2487	13
2488	16
2489	11
2490	17
2491	11
2492	13
2493	15
2494	16
2495	13
2496	14
2497	14
2498	18
2499	21
2500	7
2501	19
2502	10
2503	11
2504	13
2505	16
2506	13
2507	16
2508	10
2509	14
2510	13
2511	16
2512	16
2513	16
2514	13
2515	19
2516	12
2517	11
2518	18
2519	10
2520	18
2521	14
2522	13
2523	12
2524	13
2525	13
2526	5
2527	13
2528	22
2529	14
2530	7
2531	11
2532	17
2533	17
2534	19
2535	15
2536	13
2537	11
2538	15
2539	13
2540	7
2541	11
2542	13
2543	15
2544	15
2545	13
2546	20
2547	13
2548	13
2549	8
2550	13
2551	19
2552	21
2553	11
2554	13
2555	11
2556	12
2557	22
2558	17
2559	16
2560	25
2561	16
2562	10
2563	20
2564	11
2565	6
2566	16
2567	11
2568	13
2569	15
2570	11
2571	24
2572	14
2573	10
2574	16
2575	16
2576	12
2577	8
2578	16
2579	9
2580	17
2581	12
2582	15
2583	16
2584	15
2585	10
2586	17
2587	15
2588	7
2589	15
2590	19
2591	9
2592	11
2593	18
2594	17
2595	17
2596	17
2597	11
2598	17
2599	15
2600	11
2601	18
2602	11
2603	13
2604	15
2605	15
2606	12
2607	13
2608	15
2609	15
2610	8
2611	11
2612	16
2613	14
2614	17
2615	13
2616	11
2617	10
2618	13
2619	11
2620	17
2621	9
2622	7
2623	10
2624	12
2625	13
2626	14
2627	13
2628	18
2629	11
2630	13
2631	21
2632	18
2633	12
2634	15
2635	13
2636	17
2637	18
2638	18
2639	11
2640	14
2641	14
2642	7
2643	13
2644	11
2645	19
2646	13
2647	11
2648	14
2649	17
2650	12
2651	13
2652	20
2653	24
2654	11
2655	11
2656	8
2657	15
2658	12
2659	19
2660	12
2661	16
2662	7
2663	12
2664	13
2665	8
2666	6
2667	16
2668	18
2669	10
2670	10
2671	11
2672	8
2673	12
2674	7
2675	17
2676	17
2677	11
2678	15
2679	16
2680	7
2681	15
2682	10
2683	15
2684	16
2685	11
2686	12
2687	10
2688	8
2689	5
2690	14
2691	10
2692	14
2693	10
2694	20
2695	15
2696	16
2697	15
2698	12
2699	9
2700	21
2701	12
2702	14
2703	11
2704	18
2705	22
2706	11
2707	15
2708	9
2709	12
2710	18
2711	14
2712	12
2713	13
2714	7
2715	13
2716	13
2717	16
2718	10
2719	5
2720	7
2721	19
2722	15
2723	15
2724	12
2725	9
2726	14
2727	10
2728	12
2729	10
2730	16
2731	19
2732	5
2733	13
2734	8
2735	17
2736	12
2737	12
2738	19
2739	8
2740	8
2741	7
2742	8
2743	17
2744	8
2745	15
2746	11
2747	12
2748	14
2749	14
2750	8
2751	17
2752	13
2753	10
2754	9
2755	9
2756	10
2757	15
2758	8
2759	16
2760	6
2761	15
2762	11
2763	11
2764	11
2765	15
2766	12
2767	21
2768	10
2769	8
2770	11
2771	13
2772	13
2773	11
2774	10
2775	13
2776	10
2777	15
2778	9
2779	12
2780	11
2781	17
2782	16
2783	14
2784	15
2785	12
2786	11
2787	12
2788	12
2789	16
2790	13
2791	12
2792	11
2793	9
2794	10
2795	16
2796	6
2797	15
2798	12
2799	10
2800	17
2801	9
2802	10
2803	15
2804	14
2805	13
2806	9
2807	12
2808	14
2809	10
2810	12
2811	7
2812	11
2813	8
2814	14
2815	15
2816	9
2817	13
2818	14
2819	20
2820	16
2821	6
2822	16
2823	16
2824	9
2825	10
2826	15
2827	11
2828	14
2829	17
2830	10
2831	7
2832	12
2833	13
2834	13
2835	6
2836	10
2837	16
2838	13
2839	9
2840	7
2841	11
2842	11
2843	7
2844	14
2845	13
2846	12
2847	9
2848	13
2849	15
2850	10
2851	11
2852	12
2853	16
2854	13
2855	22
2856	10
2857	8
2858	12
2859	11
2860	10
2861	4
2862	13
2863	6
2864	8
2865	16
2866	8
2867	7
2868	11
2869	11
2870	6
2871	10
2872	12
2873	10
2874	12
2875	11
2876	15
2877	11
2878	13
2879	7
2880	14
2881	12
2882	2
2883	11
2884	14
2885	15
2886	12
2887	11
2888	7
2889	17
2890	15
2891	11
2892	11
2893	20
2894	8
2895	11
2896	9
2897	18
2898	9
2899	9
2900	12
2901	12
2902	10
2903	16
2904	10
2905	9
2906	11
2907	6
2908	9
2909	10
2910	9
2911	12
2912	14
2913	15
2914	15
2915	13
2916	9
2917	12
2918	15
2919	13
2920	13
2921	11
2922	6
2923	12
2924	12
2925	11
2926	7
2927	11
2928	15
2929	16
2930	13
2931	10
2932	12
2933	14
2934	7
2935	13
2936	12
2937	11
2938	11
2939	9
2940	11
2941	13
2942	10
2943	9
2944	12
2945	7
2946	9
2947	9
2948	11
2949	16
2950	6
2951	14
2952	12
2953	7
2954	8
2955	6
2956	11
2957	4
2958	13
2959	10
2960	15
2961	5
2962	7
2963	10
2964	9
2965	5
2966	10
2967	10
2968	9
2969	10
2970	15
2971	8
2972	8
2973	9
2974	14
2975	8
2976	11
2977	4
2978	10
2979	13
2980	9
2981	15
2982	20
2983	10
2984	12
2985	12
2986	13
2987	13
2988	5
2989	14
2990	8
2991	13
2992	15
2993	9
2994	17
2995	12
2996	11
2997	11
2998	12
2999	11
3000	16
3001	10
3002	15
3003	8
3004	6
3005	11
3006	13
3007	5
3008	8
3009	9
3010	10
3011	11
3012	12
3013	8
3014	10
3015	11
3016	9
3017	3
3018	11
3019	5
3020	13
3021	12
3022	10
3023	8
3024	12
3025	10
3026	6
3027	14
3028	9
3029	17
3030	8
3031	11
3032	8
3033	14
3034	9
3035	9
3036	11
3037	18
3038	7
3039	14
3040	13
3041	14
3042	12
3043	13
3044	13
3045	8
3046	14
3047	12
3048	15
3049	13
3050	11
3051	11
3052	7
3053	11
3054	15
3055	6
3056	10
3057	8
3058	8
3059	11
3060	8
3061	13
3062	11
3063	12
3064	15
3065	12
3066	17
3067	8
3068	13
3069	5
3070	19
3071	6
3072	10
3073	15
3074	6
3075	13
3076	12
3077	10
3078	7
3079	10
3080	17
3081	9
3082	7
3083	14
3084	16
3085	13
3086	13
3087	13
3088	8
3089	12
3090	12
3091	7
3092	13
3093	8
3094	18
3095	16
3096	10
3097	11
3098	11
3099	10
3100	13
3101	11
3102	11
3103	13
3104	8
3105	9
3106	10
3107	10
3108	9
3109	9
3110	13
3111	7
3112	11
3113	11
3114	6
3115	8
3116	5
3117	8
3118	11
3119	10
3120	8
3121	10
3122	18
3123	8
3124	9
3125	15
3126	7
3127	5
3128	10
3129	10
3130	12
3131	10
3132	3
3133	12
3134	8
3135	17
3136	12
3137	5
3138	5
3139	11
3140	7
3141	6
3142	7
3143	12
3144	13
3145	6
3146	11
3147	7
3148	7
3149	11
3150	9
3151	8
3152	6
3153	9
3154	10
3155	7
3156	8
3157	7
3158	8
3159	9
3160	10
3161	9
3162	7
3163	7
3164	7
3165	13
3166	9
3167	11
3168	10
3169	9
3170	15
3171	17
3172	8
3173	8
3174	12
3175	15
3176	8
3177	11
3178	3
3179	15
3180	12
3181	8
3182	6
3183	8
3184	13
3185	11
3186	14
3187	6
3188	11
3189	8
3190	9
3191	11
3192	7
3193	8
3194	8
3195	15
3196	11
3197	9
3198	2
3199	10
3200	7
3201	13
3202	15
3203	8
3204	11
3205	8
3206	11
3207	6
3208	8
3209	9
3210	6
3211	15
3212	4
3213	8
3214	9
3215	6
3216	8
3217	11
3218	8
3219	15
3220	6
3221	9
3222	7
3223	17
3224	10
3225	11
3226	6
3227	7
3228	10
3229	9
3230	7
3231	8
3232	10
3233	11
3234	8
3235	7
3236	9
3237	5
3238	10
3239	8
3240	10
3241	9
3242	10
3243	7
3244	14
3245	9
3246	12
3247	3
3248	11
3249	7
3250	12
3251	10
3252	5
3253	9
3254	8
3255	12
3256	8
3257	13
3258	5
3259	8
3260	11
3261	10
3262	10
3263	6
3264	8
3265	6
3266	10
3267	10
3268	4
3269	11
3270	11
3271	6
3272	7
3273	11
3274	11
3275	17
3276	10
3277	10
3278	10
3279	4
3280	8
3281	5
3282	8
3283	14
3284	9
3285	5
3286	11
3287	8
3288	8
3289	12
3290	2
3291	7
3292	5
3293	10
3294	5
3295	12
3296	12
3297	12
3298	10
3299	11
3300	13
3301	9
3302	8
3303	9
3304	10
3305	9
3306	6
3307	13
3308	9
3309	13
3310	12
3311	6
3312	10
3313	10
3314	5
3315	11
3316	8
3317	8
3318	17
3319	8
3320	8
3321	2
3322	10
3323	8
3324	3
3325	13
3326	9
3327	9
3328	6
3329	3
3330	9
3331	8
3332	13
3333	11
3334	11
3335	10
3336	12
3337	14
3338	8
3339	9
3340	3
3341	15
3342	9
3343	7
3344	7
3345	11
3346	9
3347	5
3348	10
3349	13
3350	8
3351	11
3352	12
3353	13
3354	5
3355	10
3356	7
3357	9
3358	4
3359	4
3360	7
3361	16
3362	9
3363	16
3364	6
3365	9
3366	9
3367	17
3368	16
3369	8
3370	4
3371	1
3372	10
3373	8
3374	6
3375	6
3376	11
3377	7
3378	13
3379	9
3380	8
3381	10
3382	11
3383	4
3384	9
3385	8
3386	5
3387	11
3388	3
3389	11
3390	8
3391	7
3392	8
3393	9
3394	9
3395	7
3396	8
3397	8
3398	3
3399	11
3400	9
3401	9
3402	9
3403	11
3404	6
3405	8
3406	10
3407	10
3408	5
3409	8
3410	4
3411	7
3412	9
3413	8
3414	6
3415	10
3416	14
3417	7
3418	7
3419	11
3420	9
3421	9
3422	8
3423	8
3424	10
3425	8
3426	10
3427	9
3428	11
3429	10
3430	7
3431	11
3432	11
3433	11
3434	9
3435	9
3436	9
3437	12
3438	5
3439	11
3440	6
3441	6
3442	4
3443	9
3444	6
3445	9
3446	6
3447	11
3448	4
3449	7
3450	9
3451	10
3452	7
3453	10
3454	5
3455	8
3456	9
3457	7
3458	5
3459	6
3460	9
3461	4
3462	9
3463	6
3464	5
3465	10
3466	9
3467	6
3468	7
3469	7
3470	11
3471	7
3472	5
3473	11
3474	6
3475	7
3476	9
3477	7
3478	10
3479	8
3480	13
3481	5
3482	10
3483	7
3484	4
3485	5
3486	6
3487	8
3488	12
3489	4
3490	9
3491	8
3492	7
3493	4
3494	12
3495	13
3496	7
3497	8
3498	11
3499	7
3500	12
3501	12
3502	5
3503	8
3504	7
3505	10
3506	13
3507	10
3508	8
3509	6
3510	8
3511	10
3512	15
3513	5
3514	7
3515	9
3516	8
3517	9
3518	6
3519	6
3520	8
3521	4
3522	3
3523	10
3524	10
3525	5
3526	10
3527	11
3528	8
3529	6
3530	2
3531	7
3532	10
3533	12
3534	3
3535	6
3536	9
3537	16
3538	8
3539	2
3540	9
3541	5
3542	8
3543	3
3544	7
3545	8
3546	9
3547	4
3548	9
3549	10
3550	8
3551	14
3552	9
3553	10
3554	8
3555	9
3556	11
3557	8
3558	6
3559	8
3560	11
3561	8
3562	4
3563	9
3564	16
3565	14
3566	5
3567	5
3568	4
3569	12
3570	4
3571	13
3572	11
3573	7
3574	7
3575	9
3576	5
3577	7
3578	10
3579	5
3580	9
3581	10
3582	10
3583	4
3584	8
3585	11
3586	6
3587	5
3588	6
3589	10
3590	14
3591	6
3592	8
3593	6
3594	11
3595	8
3596	9
3597	11
3598	13
3599	9
3600	8
3601	7
3602	8
3603	10
3604	6
3605	10
3606	6
3607	7
3608	8
3609	5
3610	6
3611	5
3612	9
3613	11
3614	8
3615	9
3616	4
3617	10
3618	8
3619	8
3620	7
3621	8
3622	6
3623	12
3624	7
3625	5
3626	2
3627	8
3628	9
3629	9
3630	5
3631	8
3632	10
3633	2
3634	3
3635	5
3636	5
3637	8
3638	6
3639	7
3640	15
3641	10
3642	3
3643	5
3644	8
3645	7
3646	12
3647	7
3648	10
3649	6
3650	5
3651	9
3652	6
3653	11
3654	10
3655	6
3656	4
3657	4
3658	8
3659	4
3660	4
3661	13
3662	7
3663	10
3664	3
3665	6
3666	6
3667	9
3668	5
3669	9
3670	7
3671	5
3672	9
3673	6
3674	11
3675	10
3676	10
3677	8
3678	6
3679	6
3680	5
3681	7
3682	5
3683	5
3684	6
3685	7
3686	4
3687	7
3688	2
3689	5
3690	5
3691	8
3692	14
3693	5
3694	9
3695	8
3696	7
3697	3
3698	10
3699	11
3700	7
3701	5
3702	9
3703	11
3704	5
3705	4
3706	5
3707	8
3708	10
3709	5
3710	5
3711	12
3712	5
3713	8
3714	4
3715	6
3716	5
3717	11
3718	6
3719	10
3720	9
3721	6
3722	3
3723	11
3724	9
3725	10
3726	7
3727	3
3728	7
3729	10
3730	6
3731	12
3732	7
3733	9
3734	6
3735	7
3736	6
3737	2
3738	4
3739	6
3740	3
3741	10
3742	1
3743	13
3744	5
3745	7
3746	8
3747	10
3748	5
3749	8
3750	6
3751	2
3752	5
3753	7
3754	2
3755	4
3756	12
3757	10
3758	8
3759	4
3760	6
3761	7
3762	8
3763	6
3764	8
3765	10
3766	7
3767	10
3768	4
3769	6
3770	3
3771	9
3772	8
3773	5
3774	10
3775	9
3776	6
3777	9
3778	4
3779	4
3780	9
3781	8
3782	7
3783	8
3784	3
3785	4
3786	6
3787	8
3788	7
3789	4
3790	7
3791	6
3792	10
3793	6
3794	6
3795	2
3796	9
3797	5
3798	6
3799	11
3800	7
3801	3
3802	4
3803	7
3804	3
3805	8
3806	10
3807	10
3808	7
3809	6
3810	6
3811	8
3812	4
3813	7
3814	5
3815	9
3816	5
3817	3
3818	6
3819	9
3820	8
3821	8
3822	9
3823	9
3824	4
3825	7
3826	8
3827	6
3828	4
3829	11
3830	8
3831	6
3832	5
3833	8
3834	13
3835	5
3836	6
3837	3
3838	8
3839	4
3840	9
3841	6
3842	6
3843	6
3844	9
3845	8
3846	7
3847	6
3848	5
3849	6
3850	6
3851	3
3852	6
3853	11
3854	4
3855	11
3856	9
3857	11
3858	3
3859	5
3860	9
3861	6
3862	6
3863	7
3864	5
3865	9
3866	9
3867	10
3868	9
3869	6
3870	9
3871	10
3872	4
3873	7
3874	7
3875	10
3876	3
3877	6
3878	8
3879	5
3880	7
3881	10
3882	9
3883	6
3884	10
3885	9
3886	6
3887	7
3888	5
3889	7
3890	3
3891	7
3892	2
3893	3
3894	4
3895	7
3896	6
3897	5
3898	7
3899	5
3900	10
3901	8
3902	5
3903	5
3904	4
3905	8
3906	6
3907	1
3908	6
3909	6
3910	5
3911	5
3912	7
3913	6
3914	4
3915	7
3916	9
3917	6
3918	7
3919	10
3920	4
3921	7
3922	4
3923	4
3924	6
3925	9
3926	10
3927	2
3928	9
3929	4
3930	5
3931	8
3932	8
3933	5
3934	7
3935	4
3936	7
3937	2
3938	13
3939	3
3940	4
3941	15
3942	8
3943	8
3944	7
3945	8
3946	7
3947	5
3948	3
3949	13
3950	6
3951	12
3952	4
3953	6
3954	6
3955	7
3956	4
3957	8
3958	6
3959	8
3960	5
3961	3
3962	4
3963	9
3964	4
3965	5
3966	2
3967	5
3968	8
3969	5
3970	5
3971	8
3972	10
3973	10
3974	9
3975	9
3976	4
3977	9
3978	5
3979	5
3980	6
3981	7
3982	6
3983	11
3984	8
3985	7
3986	6
3987	7
3988	7
3989	3
3990	7
3991	10
3992	2
3993	11
3994	5
3995	5
3996	9
3997	7
3998	8
3999	4
4000	10
4001	13
4002	6
4003	7
4004	6
4005	2
4006	4
4007	6
4008	3
4009	7
4010	4
4011	5
4012	4
4013	5
4014	6
4015	8
4016	10
4017	7
4018	2
4019	6
4020	5
4021	7
4022	5
4023	8
4024	2
4025	5
4026	8
4027	8
4029	6
4030	6
4031	5
4032	5
4033	7
4034	5
4035	7
4036	7
4037	4
4038	5
4039	3
4040	4
4041	8
4043	5
4044	5
4045	11
4046	5
4047	11
4048	11
4049	4
4050	8
4051	7
4052	8
4053	4
4054	9
4055	5
4056	7
4057	10
4058	8
4059	4
4060	7
4061	3
4062	3
4063	6
4064	9
4065	12
4066	7
4067	11
4068	9
4069	9
4070	3
4071	1
4072	5
4073	6
4074	7
4075	5
4076	6
4077	10
4078	8
4079	9
4080	9
4081	11
4082	6
4083	5
4084	5
4085	5
4086	5
4087	7
4088	5
4089	7
4090	8
4091	7
4092	7
4093	7
4094	8
4095	10
4096	7
4097	7
4098	7
4099	9
4100	11
4101	7
4102	5
4103	7
4104	4
4105	3
4106	4
4107	6
4108	6
4109	6
4110	10
4111	7
4112	9
4113	3
4114	4
4115	4
4116	8
4117	10
4118	7
4119	8
4120	6
4121	2
4122	4
4123	8
4124	9
4125	6
4126	6
4127	3
4128	8
4129	5
4130	8
4131	9
4132	5
4133	7
4134	5
4135	5
4136	5
4137	9
4138	2
4139	5
4140	4
4141	4
4142	2
4143	5
4144	7
4145	7
4146	8
4147	5
4148	11
4149	5
4150	6
4151	1
4152	3
4153	3
4154	4
4155	6
4156	2
4157	5
4158	6
4159	3
4160	9
4161	3
4162	6
4163	6
4164	11
4165	2
4166	6
4167	5
4168	10
4169	4
4170	10
4171	10
4172	6
4173	6
4174	6
4175	7
4176	8
4177	6
4178	6
4179	9
4180	3
4181	2
4182	6
4183	4
4184	5
4185	5
4186	5
4187	8
4188	9
4189	4
4190	9
4191	4
4192	4
4193	8
4194	9
4195	3
4196	5
4197	5
4198	5
4199	7
4200	4
4201	4
4202	5
4203	1
4204	2
4205	5
4206	4
4207	10
4208	6
4209	5
4210	7
4211	6
4212	3
4213	5
4214	10
4215	3
4216	2
4217	1
4218	5
4219	5
4220	6
4221	5
4222	6
4223	4
4224	3
4225	5
4226	5
4227	11
4228	3
4229	6
4230	7
4231	4
4232	10
4233	5
4234	6
4235	5
4236	7
4237	6
4238	10
4239	4
4240	7
4241	4
4242	7
4243	6
4244	3
4245	6
4246	3
4247	3
4248	4
4249	6
4250	2
4251	3
4252	8
4253	4
4254	6
4255	7
4256	9
4257	5
4258	6
4259	6
4260	8
4261	5
4262	4
4263	7
4264	6
4265	5
4266	10
4267	8
4268	7
4269	4
4270	7
4271	4
4272	7
4273	8
4274	7
4275	5
4276	4
4277	3
4278	3
4279	3
4280	5
4281	3
4282	7
4283	5
4284	6
4285	5
4286	4
4287	6
4288	4
4289	2
4290	3
4291	8
4292	7
4293	7
4294	6
4295	4
4296	6
4297	11
4298	12
4299	3
4300	5
4301	8
4302	2
4303	1
4304	5
4305	5
4306	5
4307	2
4308	4
4309	2
4310	4
4311	6
4312	6
4313	8
4314	3
4315	4
4316	3
4317	10
4318	2
4319	4
4320	8
4321	5
4322	6
4323	6
4324	7
4325	3
4326	10
4327	2
4328	9
4329	10
4330	4
4331	5
4332	2
4333	5
4334	5
4335	6
4336	4
4337	4
4338	3
4339	5
4340	7
4341	3
4342	7
4343	10
4344	3
4345	3
4346	5
4347	9
4348	4
4349	6
4350	6
4351	9
4352	8
4353	5
4354	6
4355	5
4356	2
4358	9
4359	5
4360	3
4361	6
4362	8
4363	3
4364	6
4365	7
4366	5
4367	4
4368	6
4369	3
4370	6
4371	5
4372	7
4373	3
4374	5
4375	7
4376	5
4377	3
4378	4
4379	6
4380	5
4381	4
4382	1
4383	2
4384	6
4385	6
4386	9
4387	9
4388	4
4389	6
4390	2
4391	5
4392	4
4393	3
4394	5
4395	3
4396	3
4397	6
4398	4
4399	7
4400	4
4401	5
4402	3
4403	6
4404	6
4405	5
4406	3
4407	6
4408	3
4409	5
4410	7
4411	10
4412	3
4413	3
4414	7
4415	6
4416	6
4417	6
4418	4
4419	2
4420	7
4421	3
4422	7
4423	2
4424	4
4425	3
4426	2
4427	2
4428	3
4429	1
4430	6
4431	2
4432	2
4433	4
4434	4
4435	2
4436	10
4437	11
4438	6
4439	3
4440	2
4441	4
4442	6
4443	5
4444	4
4445	9
4446	8
4447	5
4448	10
4449	1
4450	4
4451	6
4452	4
4453	4
4454	4
4455	6
4456	6
4457	2
4458	1
4459	2
4460	4
4461	6
4462	1
4463	1
4464	2
4465	2
4466	5
4467	9
4468	4
4469	4
4470	7
4471	4
4472	6
4473	3
4474	6
4475	6
4476	5
4477	4
4478	5
4479	4
4480	3
4481	7
4482	7
4483	6
4484	3
4485	5
4486	5
4487	4
4488	1
4489	5
4490	2
4491	4
4492	11
4493	2
4494	3
4495	5
4496	4
4497	2
4498	6
4499	4
4500	5
4501	1
4502	5
4503	4
4504	4
4505	3
4506	3
4507	8
4508	3
4509	1
4510	3
4511	3
4512	5
4513	2
4514	1
4515	5
4516	5
4517	4
4518	7
4519	4
4520	2
4521	2
4522	1
4523	7
4524	2
4525	3
4526	2
4527	7
4528	2
4529	5
4530	3
4531	2
4532	5
4533	9
4534	5
4535	5
4536	4
4537	4
4538	5
4539	6
4540	6
4541	2
4542	5
4543	2
4544	2
4545	6
4546	5
4547	12
4548	2
4549	5
4550	5
4551	6
4552	3
4553	8
4554	5
4555	4
4556	6
4557	4
4558	2
4559	5
4560	2
4561	4
4562	5
4563	4
4564	6
4565	5
4566	3
4567	8
4568	1
4569	3
4570	5
4571	2
4572	6
4573	4
4574	3
4575	6
4576	5
4577	3
4578	7
4579	6
4580	3
4581	6
4582	5
4583	3
4584	2
4585	3
4586	2
4587	3
4588	5
4589	4
4590	3
4591	6
4592	3
4593	1
4594	3
4595	5
4596	4
4597	4
4598	4
4599	9
4600	9
4601	6
4602	7
4603	5
4604	8
4605	3
4606	5
4607	5
4608	5
4609	5
4610	5
4611	3
4612	2
4613	2
4614	2
4615	7
4616	6
4617	2
4618	1
4619	3
4620	3
4621	6
4622	2
4623	1
4624	8
4625	4
4626	5
4627	7
4628	4
4629	6
4630	9
4631	7
4632	7
4633	10
4634	1
4635	3
4636	3
4637	9
4638	2
4639	1
4640	10
4641	8
4642	9
4643	1
4644	2
4645	3
4646	4
4647	2
4648	5
4649	4
4650	5
4651	4
4652	12
4653	3
4654	3
4655	7
4656	7
4657	7
4658	7
4659	3
4660	4
4661	6
4662	5
4663	3
4664	4
4665	3
4666	11
4667	4
4668	3
4669	4
4670	5
4671	2
4672	4
4673	4
4674	1
4675	9
4676	4
4677	5
4678	5
4679	4
4680	3
4681	2
4682	7
4683	7
4684	8
4686	4
4687	2
4688	3
4689	6
4690	4
4691	5
4692	4
4693	5
4694	6
4695	5
4696	5
4697	5
4698	3
4699	2
4700	3
4701	8
4702	6
4703	7
4704	5
4705	3
4706	2
4707	4
4708	6
4709	4
4710	6
4711	4
4712	6
4713	3
4714	2
4715	3
4717	6
4718	4
4719	5
4720	6
4721	4
4722	5
4723	6
4724	7
4725	6
4726	6
4727	4
4728	5
4729	3
4730	7
4731	1
4732	4
4733	5
4734	1
4735	9
4736	2
4737	6
4738	3
4739	3
4740	5
4741	3
4743	9
4744	4
4745	3
4746	7
4747	2
4748	2
4749	1
4750	5
4751	3
4752	5
4753	3
4755	4
4756	3
4757	5
4758	5
4759	4
4760	6
4761	2
4762	5
4763	7
4764	5
4765	5
4766	5
4767	4
4768	5
4769	4
4770	5
4771	7
4772	3
4773	6
4775	6
4776	4
4777	2
4778	2
4779	5
4780	4
4781	5
4782	7
4783	6
4784	8
4785	4
4786	3
4787	4
4788	3
4789	3
4790	2
4791	3
4792	4
4793	2
4794	2
4795	2
4796	6
4797	5
4798	3
4799	6
4800	2
4801	2
4802	5
4803	5
4804	5
4805	9
4806	5
4807	5
4808	7
4809	4
4810	3
4811	7
4812	1
4813	3
4814	3
4815	3
4816	4
4817	3
4818	7
4819	8
4820	2
4821	8
4822	4
4823	2
4824	2
4825	3
4826	8
4827	7
4828	3
4829	6
4830	8
4831	4
4832	3
4833	5
4834	2
4835	5
4836	7
4837	3
4838	7
4839	3
4840	3
4841	7
4842	3
4843	1
4844	1
4845	5
4846	2
4847	1
4848	8
4849	3
4850	5
4851	4
4852	6
4853	3
4854	4
4855	1
4856	3
4857	3
4858	8
4859	7
4860	4
4861	1
4862	4
4863	4
4864	3
4865	5
4866	2
4867	5
4868	3
4869	3
4870	2
4871	4
4872	4
4873	3
4874	4
4875	5
4876	9
4877	8
4878	3
4879	3
4880	5
4881	3
4882	4
4883	4
4884	4
4885	3
4886	10
4887	6
4888	3
4889	3
4890	2
4891	2
4892	2
4893	7
4894	2
4895	2
4896	5
4897	7
4898	3
4899	3
4900	3
4901	6
4902	3
4903	2
4904	7
4905	5
4906	6
4907	5
4908	6
4909	3
4910	7
4911	1
4912	5
4913	6
4914	3
4915	3
4916	3
4917	1
4918	3
4919	4
4920	9
4921	6
4922	8
4923	6
4924	1
4925	5
4926	2
4927	3
4928	2
4929	3
4930	2
4931	6
4932	3
4933	2
4934	3
4935	4
4936	2
4937	2
4938	4
4940	7
4941	2
4942	13
4943	4
4944	2
4945	6
4946	7
4947	2
4948	2
4949	3
4950	4
4951	3
4952	1
4953	4
4954	4
4955	4
4956	1
4957	6
4958	3
4959	4
4960	1
4961	2
4962	6
4963	5
4964	5
4965	6
4966	5
4967	2
4968	3
4969	2
4970	2
4971	6
4972	8
4973	5
4974	5
4975	6
4976	4
4977	5
4978	7
4979	2
4980	2
4981	2
4982	4
4983	10
4984	5
4985	6
4986	6
4987	3
4988	3
4989	2
4990	4
4991	2
4992	3
4993	8
4994	3
4995	2
4996	1
4997	4
4998	1
4999	4
5000	3
5001	4
5002	6
5003	2
5004	6
5005	5
5006	6
5007	3
5008	5
5009	6
5010	5
5011	5
5012	4
5013	9
5014	4
5015	5
5016	5
5017	3
5018	9
5019	3
5020	3
5021	3
5022	5
5023	1
5024	2
5025	3
5026	3
5027	3
5028	4
5029	1
5030	2
5031	4
5032	3
5033	2
5034	2
5035	1
5036	6
5037	2
5038	4
5039	2
5040	2
5041	3
5042	3
5043	1
5044	2
5046	3
5047	2
5048	5
5049	3
5050	1
5051	5
5052	1
5053	3
5054	5
5055	5
5056	4
5057	3
5058	4
5059	7
5060	2
5061	5
5062	2
5063	3
5064	4
5065	1
5066	6
5067	2
5068	3
5069	7
5070	2
5071	2
5072	2
5073	3
5074	3
5075	1
5076	5
5077	5
5078	2
5079	7
5080	6
5081	7
5082	7
5083	9
5084	4
5085	9
5086	4
5087	4
5088	1
5089	5
5090	2
5091	5
5092	5
5093	2
5094	4
5095	4
5096	7
5097	2
5098	4
5099	5
5100	2
5101	4
5102	3
5103	4
5104	3
5105	3
5106	1
5107	5
5108	1
5109	2
5110	2
5111	8
5112	3
5113	6
5114	7
5115	3
5116	1
5117	1
5118	4
5119	7
5120	2
5121	5
5122	6
5123	2
5124	3
5125	5
5126	1
5127	4
5128	4
5129	6
5130	3
5131	6
5132	3
5133	2
5134	3
5135	2
5136	2
5137	5
5138	6
5139	5
5140	5
5141	2
5142	2
5143	7
5145	5
5146	3
5147	1
5148	4
5149	4
5150	2
5151	2
5152	1
5153	5
5154	1
5155	4
5156	5
5157	4
5158	3
5159	6
5160	4
5161	5
5163	6
5164	4
5165	1
5166	3
5167	9
5168	6
5169	4
5170	2
5171	3
5172	3
5173	3
5174	2
5175	2
5176	4
5177	2
5178	1
5179	3
5180	4
5181	3
5182	3
5183	2
5184	7
5185	4
5186	2
5187	3
5188	7
5189	4
5190	5
5191	3
5192	3
5193	9
5194	8
5195	5
5196	2
5197	3
5198	1
5199	3
5200	2
5201	2
5202	2
5203	5
5204	3
5205	9
5206	2
5207	6
5208	3
5209	7
5210	5
5211	6
5212	2
5213	2
5214	4
5215	3
5216	5
5217	2
5218	1
5219	4
5221	1
5222	2
5223	7
5224	5
5225	4
5226	2
5227	2
5228	3
5229	2
5230	4
5231	8
5232	3
5233	4
5234	3
5235	1
5236	4
5237	2
5238	2
5239	3
5240	1
5241	3
5242	5
5243	5
5244	2
5245	2
5246	3
5247	3
5248	1
5249	4
5250	2
5251	3
5252	3
5253	3
5254	5
5255	2
5256	5
5257	6
5258	3
5259	5
5260	1
5261	2
5262	1
5263	3
5264	1
5265	4
5266	2
5267	3
5268	1
5269	3
5270	4
5271	1
5272	6
5273	3
5274	1
5275	1
5276	2
5277	5
5278	3
5279	7
5280	1
5281	3
5282	7
5283	5
5284	3
5285	3
5286	4
5287	8
5288	6
5289	1
5290	4
5291	4
5292	2
5293	4
5294	2
5295	3
5296	2
5297	3
5298	4
5299	5
5301	4
5302	2
5303	5
5304	4
5305	2
5306	1
5307	2
5308	4
5309	4
5311	5
5312	6
5313	2
5314	3
5315	4
5316	1
5318	4
5319	5
5320	4
5321	5
5322	5
5323	6
5325	5
5326	6
5327	5
5328	1
5329	2
5330	1
5331	3
5332	5
5333	2
5334	3
5335	5
5336	3
5337	4
5338	3
5339	2
5340	7
5341	1
5342	4
5343	5
5344	6
5345	1
5346	4
5347	7
5348	3
5349	5
5350	1
5351	1
5352	2
5353	5
5354	2
5355	1
5356	7
5357	1
5359	3
5360	1
5361	4
5362	2
5363	6
5364	5
5365	5
5366	6
5367	3
5368	4
5369	1
5371	4
5372	6
5373	1
5374	2
5375	7
5376	3
5377	3
5378	3
5379	1
5380	2
5381	2
5382	2
5383	7
5384	4
5385	6
5386	1
5387	4
5388	3
5389	2
5390	1
5391	1
5392	1
5393	3
5394	3
5395	3
5396	5
5397	2
5398	1
5400	4
5401	1
5402	4
5403	4
5404	2
5405	2
5406	2
5407	4
5408	1
5409	2
5410	2
5411	3
5412	4
5413	5
5414	6
5415	2
5416	5
5417	6
5418	2
5419	1
5420	3
5421	3
5422	1
5423	1
5424	2
5426	5
5427	3
5428	2
5429	5
5430	8
5431	4
5432	2
5433	1
5434	4
5435	5
5437	1
5438	5
5439	2
5440	1
5441	2
5442	3
5443	3
5444	3
5445	6
5446	5
5447	3
5448	1
5449	5
5450	1
5451	1
5452	1
5454	1
5455	4
5456	3
5457	4
5458	1
5459	5
5460	4
5461	6
5462	1
5463	1
5464	4
5465	2
5466	4
5467	3
5468	4
5470	3
5471	1
5472	3
5473	3
5474	4
5476	3
5477	4
5478	1
5479	6
5480	7
5481	3
5482	3
5483	6
5484	2
5485	1
5486	2
5487	5
5488	4
5489	4
5490	1
5492	3
5493	2
5495	3
5496	4
5497	1
5498	1
5500	1
5501	4
5502	1
5503	3
5504	2
5505	4
5506	6
5507	3
5508	3
5509	2
5510	4
5511	4
5512	3
5513	1
5514	4
5515	3
5516	6
5517	4
5518	3
5519	1
5520	3
5521	3
5522	5
5523	2
5524	4
5525	1
5526	6
5527	3
5528	12
5529	7
5530	2
5531	3
5532	4
5533	6
5534	1
5535	7
5536	5
5537	3
5538	1
5539	3
5540	4
5541	3
5542	3
5543	8
5544	6
5545	4
5546	3
5547	2
5548	2
5549	3
5550	4
5551	4
5552	3
5553	5
5554	1
5555	1
5556	6
5557	2
5558	2
5561	1
5562	3
5563	4
5564	1
5565	4
5566	3
5567	1
5568	3
5569	3
5570	4
5571	3
5572	3
5573	5
5574	2
5575	5
5577	8
5578	2
5579	1
5580	1
5581	2
5583	6
5584	3
5586	3
5587	2
5588	5
5589	1
5590	7
5591	2
5592	4
5593	2
5594	2
5595	1
5596	3
5597	2
5598	4
5599	1
5600	3
5601	1
5602	3
5603	4
5604	2
5605	6
5606	5
5607	1
5608	4
5609	7
5610	1
5611	3
5612	1
5613	1
5614	4
5615	4
5616	1
5617	3
5618	1
5620	3
5621	3
5622	3
5623	3
5624	4
5625	3
5626	3
5628	2
5629	1
5630	5
5631	1
5632	4
5633	1
5634	4
5635	4
5636	2
5637	2
5638	7
5639	1
5640	1
5641	3
5642	1
5643	4
5644	2
5645	4
5646	2
5647	1
5648	4
5649	3
5650	1
5651	5
5652	1
5653	3
5654	2
5655	4
5656	3
5657	2
5658	1
5659	1
5660	8
5661	4
5662	1
5663	3
5664	3
5665	3
5666	6
5667	3
5668	2
5669	5
5670	5
5671	3
5672	1
5673	7
5675	3
5676	2
5677	2
5678	2
5679	1
5680	2
5681	2
5682	2
5683	7
5684	4
5685	1
5686	4
5687	5
5688	5
5689	3
5690	2
5691	1
5692	1
5693	5
5695	2
5696	1
5697	1
5698	2
5699	2
5702	6
5704	2
5705	3
5706	2
5707	1
5708	3
5709	3
5710	3
5711	4
5712	3
5713	2
5715	4
5716	2
5719	2
5720	2
5721	3
5722	4
5723	3
5724	3
5725	4
5726	1
5727	2
5728	1
5729	6
5730	1
5731	3
5733	4
5734	2
5735	3
5736	1
5737	3
5738	3
5739	2
5740	2
5742	2
5743	3
5744	2
5745	2
5746	5
5747	4
5748	2
5749	4
5750	3
5751	6
5752	5
5753	3
5754	2
5755	3
5756	3
5757	4
5758	2
5759	5
5760	3
5761	1
5762	2
5764	2
5765	1
5766	1
5767	2
5768	2
5769	2
5770	3
5771	2
5773	2
5774	2
5775	3
5776	1
5777	5
5778	2
5780	3
5782	4
5783	4
5784	4
5785	7
5786	4
5787	1
5788	4
5789	3
5791	2
5793	1
5794	2
5795	5
5796	3
5798	4
5800	3
5801	3
5802	3
5804	3
5805	2
5806	2
5807	2
5808	5
5809	4
5810	2
5811	4
5812	3
5813	3
5814	1
5815	2
5816	3
5817	2
5818	2
5819	3
5820	7
5821	1
5822	4
5823	5
5824	4
5825	2
5826	2
5827	4
5828	3
5829	1
5830	2
5831	1
5832	5
5834	3
5835	3
5836	1
5837	2
5839	3
5840	5
5841	4
5842	2
5843	3
5844	5
5845	3
5846	5
5847	3
5848	2
5849	5
5850	1
5851	6
5852	1
5853	3
5854	2
5855	4
5856	6
5857	2
5858	3
5859	1
5860	2
5861	4
5862	3
5863	3
5864	4
5866	1
5867	3
5869	2
5870	4
5871	1
5872	3
5873	3
5875	2
5876	3
5877	1
5878	2
5880	1
5882	2
5883	3
5884	1
5885	2
5886	2
5887	1
5889	2
5891	1
5892	2
5895	4
5896	4
5897	1
5898	1
5899	2
5900	2
5901	3
5902	1
5903	2
5904	1
5905	2
5906	1
5907	1
5909	1
5910	2
5911	2
5912	3
5913	2
5914	2
5915	3
5916	2
5917	1
5918	2
5919	2
5920	4
5921	4
5922	2
5923	2
5924	1
5926	2
5927	3
5928	4
5929	2
5930	2
5931	2
5932	2
5933	3
5934	2
5935	4
5937	1
5938	1
5939	4
5940	4
5941	2
5944	1
5945	6
5948	2
5949	4
5950	2
5951	2
5952	3
5953	4
5954	3
5955	1
5956	4
5957	3
5958	3
5961	3
5962	4
5963	1
5964	1
5965	1
5966	3
5967	2
5968	1
5969	2
5970	2
5971	1
5972	2
5973	2
5974	1
5975	5
5976	3
5977	1
5978	1
5979	2
5980	2
5981	1
5982	5
5983	2
5986	3
5988	3
5989	4
5990	3
5991	1
5992	3
5994	4
5995	1
5996	2
5997	2
5998	4
5999	1
6000	2
6001	1
6002	2
6003	1
6004	5
6005	3
6006	1
6007	2
6008	3
6009	4
6010	1
6011	3
6012	3
6013	2
6015	2
6016	4
6017	2
6018	2
6019	1
6020	2
6021	1
6022	2
6023	2
6024	6
6025	2
6026	4
6027	1
6028	3
6029	1
6030	1
6031	1
6032	9
6033	1
6034	2
6035	2
6036	1
6037	4
6038	1
6039	3
6040	3
6041	2
6042	3
6043	3
6044	1
6045	1
6046	1
6047	4
6048	4
6049	2
6050	1
6051	2
6052	1
6053	3
6054	5
6055	1
6056	2
6057	1
6058	3
6059	1
6060	2
6061	1
6062	3
6063	6
6064	2
6065	2
6066	1
6067	3
6068	2
6069	2
6070	3
6071	2
6072	3
6073	1
6075	3
6076	4
6077	2
6079	2
6081	2
6082	3
6083	2
6084	5
6085	3
6086	1
6087	2
6088	1
6090	3
6091	3
6092	3
6093	4
6094	4
6095	1
6096	1
6097	3
6098	1
6099	2
6100	1
6102	4
6103	1
6104	1
6105	1
6106	1
6107	3
6108	3
6109	2
6110	4
6112	1
6113	1
6115	4
6116	1
6117	6
6118	1
6119	2
6120	2
6121	2
6122	1
6123	1
6124	2
6125	3
6126	1
6127	3
6128	1
6129	2
6130	4
6131	1
6132	2
6133	6
6134	4
6135	2
6136	2
6137	3
6138	2
6139	3
6140	4
6141	5
6142	2
6143	3
6144	1
6145	3
6146	2
6147	4
6148	2
6149	1
6150	2
6151	1
6152	4
6154	1
6155	5
6156	2
6157	3
6159	3
6161	4
6162	4
6163	1
6165	3
6166	7
6167	1
6168	4
6169	1
6171	3
6172	1
6174	3
6175	1
6178	3
6179	3
6180	2
6181	1
6182	1
6184	4
6185	1
6186	3
6188	1
6189	1
6190	2
6191	4
6192	1
6193	2
6194	2
6195	4
6196	2
6197	2
6198	1
6199	6
6200	2
6201	1
6202	2
6203	2
6204	1
6205	1
6206	3
6207	2
6208	1
6209	1
6210	1
6211	3
6212	3
6213	2
6214	2
6216	1
6217	1
6218	1
6219	6
6220	3
6221	3
6222	3
6223	1
6224	2
6225	3
6226	3
6227	2
6228	2
6229	4
6230	2
6231	3
6232	2
6233	1
6234	4
6235	5
6236	1
6237	2
6238	2
6239	4
6240	1
6241	1
6242	1
6243	1
6244	4
6245	5
6246	2
6247	1
6248	2
6249	2
6250	2
6251	3
6252	2
6253	1
6254	2
6255	2
6256	1
6258	4
6259	3
6260	3
6261	1
6262	1
6263	1
6264	3
6265	2
6267	1
6268	2
6269	4
6270	2
6271	1
6272	2
6273	3
6275	3
6276	1
6277	1
6278	2
6279	2
6280	2
6282	6
6283	3
6285	2
6286	2
6287	2
6288	1
6289	3
6291	2
6292	2
6293	2
6294	3
6295	1
6296	2
6297	1
6298	4
6299	1
6300	1
6301	1
6302	2
6304	1
6305	5
6306	2
6307	3
6308	3
6310	3
6311	4
6312	1
6313	4
6315	4
6316	2
6317	4
6318	3
6320	1
6321	5
6322	2
6323	4
6324	2
6325	3
6326	2
6327	3
6328	2
6329	2
6331	2
6332	1
6333	1
6334	3
6335	1
6336	2
6337	5
6338	2
6339	2
6340	3
6341	3
6342	2
6343	2
6344	2
6345	3
6346	2
6348	1
6349	1
6350	1
6351	5
6352	3
6353	1
6354	3
6355	5
6356	4
6357	2
6358	1
6359	2
6360	2
6361	3
6362	4
6363	3
6364	4
6366	3
6367	2
6368	1
6369	1
6371	2
6372	1
6373	1
6374	1
6375	5
6376	2
6377	1
6378	4
6379	1
6380	1
6381	1
6382	2
6384	3
6386	2
6389	1
6390	2
6391	2
6392	2
6393	1
6394	2
6395	5
6396	2
6397	3
6398	2
6399	3
6400	1
6401	3
6403	2
6405	5
6406	2
6408	3
6409	3
6410	1
6412	4
6414	1
6415	2
6417	3
6418	4
6419	2
6420	1
6421	1
6422	2
6424	4
6425	2
6426	3
6427	1
6428	1
6430	1
6431	2
6432	3
6433	1
6434	5
6435	1
6436	2
6437	2
6438	1
6440	1
6441	2
6442	2
6443	3
6444	4
6445	2
6446	1
6447	1
6448	3
6449	2
6450	2
6451	1
6452	2
6453	4
6454	4
6455	1
6456	1
6457	3
6458	1
6459	2
6460	3
6461	3
6462	1
6463	3
6464	3
6467	1
6468	1
6470	2
6471	1
6473	3
6474	2
6475	3
6476	4
6477	2
6478	1
6479	1
6480	1
6481	3
6483	2
6484	2
6485	1
6486	2
6487	4
6489	3
6490	1
6491	3
6493	3
6494	3
6495	4
6496	2
6497	4
6498	4
6499	2
6500	4
6502	3
6503	1
6504	3
6505	5
6506	2
6508	1
6509	2
6511	2
6512	2
6514	2
6515	1
6516	2
6517	1
6518	3
6519	2
6520	1
6521	2
6522	2
6523	2
6524	2
6525	5
6526	1
6527	1
6529	4
6530	2
6531	3
6532	6
6533	2
6534	3
6535	4
6538	4
6539	3
6540	3
6541	2
6542	1
6543	1
6544	2
6545	1
6546	3
6547	5
6548	2
6549	3
6550	1
6551	5
6553	1
6554	2
6555	3
6558	2
6560	4
6561	1
6562	2
6564	1
6565	2
6566	2
6567	1
6568	2
6569	2
6570	2
6571	1
6572	2
6574	1
6575	1
6576	3
6577	3
6578	1
6579	1
6581	2
6582	1
6583	5
6584	2
6585	5
6586	2
6588	2
6589	1
6590	1
6592	2
6593	3
6594	1
6595	2
6596	5
6597	4
6598	1
6599	3
6600	3
6601	3
6603	1
6604	3
6605	1
6607	1
6608	1
6609	1
6610	3
6611	3
6612	1
6613	2
6614	1
6616	2
6617	4
6618	3
6619	2
6621	1
6622	3
6624	2
6625	2
6626	1
6627	2
6628	3
6630	7
6632	1
6633	2
6634	2
6635	4
6636	2
6637	2
6638	1
6639	2
6641	2
6642	1
6643	2
6644	1
6645	3
6648	1
6649	1
6650	2
6651	1
6652	3
6653	1
6654	5
6655	1
6656	5
6657	4
6658	3
6659	3
6661	1
6663	2
6664	1
6665	3
6666	4
6667	2
6668	1
6669	4
6670	5
6671	1
6673	2
6674	1
6675	2
6676	4
6677	1
6678	1
6679	1
6680	1
6681	1
6682	1
6683	2
6684	3
6685	2
6686	2
6687	3
6688	2
6689	3
6690	2
6691	2
6692	1
6693	2
6694	2
6695	2
6696	4
6697	1
6698	2
6699	3
6700	1
6701	1
6702	1
6703	4
6704	1
6705	1
6706	1
6707	1
6708	1
6709	1
6711	1
6712	2
6714	1
6715	1
6716	2
6717	1
6718	3
6719	2
6720	3
6721	1
6722	1
6723	2
6724	3
6726	1
6728	1
6729	3
6730	2
6731	1
6732	1
6733	1
6735	2
6736	1
6738	2
6739	1
6740	1
6741	2
6742	5
6743	1
6744	1
6746	1
6747	1
6748	1
6749	1
6750	2
6751	3
6752	1
6754	2
6755	1
6756	1
6757	1
6758	1
6759	1
6761	2
6762	1
6763	2
6764	1
6765	2
6766	2
6767	1
6768	3
6769	1
6770	2
6772	3
6773	3
6774	2
6775	1
6777	1
6780	1
6781	1
6782	1
6783	3
6784	2
6785	3
6787	1
6789	2
6790	1
6791	4
6792	1
6794	1
6795	1
6796	4
6797	1
6798	2
6800	1
6803	1
6804	2
6805	3
6806	3
6808	1
6809	3
6810	3
6814	2
6815	2
6817	2
6818	1
6822	2
6824	3
6826	2
6827	1
6829	3
6830	2
6831	2
6832	1
6833	2
6834	1
6835	1
6837	3
6838	3
6839	1
6840	2
6841	1
6842	1
6843	4
6844	3
6845	1
6846	1
6847	3
6848	2
6849	4
6852	3
6854	2
6855	4
6856	4
6857	3
6858	3
6859	2
6860	1
6861	1
6862	3
6864	2
6868	1
6870	2
6871	2
6873	1
6874	1
6875	3
6876	1
6877	1
6879	4
6880	2
6883	3
6884	1
6885	2
6886	3
6887	2
6888	2
6889	1
6890	2
6891	3
6892	2
6893	1
6894	1
6895	2
6896	2
6897	3
6898	3
6899	2
6904	2
6905	3
6906	3
6908	3
6909	1
6911	2
6912	1
6913	2
6914	4
6915	1
6916	1
6917	2
6918	1
6920	1
6921	2
6922	2
6923	1
6924	2
6927	1
6928	1
6929	1
6930	1
6931	1
6932	1
6933	3
6934	2
6935	2
6936	3
6937	3
6938	1
6939	1
6940	1
6941	2
6942	1
6943	1
6944	2
6945	2
6946	1
6948	1
6950	2
6951	1
6952	2
6953	1
6954	1
6956	3
6959	1
6960	2
6961	2
6962	3
6963	3
6964	1
6966	1
6967	1
6971	2
6973	1
6974	1
6975	1
6976	4
6978	2
6980	2
6981	2
6982	1
6983	1
6984	3
6985	1
6988	4
6989	1
6990	3
6991	2
6992	1
6994	2
6995	1
6996	4
6998	1
6999	2
7000	1
7002	2
7003	5
7004	1
7005	2
7007	1
7008	1
7009	5
7010	1
7011	1
7012	1
7013	4
7014	2
7015	2
7016	1
7017	1
7019	2
7020	3
7021	5
7022	2
7023	2
7028	5
7029	1
7030	1
7031	3
7034	3
7036	2
7037	1
7038	1
7039	1
7040	1
7042	1
7043	2
7044	1
7046	3
7047	4
7048	7
7049	1
7051	1
7053	5
7054	1
7056	2
7057	2
7058	1
7059	2
7060	4
7061	1
7062	1
7063	4
7064	1
7065	5
7066	1
7067	4
7068	2
7069	2
7072	1
7073	1
7075	3
7076	1
7077	2
7079	3
7080	2
7081	2
7083	1
7086	2
7087	1
7089	1
7090	1
7091	1
7093	2
7094	3
7095	2
7096	1
7097	1
7098	1
7099	3
7100	2
7102	4
7103	2
7104	3
7106	1
7107	1
7108	1
7109	2
7110	5
7111	1
7112	4
7113	1
7114	1
7115	3
7116	2
7117	2
7119	3
7120	2
7121	1
7122	3
7123	2
7124	2
7125	1
7128	1
7129	3
7130	2
7131	2
7132	3
7134	2
7136	2
7137	4
7138	2
7140	4
7142	1
7143	2
7144	1
7145	1
7146	2
7147	1
7148	2
7149	3
7150	2
7151	1
7153	1
7154	3
7155	2
7157	2
7158	2
7159	1
7160	1
7161	2
7162	1
7164	2
7165	2
7166	4
7167	1
7168	2
7169	2
7170	1
7171	2
7172	2
7173	2
7174	2
7175	1
7176	2
7179	3
7181	3
7182	5
7183	2
7184	1
7186	1
7188	3
7190	1
7192	2
7193	4
7194	3
7196	1
7197	2
7198	1
7202	1
7203	2
7204	1
7205	1
7207	1
7208	1
7209	1
7210	2
7211	3
7212	1
7213	1
7214	2
7216	3
7217	3
7218	2
7221	1
7222	1
7226	1
7227	2
7228	3
7229	2
7230	1
7231	2
7233	1
7234	1
7235	2
7236	2
7238	1
7239	1
7240	2
7241	1
7243	1
7244	1
7245	1
7247	4
7248	3
7249	1
7250	2
7251	1
7252	1
7254	1
7255	1
7256	2
7257	2
7258	1
7259	1
7260	1
7261	1
7263	2
7264	6
7266	1
7267	4
7268	1
7270	3
7271	3
7272	2
7273	1
7275	1
7276	3
7277	1
7278	2
7279	2
7280	2
7282	2
7283	1
7285	1
7287	1
7288	1
7289	1
7290	1
7293	2
7294	1
7295	3
7296	3
7297	3
7298	1
7300	1
7301	1
7302	1
7303	3
7304	2
7307	2
7308	2
7309	1
7311	1
7312	1
7315	2
7317	1
7318	1
7319	2
7320	2
7321	2
7322	1
7324	1
7325	1
7326	3
7327	1
7328	3
7329	2
7331	1
7333	2
7334	2
7338	6
7339	4
7340	1
7341	2
7344	1
7345	1
7346	2
7348	1
7349	2
7350	2
7351	2
7352	3
7353	2
7355	2
7356	1
7358	1
7360	2
7361	3
7362	2
7363	1
7364	4
7365	3
7367	1
7369	1
7370	1
7371	2
7372	2
7373	2
7374	1
7375	3
7376	1
7378	1
7379	1
7380	2
7382	2
7383	2
7385	3
7388	2
7389	5
7390	1
7391	1
7392	1
7393	1
7395	2
7396	1
7397	2
7398	2
7399	1
7400	1
7402	1
7403	1
7405	1
7406	1
7409	2
7410	1
7412	4
7413	2
7414	2
7415	4
7416	2
7417	1
7418	1
7419	1
7420	5
7422	1
7424	1
7425	1
7426	1
7427	3
7428	2
7430	1
7431	1
7432	1
7433	2
7434	1
7435	2
7436	1
7437	1
7438	1
7442	2
7443	3
7445	2
7446	2
7447	1
7450	1
7451	3
7452	2
7455	2
7456	1
7460	1
7461	4
7462	2
7464	2
7466	1
7467	1
7468	1
7470	2
7471	2
7473	3
7475	2
7476	1
7479	1
7480	2
7481	2
7483	1
7484	2
7485	1
7486	2
7487	1
7488	1
7489	2
7490	1
7491	1
7492	1
7493	1
7495	2
7496	1
7497	1
7498	2
7499	2
7502	1
7503	2
7504	2
7505	3
7506	1
7508	1
7509	1
7511	1
7512	1
7514	2
7515	5
7516	3
7519	2
7520	1
7521	2
7522	2
7523	3
7525	2
7526	1
7527	2
7528	2
7530	2
7531	2
7533	1
7534	1
7535	2
7536	1
7537	1
7538	2
7539	2
7540	1
7541	1
7542	1
7544	2
7545	2
7546	1
7547	1
7551	1
7552	1
7553	2
7557	2
7559	1
7560	3
7561	1
7562	3
7564	2
7565	2
7568	1
7570	1
7572	1
7573	2
7574	1
7575	4
7576	2
7577	3
7578	3
7579	1
7581	1
7582	1
7583	1
7585	1
7586	1
7587	3
7589	2
7590	1
7591	1
7593	2
7594	1
7595	3
7596	3
7597	3
7599	2
7600	1
7601	3
7602	1
7603	1
7604	1
7605	2
7607	1
7609	1
7610	1
7611	2
7612	3
7613	1
7617	2
7619	1
7620	1
7623	1
7627	2
7631	1
7632	1
7633	1
7634	1
7635	2
7637	1
7639	1
7640	2
7641	1
7642	1
7643	1
7646	1
7648	1
7651	1
7652	1
7653	2
7656	4
7657	1
7659	3
7660	1
7661	2
7662	1
7664	1
7667	2
7669	3
7671	1
7672	2
7673	1
7674	1
7675	1
7677	1
7678	1
7679	2
7680	2
7685	3
7686	1
7687	3
7689	1
7690	1
7691	1
7692	2
7693	4
7695	1
7696	2
7697	2
7700	1
7701	1
7702	1
7703	2
7704	2
7705	1
7706	1
7708	3
7710	4
7711	1
7713	1
7714	1
7715	1
7716	3
7719	1
7721	2
7722	1
7723	1
7724	2
7726	1
7727	2
7728	3
7729	1
7730	2
7733	1
7735	1
7737	1
7738	1
7739	1
7741	1
7743	4
7744	2
7745	1
7746	3
7747	2
7749	2
7750	2
7752	2
7753	1
7756	1
7758	3
7759	1
7761	3
7762	1
7763	1
7765	1
7766	2
7768	1
7769	1
7770	1
7773	2
7776	3
7778	1
7779	1
7780	1
7782	1
7783	2
7784	2
7785	1
7786	2
7788	4
7789	2
7790	1
7791	2
7792	1
7793	2
7795	2
7796	5
7797	1
7798	3
7799	2
7801	3
7803	2
7804	1
7806	2
7807	3
7808	2
7815	3
7816	1
7818	2
7819	1
7821	2
7823	1
7825	1
7826	2
7828	2
7829	1
7832	1
7833	2
7834	1
7835	1
7839	1
7840	1
7841	1
7843	2
7847	1
7848	2
7849	1
7850	1
7852	1
7853	2
7855	1
7856	1
7858	2
7859	2
7860	4
7862	1
7868	1
7870	1
7872	1
7873	2
7874	2
7875	1
7876	2
7877	1
7879	1
7881	1
7883	1
7884	2
7885	1
7886	2
7889	1
7890	1
7891	2
7895	2
7896	2
7897	2
7898	2
7899	3
7902	1
7903	1
7904	2
7907	1
7909	1
7910	1
7911	2
7912	2
7913	1
7915	1
7916	1
7917	3
7918	1
7919	1
7920	4
7921	2
7924	1
7925	1
7930	1
7931	1
7932	1
7935	1
7936	1
7937	2
7938	2
7941	2
7943	1
7944	1
7946	1
7948	1
7949	1
7954	3
7957	1
7958	1
7959	1
7960	1
7961	1
7962	2
7964	1
7966	1
7967	1
7968	2
7969	1
7970	2
7976	2
7977	1
7980	1
7981	2
7982	1
7985	2
7986	2
7987	1
7991	3
7992	2
7994	2
7995	1
7996	3
7997	1
7999	1
8000	2
8001	3
8003	1
8004	3
8005	2
8007	2
8008	2
8009	2
8010	3
8011	1
8012	2
8013	1
8014	3
8016	3
8017	3
8019	1
8021	2
8022	1
8023	1
8025	1
8026	1
8031	1
8032	1
8033	1
8035	3
8036	2
8039	2
8041	4
8042	2
8043	1
8044	2
8046	2
8047	1
8049	1
8050	1
8055	2
8060	3
8061	1
8062	2
8063	1
8066	4
8067	1
8068	2
8069	4
8070	1
8071	2
8072	1
8074	1
8076	1
8078	3
8080	2
8084	1
8085	3
8086	2
8089	2
8090	1
8091	2
8094	1
8097	2
8098	2
8101	1
8102	1
8103	1
8104	1
8106	1
8109	1
8110	2
8111	1
8112	1
8113	3
8114	1
8119	2
8120	2
8124	2
8126	3
8128	1
8129	1
8133	4
8134	1
8135	1
8137	1
8139	1
8141	1
8143	1
8144	1
8146	1
8147	1
8148	1
8149	1
8151	4
8153	1
8156	1
8159	1
8160	2
8161	6
8162	5
8163	2
8164	1
8165	2
8166	1
8170	1
8172	1
8174	1
8175	1
8176	1
8177	1
8178	1
8179	1
8181	2
8182	1
8185	1
8187	1
8189	1
8190	1
8192	1
8193	1
8194	1
8197	1
8201	1
8204	1
8207	1
8209	2
8212	1
8213	1
8215	1
8219	2
8221	1
8222	2
8223	2
8225	1
8228	1
8230	2
8231	1
8232	2
8233	1
8234	1
8235	4
8236	1
8237	2
8239	2
8241	2
8242	1
8243	2
8244	1
8245	1
8246	1
8248	1
8251	1
8253	1
8255	1
8257	1
8258	1
8259	1
8260	2
8263	1
8264	2
8265	1
8268	5
8271	1
8274	3
8275	1
8277	2
8279	2
8280	2
8281	3
8282	1
8283	2
8284	1
8285	2
8287	2
8288	1
8291	1
8292	1
8293	1
8295	3
8296	1
8298	2
8299	1
8300	1
8302	1
8303	1
8305	1
8307	2
8308	2
8310	2
8311	2
8313	1
8314	1
8316	1
8317	1
8318	1
8319	1
8322	1
8325	1
8326	1
8327	1
8330	1
8331	1
8332	2
8334	2
8338	1
8339	1
8341	1
8342	1
8344	2
8345	1
8346	2
8347	1
8348	1
8352	1
8353	1
8355	1
8357	2
8359	1
8361	1
8362	2
8363	1
8364	4
8365	1
8367	2
8369	2
8373	1
8374	2
8376	2
8377	1
8378	3
8381	1
8384	1
8385	2
8386	4
8387	1
8388	1
8389	3
8390	3
8391	1
8393	1
8394	1
8396	1
8397	1
8398	1
8399	1
8400	1
8404	1
8405	3
8406	2
8407	1
8408	1
8409	1
8410	1
8411	3
8412	1
8413	1
8414	2
8415	1
8421	1
8423	2
8425	1
8426	1
8427	1
8429	2
8430	2
8431	2
8432	1
8433	1
8434	1
8436	1
8437	1
8441	2
8442	2
8443	2
8444	1
8446	1
8447	1
8449	1
8451	1
8452	6
8453	1
8455	1
8456	1
8458	2
8459	2
8460	2
8461	1
8465	2
8466	1
8470	1
8473	2
8474	1
8475	2
8477	2
8479	1
8480	2
8481	1
8482	1
8483	1
8484	2
8485	1
8488	2
8489	3
8490	1
8491	2
8494	2
8495	1
8496	1
8497	1
8498	1
8499	2
8501	1
8502	2
8507	2
8508	2
8510	1
8512	2
8513	1
8516	2
8518	2
8519	1
8523	1
8526	2
8527	1
8528	1
8529	1
8530	3
8531	2
8532	2
8535	1
8537	1
8539	1
8540	3
8541	3
8542	3
8543	1
8544	1
8545	2
8546	2
8547	1
8548	1
8553	1
8555	1
8556	1
8558	1
8562	1
8564	1
8567	1
8569	2
8571	1
8573	3
8576	1
8577	2
8578	1
8579	1
8580	3
8582	1
8583	1
8585	2
8587	1
8590	1
8594	1
8595	2
8597	5
8598	1
8599	2
8600	3
8604	1
8605	1
8607	1
8608	1
8609	2
8610	1
8611	1
8612	1
8615	1
8617	1
8618	1
8621	1
8622	1
8624	2
8625	1
8627	1
8629	2
8630	1
8631	1
8634	2
8635	2
8637	1
8638	1
8642	1
8644	2
8648	1
8650	2
8651	2
8652	1
8653	1
8655	2
8657	1
8659	1
8661	2
8663	1
8665	1
8667	1
8668	1
8669	2
8673	1
8674	2
8675	1
8678	1
8683	3
8684	1
8685	2
8687	1
8688	1
8690	1
8693	2
8699	1
8705	1
8707	3
8708	3
8709	2
8710	1
8711	2
8713	2
8715	4
8720	2
8727	1
8728	1
8729	1
8731	3
8732	1
8733	1
8736	2
8737	1
8742	1
8744	1
8745	2
8750	1
8752	1
8753	1
8755	2
8756	1
8761	1
8762	2
8766	1
8767	2
8768	1
8769	2
8770	2
8771	1
8775	1
8776	1
8777	1
8779	1
8780	1
8785	1
8788	2
8789	2
8790	1
8794	1
8795	1
8796	1
8797	1
8798	1
8801	1
8804	1
8806	1
8807	2
8808	1
8809	1
8810	1
8812	1
8813	2
8817	1
8818	1
8819	2
8823	2
8824	1
8825	2
8826	1
8827	1
8828	2
8829	2
8838	1
8840	1
8847	2
8848	2
8850	1
8851	1
8852	1
8853	1
8854	1
8856	3
8863	1
8865	2
8867	1
8868	2
8869	1
8873	2
8874	1
8875	1
8881	1
8883	1
8885	1
8888	1
8889	1
8893	2
8894	1
8895	1
8899	1
8900	2
8901	1
8902	1
8905	1
8906	2
8909	1
8913	1
8914	1
8919	1
8920	3
8921	1
8922	1
8923	1
8931	1
8932	1
8933	2
8935	1
8936	2
8937	3
8939	1
8940	2
8942	2
8943	1
8944	2
8949	1
8953	1
8957	1
8963	1
8964	1
8972	1
8976	1
8977	2
8978	2
8980	1
8981	1
8982	1
8983	1
8985	1
8988	1
8991	2
8993	1
8996	2
8997	1
8998	1
9001	1
9005	2
9007	1
9008	1
9012	2
9013	1
9015	1
9018	1
9022	1
9024	1
9025	1
9027	2
9028	2
9031	1
9032	1
9033	2
9035	1
9037	1
9038	2
9039	1
9040	1
9047	3
9049	1
9050	2
9054	1
9056	2
9058	5
9059	1
9060	1
9066	1
9067	1
9069	1
9070	2
9073	2
9075	1
9076	3
9078	1
9081	2
9082	3
9083	1
9085	2
9086	1
9087	1
9089	1
9093	1
9098	1
9103	1
9104	1
9106	2
9108	1
9111	1
9112	3
9114	1
9115	1
9116	1
9118	1
9119	2
9121	2
9125	1
9127	1
9129	1
9130	2
9131	1
9133	1
9134	1
9135	2
9136	1
9137	1
9138	1
9140	1
9141	1
9143	1
9144	1
9145	1
9150	1
9151	1
9152	1
9154	1
9155	1
9156	2
9158	2
9162	1
9163	1
9170	3
9171	1
9174	1
9175	1
9182	1
9183	3
9185	1
9186	1
9188	1
9190	1
9192	1
9193	1
9194	1
9196	2
9197	3
9201	2
9206	1
9209	1
9211	1
9213	1
9215	1
9217	1
9218	1
9220	1
9222	1
9228	1
9230	1
9233	1
9234	2
9235	1
9238	1
9239	4
9240	1
9241	1
9242	3
9247	2
9248	1
9249	2
9253	2
9256	1
9257	1
9265	1
9268	1
9270	1
9272	1
9276	2
9278	1
9281	2
9282	1
9283	2
9284	2
9286	1
9288	2
9291	1
9295	1
9298	1
9300	1
9304	2
9305	1
9307	1
9316	1
9318	1
9321	2
9325	1
9327	1
9328	1
9331	1
9333	1
9334	1
9336	1
9337	2
9339	1
9341	1
9343	1
9346	1
9349	1
9350	1
9351	1
9353	1
9356	1
9358	1
9359	1
9360	1
9361	1
9363	1
9364	1
9366	1
9367	1
9376	1
9380	1
9382	1
9383	1
9384	1
9389	1
9393	1
9395	2
9400	2
9401	1
9402	1
9403	2
9405	1
9406	1
9408	2
9409	1
9412	1
9418	1
9419	1
9422	2
9424	1
9426	1
9427	2
9428	1
9435	2
9437	1
9443	1
9446	1
9449	1
9452	1
9456	1
9460	2
9463	2
9464	1
9466	1
9468	1
9469	1
9470	1
9471	1
9473	1
9480	1
9484	1
9487	1
9489	2
9492	2
9494	1
9503	1
9505	1
9510	2
9511	2
9515	1
9519	2
9525	1
9530	2
9532	1
9533	2
9537	1
9539	2
9542	1
9543	1
9544	2
9550	1
9552	1
9554	1
9555	1
9557	1
9561	1
9565	1
9580	1
9581	2
9585	1
9587	1
9591	1
9595	2
9596	1
9598	2
9600	1
9601	1
9605	3
9606	1
9610	1
9619	1
9629	1
9630	1
9632	2
9633	1
9634	2
9636	1
9639	1
9645	1
9648	1
9651	1
9655	1
9656	2
9657	1
9658	1
9659	1
9662	2
9665	1
9672	1
9676	1
9677	1
9678	2
9679	1
9680	1
9686	2
9695	1
9698	2
9701	1
9703	1
9704	2
9705	1
9711	2
9712	2
9713	1
9714	1
9715	2
9716	1
9717	1
9718	2
9720	1
9721	1
9722	2
9723	1
9725	1
9727	1
9729	2
9732	2
9733	1
9738	1
9741	1
9742	2
9744	1
9745	1
9749	1
9754	3
9758	1
9759	1
9764	1
9765	2
9766	1
9767	1
9769	1
9772	1
9773	1
9774	2
9777	2
9778	1
9784	2
9789	2
9792	1
9793	1
9797	1
9805	1
9806	1
9807	1
9809	1
9812	1
9813	2
9815	3
9818	1
9819	1
9822	1
9823	1
9825	1
9826	1
9827	1
9832	1
9839	1
9841	1
9842	1
9846	2
9847	1
9848	1
9849	2
9850	1
9856	1
9857	3
9859	1
9862	1
9864	1
9865	1
9867	2
9868	2
9871	1
9876	2
9877	1
9879	1
9880	1
9883	2
9884	1
9886	1
9890	1
9891	2
9893	1
9895	2
9901	2
9904	1
9913	1
9917	1
9918	1
9921	2
9926	1
9927	1
9932	1
9933	3
9938	1
9939	1
9942	1
9943	1
9948	1
9957	1
9959	1
9960	1
9961	1
9970	2
9972	1
9980	1
9981	1
9984	1
9988	1
9990	2
9991	2
9992	1
9996	1
9998	1
10006	2
10016	1
10022	1
10041	1
10042	1
10043	2
10045	1
10046	2
10048	1
10050	1
10051	1
10054	2
10059	1
10060	2
10061	1
10062	1
10063	2
10064	1
10066	2
10069	1
10072	1
10074	1
10077	1
10078	1
10079	1
10082	1
10085	1
10087	2
10093	1
10095	1
10099	1
10102	1
10103	1
10104	1
10105	1
10107	1
10108	1
10112	2
10115	1
10116	2
10122	1
10123	1
10125	1
10130	1
10131	1
10135	2
10141	1
10148	2
10149	1
10151	1
10153	1
10156	1
10158	2
10167	1
10170	3
10179	1
10180	1
10186	1
10187	1
10188	2
10192	1
10194	1
10195	2
10203	1
10206	1
10210	1
10211	1
10213	1
10218	1
10219	1
10222	1
10228	2
10229	1
10246	1
10251	1
10253	3
10257	1
10261	1
10263	1
10266	1
10268	1
10271	1
10273	1
10280	2
10282	1
10286	1
10289	1
10299	1
10300	2
10306	1
10309	2
10311	3
10313	1
10314	1
10318	2
10325	1
10332	1
10333	1
10335	1
10337	1
10342	1
10343	1
10345	1
10347	2
10350	1
10355	1
10357	1
10358	1
10365	1
10370	1
10378	2
10379	1
10380	1
10382	1
10384	2
10385	2
10386	1
10389	1
10392	1
10397	1
10400	1
10403	1
10405	1
10409	1
10410	1
10412	1
10413	1
10420	1
10425	1
10426	1
10433	1
10434	1
10439	1
10441	1
10444	1
10454	1
10460	1
10461	2
10463	1
10468	1
10470	1
10473	1
10477	2
10483	1
10488	1
10490	2
10491	1
10493	1
10505	1
10509	1
10511	1
10516	1
10518	2
10520	2
10521	1
10522	1
10524	2
10526	1
10537	2
10546	1
10548	1
10550	1
10556	2
10558	1
10561	1
10563	1
10564	1
10569	2
10570	1
10573	1
10575	1
10578	1
10579	1
10589	2
10590	1
10592	1
10594	1
10604	1
10606	1
10610	1
10611	1
10614	1
10615	1
10616	1
10622	2
10623	1
10625	1
10630	1
10632	1
10635	1
10638	1
10645	1
10650	1
10651	1
10657	3
10667	1
10674	1
10682	1
10684	1
10686	1
10687	2
10688	1
10689	1
10695	1
10696	2
10697	1
10698	2
10700	1
10705	1
10706	2
10709	2
10710	1
10716	1
10721	1
10723	1
10726	1
10729	1
10732	1
10736	1
10738	1
10743	1
10754	1
10765	1
10770	1
10772	1
10774	1
10778	1
10779	1
10782	1
10784	1
10792	1
10805	1
10810	1
10815	2
10816	1
10817	1
10818	1
10825	1
10828	1
10829	1
10838	2
10839	1
10845	1
10846	1
10848	2
10849	1
10853	2
10855	1
10858	1
10864	1
10866	1
10870	1
10871	1
10872	1
10880	1
10881	2
10883	1
10884	1
10888	1
10895	1
10899	1
10901	1
10904	1
10905	1
10907	1
10913	1
10920	1
10928	1
10932	1
10934	2
10937	2
10940	1
10948	1
10959	1
10960	1
10964	1
10971	1
10977	1
10978	1
10998	4
11003	2
11005	1
11011	1
11018	1
11024	1
11026	1
11029	1
11036	1
11044	1
11047	1
11050	1
11054	1
11060	1
11062	1
11064	2
11067	2
11068	1
11069	1
11073	1
11077	2
11079	1
11090	1
11092	1
11102	2
11104	1
11106	1
11119	1
11123	1
11129	2
11130	2
11134	1
11136	1
11137	1
11138	1
11150	1
11158	1
11162	1
11165	2
11168	1
11171	1
11179	2
11191	1
11193	1
11194	1
11199	1
11209	1
11212	1
11224	2
11225	2
11226	1
11236	1
11239	1
11241	1
11245	1
11247	1
11249	1
11251	1
11252	1
11254	3
11260	1
11261	1
11264	1
11276	2
11280	1
11284	1
11288	1
11291	1
11292	1
11299	1
11300	1
11305	1
11310	1
11318	1
11321	1
11342	1
11343	1
11344	1
11347	1
11353	1
11361	1
11365	1
11368	1
11381	1
11382	1
11384	1
11389	1
11390	1
11394	1
11406	1
11415	2
11421	1
11422	1
11431	1
11435	1
11436	1
11444	1
11457	1
11458	1
11465	1
11469	2
11470	1
11472	1
11480	2
11482	1
11489	1
11492	1
11496	2
11498	1
11514	1
11526	1
11528	1
11535	1
11543	1
11546	2
11549	1
11553	1
11555	1
11562	1
11579	1
11580	1
11581	1
11582	1
11583	1
11584	2
11586	2
11598	1
11602	1
11605	1
11606	1
11607	1
11617	1
11618	1
11624	1
11630	1
11631	1
11635	1
11639	2
11640	1
11642	1
11646	1
11648	1
11649	1
11652	1
11656	1
11658	1
11659	2
11665	1
11667	1
11671	1
11672	1
11675	1
11678	1
11683	1
11695	1
11704	1
11711	1
11717	1
11745	1
11751	1
11753	2
11754	1
11757	1
11765	1
11767	1
11780	1
11788	1
11790	1
11792	1
11799	3
11800	1
11804	1
11805	1
11806	1
11808	1
11809	1
11814	1
11815	1
11817	1
11819	1
11836	1
11850	1
11855	1
11858	1
11869	1
11877	1
11878	2
11885	1
11887	1
11893	1
11897	1
11899	1
11905	1
11907	2
11916	1
11922	1
11925	1
11926	1
11932	1
11939	1
11944	1
11947	1
11951	2
11955	1
11962	1
11968	1
11971	2
11977	2
11986	1
11991	1
11994	1
11996	1
12002	1
12003	1
12009	1
12014	1
12018	1
12023	1
12028	1
12030	1
12032	1
12034	1
12043	1
12050	1
12056	1
12061	1
12069	1
12070	1
12075	1
12095	1
12097	1
12098	1
12099	1
12100	2
12101	1
12105	1
12106	1
12109	1
12123	1
12126	1
12132	1
12135	1
12138	1
12149	1
12166	2
12186	1
12188	1
12190	1
12194	1
12197	1
12199	1
12200	1
12211	1
12218	1
12220	1
12228	1
12240	1
12255	1
12258	1
12277	1
12286	1
12291	1
12299	1
12310	1
12336	2
12337	1
12355	1
12357	1
12358	1
12359	1
12364	1
12380	1
12384	1
12385	1
12386	1
12390	1
12409	1
12416	1
12429	1
12431	1
12453	1
12456	1
12461	1
12466	1
12467	1
12478	1
12487	1
12497	2
12498	1
12503	1
12505	1
12535	1
12546	1
12556	1
12567	1
12569	1
12570	1
12574	1
12584	1
12595	1
12601	1
12603	1
12604	1
12609	1
12624	1
12632	1
12645	1
12656	1
12658	1
12659	1
12663	2
12665	1
12671	1
12673	1
12688	1
12695	1
12696	1
12697	1
12702	1
12703	1
12707	1
12727	1
12734	1
12739	1
12741	1
12746	1
12752	1
12759	1
12766	1
12769	1
12772	2
12775	1
12776	1
12783	1
12785	1
12791	1
12797	1
12804	1
12805	1
12812	1
12814	1
12832	1
12834	1
12843	1
12852	1
12856	1
12859	2
12860	1
12861	1
12866	1
12884	1
12887	1
12894	1
12896	1
12908	1
12931	1
12957	1
12965	1
12977	1
12991	1
12994	1
12995	2
13004	1
13011	1
13024	1
13035	1
13044	1
13051	1
13066	1
13090	1
13094	2
13100	1
13107	1
13114	1
13115	1
13116	1
13121	1
13130	1
13157	1
13166	1
13184	1
13194	1
13195	1
13204	1
13212	1
13213	1
13234	1
13239	1
13241	1
13253	1
13269	1
13271	1
13280	2
13284	1
13287	1
13305	1
13307	1
13317	1
13327	1
13344	1
13356	2
13357	2
13380	1
13394	2
13399	1
13401	1
13418	1
13423	1
13425	1
13430	1
13466	1
13477	1
13479	1
13484	1
13494	1
13500	4
13509	1
13519	1
13526	1
13536	1
13541	1
13549	1
13569	1
13583	1
13589	1
13608	1
13609	1
13641	1
13668	1
13674	1
13687	1
13710	1
13717	1
13733	1
13735	1
13810	1
13834	1
13852	1
13857	1
13861	1
13868	2
13873	1
13874	1
13887	1
13889	1
13902	1
13909	1
13934	1
13944	1
13953	1
13996	1
14001	1
14002	1
14012	1
14020	1
14035	1
14045	1
14056	1
14058	1
14073	1
14074	1
14081	1
14083	2
14092	1
14118	1
14140	1
14142	1
14160	1
14202	1
14214	1
14237	1
14239	1
14256	1
14261	1
14295	1
14297	1
14308	1
14340	1
14369	1
14393	1
14417	2
14424	1
14432	1
14443	1
14446	1
14513	1
14517	1
14526	1
14609	1
14629	1
14634	1
14639	1
14671	2
14683	1
14692	1
14735	1
14739	1
14760	1
14770	1
14800	1
14813	1
14838	1
14842	1
14843	1
14917	1
14928	1
14948	1
14954	1
15006	1
15090	1
15097	1
15100	1
15151	1
15189	1
15194	1
15214	1
15244	1
15260	1
15284	1
15302	1
15334	1
15347	1
15370	1
15382	1
15397	1
15454	1
15463	1
15466	1
15515	1
15529	1
15545	1
15579	1
15582	1
15584	1
15596	1
15658	1
15662	1
15678	1
15693	1
15730	1
15735	1
15736	1
15795	1
15802	1
15807	1
15839	1
15866	1
15888	1
15901	1
15965	1
15968	1
16032	1
16040	1
16044	2
16086	1
16101	1
16116	1
16132	1
16178	1
16188	1
16203	1
16283	1
16405	1
16413	1
16424	1
16466	2
16506	2
16517	1
16520	1
16577	1
16589	1
16663	1
16710	1
16711	1
16730	1
16744	2
16777	1
16797	1
16831	1
16863	1
16887	1
17032	1
17060	1
17085	1
17142	1
17173	1
17174	1
17195	1
17196	1
17228	1
17233	1
17253	1
17296	1
17347	1
17410	1
17411	2
17487	1
17497	1
17521	1
17570	1
17625	1
17725	1
17738	1
17761	1
17767	1
17823	1
17898	1
17953	1
17986	2
18002	1
18033	1
18038	1
18056	1
18090	1
18112	1
18119	1
18152	1
18174	1
18223	1
18228	1
18288	1
18358	1
18362	1
18363	1
18396	2
18409	1
18465	1
18466	1
18521	1
18597	1
18606	1
18654	1
18754	1
18880	1
18889	1
18988	1
19025	1
19034	1
19199	1
19229	1
19266	1
19313	1
19422	1
19472	1
19527	1
19528	1
19535	1
19570	1
19611	2
19667	1
19683	1
19718	1
19922	1
20062	1
20079	1
20140	1
20190	1
20211	1
20291	1
20317	1
20341	1
20355	1
20449	1
20716	1
20909	1
21046	1
21158	1
21262	1
21401	1
21573	1
21643	1
21795	1
21913	1
21949	1
21963	1
21969	1
22048	1
22203	1
22271	1
22464	1
22480	1
22482	1
22654	1
22714	1
22890	1
22891	1
22964	1
23018	1
23175	1
23211	1
23357	1
23493	1
23675	2
23882	1
23996	1
24015	1
24684	1
24777	1
24880	1
25004	1
25153	1
25193	1
25206	1
25271	1
25579	1
25824	1
26341	1
26366	1
26614	1
26754	1
26828	1
26834	1
27265	1
27323	1
27358	1
27604	1
27677	1
27735	1
27856	1
27999	1
28249	1
28339	1
28784	1
29117	1
29160	1
29662	1
29664	1
29671	1
29806	1
29909	1
30541	1
31940	1
32111	1
32382	1
32800	1
34301	1
35038	1
35760	1
36706	1
36825	1
40076	1
40121	1
43540	1
44592	1
45093	1
51202	1
54712	1
55931	1
70329	1
73557	1
73701	1
84465	1
86060	1
96650	1
124961	1
3000684	1
