fragment_length	frequency
80	2082
82	436
83	290
84	251
85	254
86	219
87	180
88	271
89	218
90	167
91	173
92	203
93	130
94	185
95	339
96	171
97	179
98	134
99	143
100	129
101	151
102	179
103	146
104	116
105	123
106	166
107	253
108	92
109	99
110	107
111	104
112	85
113	115
114	115
115	113
116	242
117	342
118	101
119	108
120	95
121	90
122	109
123	90
124	125
125	113
126	100
127	148
128	128
129	125
130	110
131	102
132	105
133	94
134	162
135	145
136	98
137	94
138	89
139	90
140	96
141	108
142	99
143	111
144	104
145	93
146	86
147	83
148	106
149	79
150	81
151	74
152	83
153	86
154	107
155	142
156	79
157	99
158	98
159	102
160	80
161	79
162	75
163	102
164	88
165	94
166	82
167	109
168	105
169	98
170	108
171	194
172	134
173	109
174	171
175	98
176	100
177	108
178	109
179	113
180	80
181	88
182	105
183	101
184	90
185	109
186	160
187	91
188	84
189	92
190	93
191	99
192	79
193	94
194	114
195	77
196	84
197	79
198	84
199	82
200	92
201	108
202	101
203	89
204	79
205	87
206	85
207	93
208	114
209	81
210	93
211	93
212	81
213	88
214	91
215	72
216	93
217	103
218	84
219	98
220	72
221	79
222	88
223	85
224	95
225	100
226	84
227	94
228	85
229	88
230	81
231	73
232	89
233	104
234	103
235	92
236	90
237	92
238	104
239	95
240	113
241	153
242	108
243	108
244	114
245	109
246	110
247	71
248	101
249	92
250	129
251	128
252	208
253	112
254	97
255	89
256	87
257	102
258	97
259	86
260	68
261	90
262	65
263	97
264	88
265	95
266	151
267	74
268	76
269	82
270	86
271	71
272	62
273	64
274	91
275	77
276	71
277	72
278	82
279	87
280	88
281	60
282	63
283	71
284	83
285	82
286	67
287	82
288	69
289	88
290	88
291	75
292	77
293	75
294	85
295	71
296	70
297	62
298	98
299	74
300	75
301	79
302	70
303	65
304	89
305	70
306	67
307	70
308	73
309	60
310	65
311	66
312	80
313	89
314	79
315	72
316	58
317	83
318	53
319	69
320	66
321	66
322	58
323	69
324	77
325	83
326	74
327	71
328	105
329	81
330	85
331	64
332	75
333	75
334	71
335	73
336	72
337	62
338	77
339	71
340	71
341	59
342	67
343	68
344	64
345	80
346	74
347	72
348	62
349	76
350	75
351	56
352	69
353	86
354	81
355	58
356	75
357	64
358	74
359	80
360	71
361	77
362	72
363	71
364	70
365	70
366	71
367	50
368	63
369	72
370	65
371	71
372	68
373	70
374	60
375	62
376	73
377	76
378	58
379	64
380	61
381	58
382	60
383	70
384	58
385	65
386	59
387	77
388	54
389	65
390	82
391	72
392	65
393	69
394	65
395	55
396	58
397	50
398	69
399	61
400	65
401	63
402	68
403	71
404	58
405	54
406	60
407	60
408	72
409	68
410	73
411	63
412	88
413	75
414	58
415	57
416	71
417	70
418	61
419	55
420	71
421	63
422	66
423	52
424	65
425	73
426	78
427	69
428	65
429	77
430	61
431	58
432	87
433	62
434	71
435	99
436	81
437	71
438	73
439	63
440	69
441	55
442	68
443	69
444	53
445	60
446	65
447	71
448	51
449	56
450	72
451	60
452	58
453	66
454	47
455	64
456	58
457	70
458	55
459	54
460	73
461	56
462	56
463	52
464	57
465	56
466	61
467	53
468	66
469	46
470	56
471	78
472	54
473	47
474	63
475	60
476	72
477	60
478	68
479	59
480	75
481	71
482	64
483	55
484	49
485	55
486	61
487	60
488	57
489	66
490	64
491	52
492	48
493	52
494	75
495	44
496	65
497	77
498	61
499	70
500	55
501	53
502	45
503	59
504	53
505	59
506	52
507	60
508	70
509	66
510	54
511	69
512	48
513	53
514	73
515	76
516	56
517	51
518	61
519	63
520	51
521	56
522	73
523	60
524	59
525	68
526	68
527	71
528	51
529	48
530	49
531	56
532	76
533	51
534	57
535	61
536	59
537	48
538	58
539	59
540	59
541	60
542	48
543	58
544	60
545	61
546	50
547	52
548	49
549	61
550	59
551	51
552	59
553	57
554	55
555	43
556	56
557	48
558	48
559	53
560	52
561	64
562	50
563	52
564	64
565	47
566	57
567	57
568	45
569	54
570	48
571	60
572	45
573	49
574	56
575	57
576	51
577	53
578	57
579	48
580	49
581	55
582	70
583	58
584	62
585	46
586	48
587	42
588	52
589	48
590	49
591	58
592	55
593	69
594	46
595	59
596	53
597	57
598	46
599	49
600	62
601	54
602	52
603	52
604	65
605	69
606	43
607	72
608	54
609	50
610	49
611	69
612	63
613	47
614	54
615	53
616	49
617	53
618	55
619	55
620	60
621	60
622	48
623	51
624	45
625	60
626	49
627	57
628	51
629	44
630	45
631	41
632	54
633	55
634	51
635	46
636	54
637	51
638	59
639	43
640	58
641	56
642	54
643	53
644	62
645	47
646	55
647	56
648	55
649	54
650	56
651	54
652	63
653	33
654	61
655	42
656	61
657	47
658	45
659	59
660	41
661	50
662	56
663	41
664	58
665	72
666	47
667	49
668	58
669	49
670	43
671	45
672	66
673	50
674	62
675	55
676	56
677	38
678	46
679	44
680	54
681	53
682	46
683	56
684	47
685	44
686	57
687	50
688	53
689	54
690	52
691	38
692	54
693	44
694	45
695	51
696	44
697	40
698	46
699	50
700	56
701	50
702	51
703	42
704	43
705	42
706	43
707	57
708	48
709	49
710	49
711	56
712	37
713	41
714	43
715	46
716	52
717	61
718	49
719	43
720	51
721	50
722	52
723	48
724	37
725	51
726	51
727	52
728	54
729	40
730	46
731	52
732	47
733	46
734	43
735	41
736	47
737	38
738	60
739	49
740	37
741	47
742	43
743	41
744	46
745	59
746	47
747	52
748	38
749	55
750	51
751	51
752	52
753	44
754	62
755	57
756	45
757	56
758	47
759	54
760	63
761	58
762	46
763	53
764	52
765	62
766	52
767	63
768	58
769	49
770	52
771	56
772	40
773	56
774	49
775	47
776	48
777	37
778	49
779	44
780	43
781	46
782	48
783	53
784	36
785	56
786	45
787	53
788	50
789	41
790	42
791	39
792	35
793	39
794	50
795	56
796	55
797	48
798	47
799	47
800	38
801	66
802	55
803	58
804	49
805	49
806	31
807	58
808	39
809	50
810	46
811	49
812	47
813	45
814	40
815	52
816	54
817	42
818	48
819	37
820	49
821	42
822	48
823	48
824	44
825	46
826	48
827	56
828	45
829	42
830	48
831	42
832	43
833	46
834	50
835	47
836	39
837	53
838	32
839	60
840	48
841	48
842	50
843	37
844	35
845	48
846	44
847	43
848	42
849	43
850	59
851	55
852	47
853	42
854	47
855	45
856	38
857	48
858	44
859	41
860	54
861	45
862	50
863	45
864	41
865	53
866	40
867	57
868	44
869	52
870	48
871	45
872	39
873	46
874	42
875	41
876	39
877	51
878	39
879	38
880	61
881	44
882	46
883	34
884	42
885	47
886	37
887	49
888	45
889	39
890	39
891	46
892	53
893	47
894	52
895	55
896	50
897	46
898	50
899	28
900	32
901	64
902	38
903	38
904	40
905	31
906	42
907	31
908	47
909	30
910	53
911	38
912	41
913	45
914	34
915	45
916	35
917	47
918	45
919	36
920	36
921	42
922	38
923	45
924	43
925	46
926	43
927	52
928	40
929	41
930	39
931	36
932	36
933	57
934	45
935	35
936	42
937	42
938	49
939	47
940	33
941	35
942	44
943	52
944	37
945	61
946	42
947	41
948	37
949	44
950	42
951	36
952	50
953	39
954	48
955	35
956	39
957	29
958	47
959	50
960	52
961	53
962	44
963	43
964	44
965	40
966	45
967	42
968	37
969	37
970	40
971	46
972	46
973	38
974	38
975	42
976	45
977	40
978	45
979	45
980	44
981	39
982	46
983	41
984	36
985	50
986	54
987	35
988	40
989	38
990	50
991	38
992	48
993	51
994	45
995	39
996	36
997	40
998	37
999	33
1000	44
1001	43
1002	44
1003	42
1004	44
1005	41
1006	37
1007	41
1008	46
1009	36
1010	48
1011	42
1012	48
1013	37
1014	44
1015	41
1016	45
1017	54
1018	45
1019	46
1020	36
1021	36
1022	41
1023	33
1024	43
1025	42
1026	40
1027	38
1028	48
1029	45
1030	47
1031	47
1032	25
1033	45
1034	52
1035	37
1036	40
1037	39
1038	46
1039	54
1040	52
1041	33
1042	47
1043	40
1044	43
1045	43
1046	35
1047	44
1048	42
1049	30
1050	38
1051	41
1052	47
1053	47
1054	38
1055	41
1056	44
1057	38
1058	42
1059	36
1060	35
1061	45
1062	38
1063	51
1064	38
1065	37
1066	42
1067	28
1068	41
1069	45
1070	36
1071	50
1072	43
1073	31
1074	47
1075	40
1076	51
1077	51
1078	33
1079	42
1080	42
1081	39
1082	33
1083	54
1084	44
1085	42
1086	34
1087	48
1088	35
1089	32
1090	49
1091	47
1092	34
1093	42
1094	49
1095	60
1096	48
1097	40
1098	39
1099	39
1100	28
1101	38
1102	40
1103	35
1104	41
1105	38
1106	39
1107	48
1108	37
1109	47
1110	33
1111	39
1112	50
1113	46
1114	32
1115	41
1116	33
1117	32
1118	28
1119	36
1120	38
1121	43
1122	31
1123	40
1124	38
1125	45
1126	27
1127	27
1128	33
1129	40
1130	34
1131	50
1132	33
1133	27
1134	41
1135	46
1136	36
1137	39
1138	37
1139	25
1140	36
1141	30
1142	37
1143	50
1144	34
1145	39
1146	38
1147	30
1148	37
1149	42
1150	38
1151	19
1152	29
1153	27
1154	34
1155	47
1156	28
1157	44
1158	37
1159	36
1160	32
1161	37
1162	28
1163	38
1164	40
1165	34
1166	44
1167	45
1168	31
1169	41
1170	44
1171	37
1172	41
1173	40
1174	35
1175	34
1176	36
1177	34
1178	39
1179	46
1180	33
1181	37
1182	32
1183	36
1184	36
1185	38
1186	41
1187	38
1188	30
1189	48
1190	45
1191	38
1192	47
1193	34
1194	24
1195	31
1196	36
1197	41
1198	42
1199	36
1200	29
1201	41
1202	35
1203	41
1204	34
1205	39
1206	42
1207	34
1208	34
1209	53
1210	42
1211	30
1212	44
1213	32
1214	29
1215	40
1216	29
1217	34
1218	37
1219	34
1220	38
1221	35
1222	39
1223	38
1224	35
1225	36
1226	36
1227	38
1228	34
1229	44
1230	38
1231	27
1232	32
1233	33
1234	31
1235	33
1236	38
1237	39
1238	37
1239	38
1240	41
1241	38
1242	42
1243	31
1244	39
1245	38
1246	46
1247	33
1248	40
1249	42
1250	45
1251	39
1252	39
1253	48
1254	44
1255	41
1256	44
1257	42
1258	39
1259	39
1260	39
1261	32
1262	35
1263	36
1264	30
1265	34
1266	32
1267	34
1268	30
1269	36
1270	36
1271	43
1272	38
1273	26
1274	37
1275	30
1276	40
1277	33
1278	27
1279	38
1280	34
1281	35
1282	32
1283	27
1284	40
1285	37
1286	31
1287	41
1288	30
1289	40
1290	29
1291	42
1292	52
1293	33
1294	35
1295	29
1296	36
1297	37
1298	39
1299	39
1300	41
1301	40
1302	26
1303	45
1304	38
1305	40
1306	30
1307	38
1308	40
1309	29
1310	41
1311	42
1312	42
1313	43
1314	35
1315	41
1316	40
1317	39
1318	43
1319	39
1320	36
1321	29
1322	32
1323	35
1324	45
1325	43
1326	40
1327	47
1328	25
1329	45
1330	49
1331	44
1332	35
1333	29
1334	27
1335	35
1336	39
1337	27
1338	49
1339	33
1340	31
1341	34
1342	32
1343	33
1344	32
1345	41
1346	28
1347	39
1348	31
1349	37
1350	33
1351	27
1352	37
1353	39
1354	33
1355	30
1356	39
1357	49
1358	26
1359	36
1360	37
1361	39
1362	35
1363	36
1364	33
1365	24
1366	33
1367	29
1368	47
1369	36
1370	48
1371	36
1372	27
1373	33
1374	32
1375	27
1376	36
1377	32
1378	38
1379	33
1380	37
1381	30
1382	37
1383	42
1384	32
1385	26
1386	27
1387	37
1388	33
1389	21
1390	37
1391	36
1392	40
1393	33
1394	34
1395	36
1396	40
1397	32
1398	44
1399	32
1400	22
1401	41
1402	31
1403	30
1404	35
1405	26
1406	31
1407	32
1408	43
1409	31
1410	34
1411	22
1412	39
1413	30
1414	40
1415	30
1416	38
1417	21
1418	30
1419	36
1420	32
1421	33
1422	37
1423	30
1424	29
1425	30
1426	30
1427	36
1428	27
1429	22
1430	28
1431	27
1432	41
1433	32
1434	41
1435	36
1436	27
1437	29
1438	30
1439	40
1440	30
1441	32
1442	26
1443	33
1444	33
1445	22
1446	34
1447	41
1448	33
1449	31
1450	26
1451	26
1452	42
1453	25
1454	33
1455	38
1456	29
1457	45
1458	32
1459	33
1460	30
1461	28
1462	31
1463	31
1464	25
1465	39
1466	39
1467	28
1468	25
1469	33
1470	36
1471	35
1472	38
1473	34
1474	35
1475	35
1476	36
1477	23
1478	37
1479	37
1480	25
1481	26
1482	30
1483	32
1484	41
1485	37
1486	34
1487	32
1488	30
1489	40
1490	39
1491	50
1492	35
1493	46
1494	27
1495	23
1496	35
1497	26
1498	34
1499	34
1500	31
1501	27
1502	38
1503	34
1504	36
1505	36
1506	27
1507	37
1508	25
1509	28
1510	33
1511	32
1512	32
1513	34
1514	31
1515	34
1516	34
1517	31
1518	27
1519	28
1520	24
1521	42
1522	44
1523	27
1524	42
1525	28
1526	31
1527	27
1528	26
1529	36
1530	38
1531	40
1532	34
1533	36
1534	22
1535	32
1536	34
1537	26
1538	20
1539	33
1540	43
1541	29
1542	36
1543	46
1544	30
1545	33
1546	34
1547	38
1548	21
1549	35
1550	35
1551	42
1552	32
1553	28
1554	25
1555	39
1556	31
1557	22
1558	26
1559	33
1560	31
1561	33
1562	31
1563	28
1564	44
1565	27
1566	24
1567	25
1568	26
1569	40
1570	38
1571	29
1572	37
1573	27
1574	31
1575	39
1576	20
1577	42
1578	32
1579	36
1580	29
1581	33
1582	25
1583	34
1584	26
1585	29
1586	31
1587	31
1588	26
1589	31
1590	24
1591	38
1592	23
1593	38
1594	35
1595	34
1596	33
1597	26
1598	32
1599	29
1600	30
1601	29
1602	33
1603	36
1604	29
1605	23
1606	42
1607	28
1608	43
1609	24
1610	24
1611	36
1612	36
1613	29
1614	28
1615	28
1616	37
1617	26
1618	29
1619	26
1620	19
1621	19
1622	27
1623	30
1624	32
1625	18
1626	42
1627	29
1628	29
1629	37
1630	30
1631	35
1632	30
1633	33
1634	20
1635	38
1636	26
1637	25
1638	33
1639	20
1640	30
1641	29
1642	35
1643	22
1644	29
1645	21
1646	31
1647	22
1648	27
1649	28
1650	25
1651	27
1652	32
1653	32
1654	33
1655	28
1656	26
1657	29
1658	33
1659	27
1660	24
1661	36
1662	35
1663	22
1664	38
1665	37
1666	31
1667	31
1668	31
1669	32
1670	36
1671	32
1672	33
1673	35
1674	17
1675	34
1676	26
1677	31
1678	39
1679	30
1680	28
1681	32
1682	17
1683	23
1684	23
1685	18
1686	24
1687	32
1688	29
1689	37
1690	21
1691	28
1692	34
1693	24
1694	45
1695	25
1696	29
1697	19
1698	30
1699	37
1700	23
1701	35
1702	41
1703	29
1704	33
1705	24
1706	27
1707	31
1708	30
1709	34
1710	24
1711	29
1712	27
1713	29
1714	29
1715	27
1716	19
1717	25
1718	29
1719	17
1720	24
1721	27
1722	34
1723	28
1724	30
1725	26
1726	40
1727	15
1728	19
1729	23
1730	31
1731	32
1732	33
1733	27
1734	33
1735	24
1736	24
1737	27
1738	30
1739	27
1740	31
1741	28
1742	27
1743	26
1744	27
1745	34
1746	35
1747	22
1748	32
1749	33
1750	32
1751	30
1752	28
1753	26
1754	29
1755	24
1756	28
1757	26
1758	35
1759	23
1760	18
1761	25
1762	37
1763	33
1764	40
1765	33
1766	25
1767	18
1768	26
1769	27
1770	26
1771	25
1772	33
1773	30
1774	23
1775	22
1776	32
1777	30
1778	25
1779	25
1780	19
1781	23
1782	30
1783	33
1784	23
1785	18
1786	19
1787	33
1788	23
1789	28
1790	28
1791	18
1792	30
1793	25
1794	37
1795	19
1796	28
1797	26
1798	29
1799	32
1800	27
1801	26
1802	29
1803	25
1804	26
1805	25
1806	26
1807	32
1808	32
1809	28
1810	19
1811	24
1812	18
1813	15
1814	21
1815	26
1816	22
1817	25
1818	27
1819	24
1820	21
1821	22
1822	21
1823	27
1824	21
1825	23
1826	38
1827	26
1828	32
1829	17
1830	29
1831	30
1832	27
1833	34
1834	32
1835	12
1836	29
1837	33
1838	28
1839	25
1840	29
1841	39
1842	22
1843	11
1844	24
1845	35
1846	41
1847	27
1848	22
1849	28
1850	21
1851	24
1852	26
1853	14
1854	24
1855	34
1856	26
1857	28
1858	27
1859	21
1860	26
1861	25
1862	27
1863	27
1864	23
1865	21
1866	22
1867	24
1868	28
1869	18
1870	27
1871	23
1872	25
1873	30
1874	34
1875	23
1876	25
1877	33
1878	30
1879	26
1880	25
1881	38
1882	22
1883	20
1884	36
1885	29
1886	29
1887	18
1888	28
1889	34
1890	33
1891	15
1892	22
1893	30
1894	29
1895	29
1896	26
1897	26
1898	28
1899	29
1900	29
1901	22
1902	19
1903	15
1904	21
1905	25
1906	30
1907	29
1908	29
1909	25
1910	27
1911	25
1912	28
1913	19
1914	31
1915	27
1916	30
1917	24
1918	27
1919	32
1920	35
1921	41
1922	22
1923	28
1924	23
1925	23
1926	26
1927	24
1928	25
1929	22
1930	28
1931	21
1932	18
1933	27
1934	21
1935	24
1936	20
1937	21
1938	33
1939	22
1940	27
1941	22
1942	28
1943	30
1944	26
1945	20
1946	30
1947	20
1948	35
1949	27
1950	29
1951	21
1952	34
1953	21
1954	23
1955	24
1956	27
1957	29
1958	25
1959	28
1960	22
1961	25
1962	28
1963	26
1964	22
1965	23
1966	24
1967	24
1968	29
1969	22
1970	20
1971	25
1972	17
1973	18
1974	29
1975	32
1976	29
1977	27
1978	24
1979	21
1980	24
1981	24
1982	27
1983	33
1984	22
1985	20
1986	17
1987	27
1988	27
1989	23
1990	25
1991	28
1992	19
1993	27
1994	15
1995	20
1996	23
1997	24
1998	20
1999	23
2000	21
2001	25
2002	33
2003	33
2004	27
2005	26
2006	34
2007	22
2008	24
2009	28
2010	23
2011	25
2012	22
2013	22
2014	20
2015	30
2016	17
2017	22
2018	22
2019	18
2020	25
2021	29
2022	20
2023	33
2024	23
2025	29
2026	19
2027	30
2028	18
2029	14
2030	26
2031	25
2032	18
2033	20
2034	21
2035	25
2036	25
2037	27
2038	23
2039	19
2040	33
2041	19
2042	23
2043	25
2044	17
2045	20
2046	15
2047	17
2048	25
2049	20
2050	29
2051	32
2052	36
2053	18
2054	24
2055	27
2056	20
2057	31
2058	23
2059	27
2060	21
2061	20
2062	23
2063	40
2064	25
2065	13
2066	22
2067	16
2068	22
2069	23
2070	19
2071	18
2072	30
2073	28
2074	21
2075	28
2076	18
2077	17
2078	23
2079	20
2080	21
2081	18
2082	21
2083	21
2084	29
2085	23
2086	25
2087	26
2088	27
2089	28
2090	30
2091	24
2092	24
2093	14
2094	14
2095	19
2096	27
2097	20
2098	23
2099	24
2100	25
2101	14
2102	19
2103	17
2104	32
2105	27
2106	19
2107	23
2108	20
2109	23
2110	26
2111	20
2112	19
2113	23
2114	23
2115	23
2116	20
2117	24
2118	20
2119	26
2120	27
2121	33
2122	26
2123	19
2124	26
2125	21
2126	24
2127	23
2128	29
2129	20
2130	23
2131	18
2132	21
2133	22
2134	19
2135	21
2136	28
2137	28
2138	15
2139	19
2140	23
2141	21
2142	31
2143	20
2144	20
2145	30
2146	17
2147	13
2148	23
2149	29
2150	24
2151	16
2152	22
2153	23
2154	24
2155	21
2156	26
2157	24
2158	33
2159	16
2160	21
2161	19
2162	16
2163	17
2164	21
2165	20
2166	22
2167	18
2168	31
2169	25
2170	16
2171	20
2172	22
2173	24
2174	14
2175	25
2176	23
2177	24
2178	22
2179	16
2180	25
2181	24
2182	25
2183	21
2184	24
2185	22
2186	23
2187	25
2188	21
2189	18
2190	26
2191	18
2192	13
2193	21
2194	23
2195	21
2196	22
2197	27
2198	38
2199	13
2200	13
2201	17
2202	19
2203	26
2204	20
2205	33
2206	20
2207	23
2208	16
2209	25
2210	27
2211	22
2212	22
2213	26
2214	17
2215	22
2216	17
2217	18
2218	15
2219	18
2220	23
2221	12
2222	21
2223	22
2224	23
2225	19
2226	25
2227	24
2228	18
2229	20
2230	22
2231	22
2232	17
2233	28
2234	27
2235	23
2236	22
2237	21
2238	30
2239	33
2240	24
2241	25
2242	34
2243	28
2244	15
2245	22
2246	22
2247	20
2248	18
2249	18
2250	19
2251	22
2252	12
2253	17
2254	23
2255	23
2256	24
2257	18
2258	23
2259	33
2260	16
2261	23
2262	10
2263	19
2264	20
2265	20
2266	18
2267	17
2268	18
2269	17
2270	21
2271	18
2272	26
2273	18
2274	21
2275	20
2276	23
2277	19
2278	31
2279	22
2280	12
2281	17
2282	18
2283	23
2284	24
2285	24
2286	16
2287	25
2288	25
2289	19
2290	16
2291	20
2292	15
2293	19
2294	16
2295	31
2296	23
2297	16
2298	23
2299	11
2300	11
2301	22
2302	18
2303	22
2304	29
2305	15
2306	19
2307	21
2308	20
2309	12
2310	24
2311	15
2312	15
2313	23
2314	20
2315	13
2316	9
2317	23
2318	18
2319	16
2320	23
2321	22
2322	20
2323	12
2324	13
2325	20
2326	18
2327	22
2328	17
2329	13
2330	23
2331	17
2332	28
2333	13
2334	22
2335	19
2336	15
2337	20
2338	19
2339	29
2340	18
2341	20
2342	16
2343	19
2344	17
2345	23
2346	27
2347	18
2348	16
2349	21
2350	26
2351	16
2352	9
2353	18
2354	20
2355	13
2356	18
2357	22
2358	20
2359	15
2360	20
2361	23
2362	20
2363	18
2364	14
2365	15
2366	16
2367	22
2368	22
2369	17
2370	17
2371	23
2372	18
2373	24
2374	18
2375	24
2376	19
2377	19
2378	19
2379	17
2380	20
2381	14
2382	21
2383	25
2384	23
2385	22
2386	23
2387	18
2388	20
2389	10
2390	24
2391	9
2392	20
2393	18
2394	13
2395	20
2396	11
2397	13
2398	24
2399	18
2400	24
2401	18
2402	22
2403	20
2404	17
2405	22
2406	19
2407	17
2408	15
2409	17
2410	16
2411	25
2412	20
2413	13
2414	10
2415	30
2416	19
2417	12
2418	26
2419	17
2420	18
2421	10
2422	23
2423	15
2424	20
2425	17
2426	19
2427	17
2428	21
2429	25
2430	18
2431	16
2432	20
2433	17
2434	23
2435	21
2436	21
2437	19
2438	17
2439	16
2440	15
2441	20
2442	15
2443	27
2444	21
2445	21
2446	20
2447	22
2448	15
2449	17
2450	19
2451	14
2452	20
2453	18
2454	15
2455	23
2456	17
2457	28
2458	13
2459	23
2460	20
2461	17
2462	30
2463	16
2464	22
2465	24
2466	16
2467	16
2468	28
2469	13
2470	20
2471	16
2472	17
2473	18
2474	19
2475	13
2476	14
2477	14
2478	22
2479	19
2480	24
2481	24
2482	23
2483	17
2484	16
2485	23
2486	22
2487	24
2488	12
2489	24
2490	18
2491	24
2492	19
2493	20
2494	20
2495	17
2496	15
2497	16
2498	19
2499	20
2500	15
2501	18
2502	13
2503	18
2504	21
2505	24
2506	15
2507	14
2508	23
2509	20
2510	14
2511	7
2512	22
2513	16
2514	20
2515	17
2516	28
2517	8
2518	25
2519	27
2520	22
2521	15
2522	20
2523	13
2524	22
2525	13
2526	21
2527	18
2528	14
2529	21
2530	20
2531	14
2532	18
2533	14
2534	21
2535	15
2536	19
2537	19
2538	24
2539	21
2540	8
2541	20
2542	20
2543	12
2544	17
2545	12
2546	12
2547	14
2548	17
2549	15
2550	20
2551	22
2552	15
2553	14
2554	19
2555	21
2556	14
2557	18
2558	21
2559	17
2560	13
2561	18
2562	22
2563	17
2564	19
2565	17
2566	19
2567	13
2568	16
2569	24
2570	24
2571	13
2572	18
2573	25
2574	9
2575	21
2576	16
2577	11
2578	22
2579	13
2580	21
2581	18
2582	19
2583	20
2584	18
2585	15
2586	21
2587	28
2588	20
2589	14
2590	13
2591	17
2592	17
2593	10
2594	26
2595	32
2596	21
2597	19
2598	18
2599	17
2600	15
2601	18
2602	18
2603	24
2604	14
2605	13
2606	15
2607	21
2608	10
2609	26
2610	17
2611	12
2612	20
2613	24
2614	17
2615	18
2616	17
2617	24
2618	23
2619	17
2620	19
2621	20
2622	22
2623	14
2624	16
2625	19
2626	23
2627	17
2628	14
2629	16
2630	17
2631	13
2632	21
2633	19
2634	9
2635	13
2636	18
2637	17
2638	15
2639	18
2640	15
2641	13
2642	14
2643	12
2644	21
2645	11
2646	15
2647	14
2648	13
2649	17
2650	17
2651	8
2652	9
2653	14
2654	18
2655	19
2656	17
2657	14
2658	19
2659	13
2660	16
2661	18
2662	20
2663	14
2664	17
2665	21
2666	18
2667	8
2668	14
2669	19
2670	21
2671	18
2672	22
2673	24
2674	23
2675	17
2676	20
2677	14
2678	9
2679	19
2680	16
2681	14
2682	10
2683	14
2684	21
2685	11
2686	14
2687	9
2688	10
2689	19
2690	16
2691	18
2692	17
2693	16
2694	12
2695	12
2696	17
2697	20
2698	16
2699	21
2700	10
2701	27
2702	18
2703	17
2704	10
2705	15
2706	17
2707	17
2708	19
2709	16
2710	33
2711	12
2712	20
2713	17
2714	23
2715	22
2716	16
2717	14
2718	13
2719	18
2720	15
2721	19
2722	17
2723	11
2724	19
2725	13
2726	14
2727	15
2728	15
2729	19
2730	12
2731	17
2732	12
2733	14
2734	12
2735	13
2736	16
2737	20
2738	12
2739	22
2740	18
2741	18
2742	18
2743	15
2744	18
2745	15
2746	13
2747	13
2748	10
2749	13
2750	15
2751	16
2752	18
2753	13
2754	18
2755	22
2756	13
2757	17
2758	17
2759	9
2760	11
2761	19
2762	16
2763	12
2764	15
2765	19
2766	16
2767	17
2768	14
2769	13
2770	14
2771	12
2772	18
2773	17
2774	17
2775	20
2776	21
2777	14
2778	17
2779	10
2780	18
2781	20
2782	19
2783	20
2784	11
2785	14
2786	15
2787	10
2788	14
2789	13
2790	19
2791	18
2792	21
2793	11
2794	14
2795	23
2796	19
2797	15
2798	18
2799	11
2800	21
2801	21
2802	20
2803	13
2804	19
2805	16
2806	24
2807	14
2808	14
2809	15
2810	10
2811	20
2812	9
2813	15
2814	18
2815	16
2816	14
2817	19
2818	20
2819	23
2820	20
2821	8
2822	17
2823	17
2824	19
2825	19
2826	13
2827	22
2828	14
2829	13
2830	10
2831	12
2832	17
2833	11
2834	9
2835	20
2836	12
2837	15
2838	18
2839	14
2840	17
2841	20
2842	18
2843	19
2844	16
2845	11
2846	18
2847	17
2848	12
2849	11
2850	13
2851	19
2852	15
2853	14
2854	10
2855	6
2856	15
2857	16
2858	14
2859	19
2860	11
2861	8
2862	18
2863	16
2864	10
2865	7
2866	15
2867	13
2868	15
2869	13
2870	14
2871	13
2872	14
2873	24
2874	16
2875	5
2876	12
2877	20
2878	11
2879	10
2880	20
2881	9
2882	17
2883	9
2884	14
2885	10
2886	9
2887	11
2888	15
2889	14
2890	16
2891	11
2892	19
2893	16
2894	16
2895	17
2896	14
2897	14
2898	15
2899	17
2900	14
2901	14
2902	11
2903	20
2904	9
2905	15
2906	16
2907	25
2908	13
2909	8
2910	20
2911	12
2912	13
2913	15
2914	19
2915	16
2916	18
2917	17
2918	11
2919	14
2920	16
2921	14
2922	10
2923	17
2924	20
2925	13
2926	14
2927	12
2928	17
2929	13
2930	5
2931	16
2932	17
2933	17
2934	13
2935	13
2936	9
2937	15
2938	17
2939	15
2940	17
2941	16
2942	17
2943	17
2944	16
2945	16
2946	10
2947	18
2948	28
2949	14
2950	7
2951	15
2952	13
2953	17
2954	16
2955	12
2956	11
2957	16
2958	9
2959	12
2960	19
2961	9
2962	15
2963	6
2964	17
2965	16
2966	7
2967	11
2968	18
2969	13
2970	9
2971	19
2972	6
2973	17
2974	17
2975	16
2976	16
2977	18
2978	17
2979	15
2980	16
2981	16
2982	9
2983	20
2984	16
2985	18
2986	15
2987	16
2988	18
2989	10
2990	11
2991	9
2992	10
2993	11
2994	14
2995	15
2996	25
2997	17
2998	7
2999	14
3000	13
3001	8
3002	17
3003	18
3004	9
3005	18
3006	13
3007	11
3008	19
3009	12
3010	15
3011	17
3012	25
3013	12
3014	12
3015	14
3016	14
3017	10
3018	13
3019	12
3020	12
3021	7
3022	18
3023	10
3024	14
3025	15
3026	16
3027	15
3028	11
3029	13
3030	11
3031	11
3032	14
3033	11
3034	12
3035	16
3036	8
3037	16
3038	12
3039	12
3040	19
3041	19
3042	11
3043	17
3044	14
3045	15
3046	15
3047	7
3048	14
3049	7
3050	9
3051	12
3052	11
3053	12
3054	7
3055	10
3056	15
3057	14
3058	14
3059	16
3060	6
3061	18
3062	18
3063	9
3064	15
3065	12
3066	14
3067	10
3068	18
3069	11
3070	12
3071	13
3072	9
3073	8
3074	8
3075	7
3076	13
3077	13
3078	8
3079	16
3080	14
3081	11
3082	13
3083	8
3084	24
3085	18
3086	12
3087	17
3088	10
3089	11
3090	10
3091	21
3092	15
3093	11
3094	18
3095	13
3096	11
3097	13
3098	16
3099	7
3100	19
3101	13
3102	6
3103	13
3104	6
3105	8
3106	14
3107	16
3108	14
3109	20
3110	10
3111	15
3112	9
3113	13
3114	13
3115	7
3116	14
3117	11
3118	8
3119	16
3120	7
3121	11
3122	19
3123	13
3124	15
3125	11
3126	12
3127	12
3128	10
3129	18
3130	14
3131	19
3132	16
3133	12
3134	18
3135	17
3136	13
3137	7
3138	14
3139	18
3140	16
3141	13
3142	11
3143	12
3144	10
3145	11
3146	14
3147	10
3148	12
3149	16
3150	13
3151	14
3152	11
3153	14
3154	5
3155	8
3156	12
3157	16
3158	14
3159	10
3160	13
3161	13
3162	17
3163	8
3164	8
3165	8
3166	11
3167	11
3168	17
3169	18
3170	14
3171	11
3172	12
3173	13
3174	11
3175	14
3176	11
3177	20
3178	11
3179	12
3180	14
3181	11
3182	13
3183	14
3184	12
3185	16
3186	14
3187	14
3188	16
3189	9
3190	11
3191	14
3192	10
3193	20
3194	16
3195	14
3196	12
3197	18
3198	14
3199	10
3200	6
3201	13
3202	11
3203	12
3204	12
3205	8
3206	13
3207	15
3208	19
3209	14
3210	13
3211	16
3212	9
3213	8
3214	13
3215	11
3216	12
3217	16
3218	13
3219	18
3220	7
3221	9
3222	9
3223	8
3224	11
3225	11
3226	13
3227	15
3228	16
3229	16
3230	8
3231	13
3232	11
3233	18
3234	7
3235	12
3236	12
3237	12
3238	8
3239	16
3240	14
3241	11
3242	13
3243	8
3244	16
3245	14
3246	11
3247	3
3248	9
3249	10
3250	14
3251	9
3252	9
3253	6
3254	17
3255	6
3256	12
3257	17
3258	9
3259	11
3260	7
3261	10
3262	12
3263	12
3264	9
3265	5
3266	9
3267	17
3268	8
3269	15
3270	16
3271	10
3272	9
3273	11
3274	13
3275	15
3276	15
3277	16
3278	19
3279	5
3280	7
3281	10
3282	4
3283	14
3284	11
3285	15
3286	11
3287	12
3288	7
3289	8
3290	6
3291	14
3292	8
3293	15
3294	6
3295	5
3296	12
3297	9
3298	13
3299	11
3300	12
3301	13
3302	9
3303	12
3304	14
3305	9
3306	18
3307	15
3308	15
3309	11
3310	12
3311	11
3312	11
3313	16
3314	14
3315	10
3316	13
3317	12
3318	17
3319	8
3320	13
3321	21
3322	10
3323	16
3324	12
3325	7
3326	14
3327	16
3328	8
3329	9
3330	11
3331	14
3332	9
3333	12
3334	10
3335	11
3336	8
3337	17
3338	12
3339	10
3340	13
3341	13
3342	13
3343	12
3344	8
3345	9
3346	16
3347	8
3348	11
3349	15
3350	9
3351	18
3352	13
3353	14
3354	12
3355	15
3356	17
3357	8
3358	7
3359	13
3360	14
3361	13
3362	15
3363	14
3364	15
3365	20
3366	8
3367	10
3368	7
3369	7
3370	15
3371	11
3372	16
3373	12
3374	9
3375	8
3376	17
3377	10
3378	9
3379	10
3380	15
3381	14
3382	7
3383	10
3384	9
3385	10
3386	10
3387	19
3388	7
3389	12
3390	15
3391	10
3392	12
3393	13
3394	12
3395	10
3396	11
3397	16
3398	10
3399	13
3400	12
3401	12
3402	15
3403	17
3404	16
3405	10
3406	4
3407	16
3408	14
3409	16
3410	12
3411	13
3412	19
3413	9
3414	12
3415	10
3416	9
3417	13
3418	13
3419	14
3420	12
3421	14
3422	11
3423	9
3424	8
3425	10
3426	14
3427	9
3428	8
3429	13
3430	10
3431	10
3432	14
3433	11
3434	11
3435	9
3436	9
3437	10
3438	10
3439	12
3440	11
3441	3
3442	12
3443	7
3444	8
3445	10
3446	10
3447	9
3448	11
3449	11
3450	10
3451	13
3452	10
3453	14
3454	11
3455	12
3456	12
3457	4
3458	9
3459	9
3460	11
3461	13
3462	5
3463	12
3464	15
3465	7
3466	15
3467	11
3468	7
3469	14
3470	6
3471	6
3472	12
3473	12
3474	12
3475	13
3476	11
3477	6
3478	16
3479	10
3480	13
3481	10
3482	17
3483	16
3484	15
3485	16
3486	11
3487	10
3488	16
3489	6
3490	8
3491	6
3492	10
3493	7
3494	4
3495	12
3496	16
3497	8
3498	9
3499	13
3500	10
3501	10
3502	7
3503	14
3504	10
3505	10
3506	8
3507	11
3508	9
3509	8
3510	10
3511	11
3512	11
3513	14
3514	7
3515	16
3516	15
3517	9
3518	15
3519	15
3520	10
3521	8
3522	17
3523	8
3524	14
3525	15
3526	8
3527	5
3528	14
3529	11
3530	12
3531	19
3532	4
3533	8
3534	9
3535	11
3536	14
3537	7
3538	10
3539	6
3540	11
3541	17
3542	12
3543	8
3544	8
3545	5
3546	9
3547	6
3548	11
3549	6
3550	13
3551	9
3552	9
3553	17
3554	10
3555	11
3556	11
3557	8
3558	15
3559	12
3560	14
3561	14
3562	10
3563	14
3564	9
3565	11
3566	16
3567	7
3568	8
3569	9
3570	9
3571	12
3572	10
3573	9
3574	8
3575	14
3576	21
3577	10
3578	15
3579	15
3580	5
3581	17
3582	9
3583	8
3584	7
3585	10
3586	9
3587	11
3588	5
3589	8
3590	10
3591	12
3592	11
3593	8
3594	6
3595	11
3596	11
3597	11
3598	9
3599	15
3600	12
3601	11
3602	10
3603	6
3604	7
3605	10
3606	12
3607	6
3608	10
3609	7
3610	11
3611	12
3612	13
3613	8
3614	9
3615	8
3616	8
3617	11
3618	7
3619	6
3620	4
3621	4
3622	10
3623	4
3624	12
3625	10
3626	12
3627	4
3628	10
3629	15
3630	11
3631	13
3632	17
3633	7
3634	12
3635	13
3636	11
3637	5
3638	7
3639	11
3640	9
3641	17
3642	8
3643	15
3644	10
3645	10
3646	10
3647	9
3648	7
3649	10
3650	8
3651	5
3652	6
3653	4
3654	16
3655	10
3656	9
3657	13
3658	10
3659	19
3660	14
3661	6
3662	8
3663	11
3664	10
3665	12
3666	6
3667	13
3668	10
3669	11
3670	9
3671	11
3672	15
3673	11
3674	7
3675	6
3676	12
3677	13
3678	6
3679	7
3680	9
3681	9
3682	6
3683	12
3684	6
3685	10
3686	10
3687	7
3688	7
3689	6
3690	11
3691	12
3692	14
3693	6
3694	11
3695	12
3696	7
3697	16
3698	11
3699	8
3700	10
3701	10
3702	7
3703	8
3704	7
3705	8
3706	8
3707	10
3708	16
3709	11
3710	15
3711	11
3712	8
3713	17
3714	12
3715	9
3716	3
3717	10
3718	6
3719	6
3720	10
3721	10
3722	13
3723	5
3724	8
3725	10
3726	14
3727	5
3728	9
3729	7
3730	12
3731	14
3732	9
3733	13
3734	4
3735	5
3736	7
3737	8
3738	8
3739	12
3740	7
3741	15
3742	8
3743	9
3744	10
3745	7
3746	9
3747	3
3748	12
3749	12
3750	9
3751	5
3752	11
3753	7
3754	11
3755	8
3756	11
3757	15
3758	8
3759	10
3760	7
3761	8
3762	6
3763	11
3764	18
3765	10
3766	6
3767	11
3768	6
3769	5
3770	8
3771	13
3772	6
3773	9
3774	13
3775	5
3776	15
3777	12
3778	8
3779	14
3780	8
3781	10
3782	6
3783	7
3784	10
3785	9
3786	10
3787	11
3788	5
3789	12
3790	10
3791	5
3792	8
3793	7
3794	11
3795	10
3796	8
3797	13
3798	14
3799	13
3800	10
3801	5
3802	11
3803	11
3804	6
3805	8
3806	14
3807	15
3808	6
3809	14
3810	13
3811	10
3812	10
3813	7
3814	9
3815	8
3816	9
3817	6
3818	5
3819	6
3820	10
3821	12
3822	13
3823	11
3824	9
3825	10
3826	4
3827	8
3828	6
3829	6
3830	14
3831	7
3832	6
3833	9
3834	10
3835	8
3836	12
3837	10
3838	10
3839	10
3840	15
3841	3
3842	9
3843	6
3844	9
3845	7
3846	11
3847	10
3848	9
3849	10
3850	9
3851	5
3852	8
3853	9
3854	9
3855	9
3856	5
3857	9
3858	10
3859	9
3860	9
3861	10
3862	9
3863	5
3864	9
3865	10
3866	11
3867	7
3868	12
3869	9
3870	6
3871	4
3872	3
3873	9
3874	8
3875	11
3876	9
3877	13
3878	10
3879	6
3880	8
3881	16
3882	8
3883	4
3884	11
3885	7
3886	14
3887	11
3888	6
3889	9
3890	6
3891	8
3892	10
3893	11
3894	7
3895	5
3896	7
3897	7
3898	7
3899	15
3900	11
3901	9
3902	5
3903	6
3904	9
3905	10
3906	9
3907	5
3908	7
3909	18
3910	9
3911	11
3912	6
3913	8
3914	7
3915	11
3916	7
3917	9
3918	3
3919	12
3920	9
3921	13
3922	7
3923	9
3924	8
3925	8
3926	7
3927	8
3928	8
3929	9
3930	9
3931	6
3932	10
3933	7
3934	7
3935	10
3936	6
3937	7
3938	6
3939	9
3940	6
3941	6
3942	7
3943	8
3944	2
3945	14
3946	6
3947	6
3948	10
3949	11
3950	11
3951	12
3952	9
3953	13
3954	4
3955	13
3956	8
3957	7
3958	8
3959	5
3960	13
3961	6
3962	7
3963	3
3964	10
3965	5
3966	13
3967	14
3968	4
3969	8
3970	6
3971	3
3972	4
3973	5
3974	7
3975	8
3976	8
3977	10
3978	6
3979	10
3980	4
3981	7
3982	10
3983	8
3984	9
3985	12
3986	10
3987	11
3988	7
3989	8
3990	5
3991	12
3992	13
3993	9
3994	9
3995	7
3996	4
3997	9
3998	12
3999	5
4000	5
4001	12
4002	7
4003	6
4004	8
4005	9
4006	5
4007	7
4008	4
4009	7
4010	7
4011	9
4012	5
4013	4
4014	11
4015	8
4016	11
4017	9
4018	9
4019	8
4020	5
4021	7
4022	9
4023	10
4024	10
4025	4
4026	6
4027	11
4028	7
4029	12
4030	2
4031	9
4032	8
4033	12
4034	7
4035	11
4036	12
4037	7
4038	4
4039	6
4040	7
4041	10
4042	3
4043	7
4044	7
4045	3
4046	6
4047	15
4048	5
4049	3
4050	8
4051	9
4052	4
4053	1
4054	15
4055	7
4056	10
4057	7
4058	7
4059	9
4060	13
4061	9
4062	5
4063	9
4064	9
4065	6
4066	8
4067	7
4068	6
4069	6
4070	4
4071	8
4072	11
4073	4
4074	7
4075	9
4076	8
4077	9
4078	7
4079	8
4080	11
4081	6
4082	11
4083	10
4084	5
4085	5
4086	7
4087	4
4088	7
4089	4
4090	9
4091	5
4092	11
4093	10
4094	8
4095	7
4096	7
4097	9
4098	5
4099	6
4100	7
4101	7
4102	6
4103	9
4104	12
4105	8
4106	7
4107	10
4108	5
4109	8
4110	7
4111	5
4112	9
4113	5
4114	5
4115	6
4116	9
4117	7
4118	3
4119	12
4120	6
4121	5
4122	12
4123	6
4124	5
4125	10
4126	5
4127	7
4128	10
4129	8
4130	8
4131	12
4132	7
4133	6
4134	8
4135	10
4136	6
4137	3
4138	8
4139	6
4140	5
4141	9
4142	10
4143	9
4144	7
4145	8
4146	5
4147	3
4148	7
4149	2
4150	9
4151	10
4152	11
4153	7
4154	10
4155	15
4156	9
4157	6
4158	10
4159	8
4160	13
4161	15
4162	5
4163	13
4164	5
4165	11
4166	4
4167	2
4168	12
4169	6
4170	4
4171	3
4172	9
4173	7
4174	10
4175	7
4176	6
4177	8
4178	8
4179	13
4180	14
4181	5
4182	4
4183	10
4184	7
4185	6
4186	8
4187	5
4188	9
4189	6
4190	5
4191	11
4192	12
4193	8
4194	6
4195	9
4196	4
4197	10
4198	11
4199	7
4200	4
4201	3
4202	5
4203	3
4204	4
4205	7
4206	6
4207	7
4208	7
4209	10
4210	10
4211	6
4212	2
4213	4
4214	7
4215	6
4216	7
4217	6
4218	10
4219	3
4220	5
4221	8
4222	8
4223	6
4224	12
4225	6
4226	3
4227	13
4228	9
4229	7
4230	4
4231	9
4232	6
4233	5
4234	3
4235	6
4236	7
4237	7
4238	5
4239	9
4240	11
4241	5
4242	12
4243	5
4244	3
4245	10
4246	7
4247	10
4248	5
4249	6
4250	10
4251	8
4252	6
4253	10
4254	11
4255	5
4256	4
4257	10
4258	6
4259	9
4260	7
4261	8
4262	10
4263	8
4264	9
4265	9
4266	8
4267	8
4268	5
4269	10
4270	6
4271	10
4272	10
4273	8
4274	9
4275	10
4276	7
4277	6
4278	11
4279	4
4280	10
4281	5
4282	6
4283	5
4284	7
4285	4
4286	6
4287	3
4288	13
4289	11
4290	5
4291	7
4292	5
4293	8
4294	9
4295	8
4296	7
4297	2
4298	8
4299	7
4300	16
4301	3
4302	4
4303	8
4304	8
4305	8
4306	4
4307	8
4308	4
4309	6
4310	9
4311	10
4312	5
4313	6
4314	5
4315	6
4316	6
4317	5
4318	10
4319	10
4320	5
4321	6
4322	4
4323	8
4324	11
4325	8
4326	11
4327	6
4328	5
4329	6
4330	10
4331	7
4332	6
4333	5
4334	11
4335	9
4336	5
4337	5
4338	4
4339	5
4340	5
4341	5
4342	4
4343	8
4344	7
4345	5
4346	3
4347	5
4348	6
4349	3
4350	7
4351	7
4352	5
4353	3
4354	6
4355	11
4356	7
4357	2
4358	8
4359	12
4360	4
4361	6
4362	5
4363	10
4364	11
4365	5
4366	6
4367	1
4368	6
4369	5
4370	5
4371	4
4372	5
4373	7
4374	4
4375	2
4376	8
4377	6
4378	6
4379	6
4380	4
4381	7
4382	9
4383	3
4384	8
4385	7
4386	6
4387	7
4388	12
4389	3
4390	9
4391	6
4392	4
4393	3
4394	7
4395	9
4396	5
4397	5
4398	10
4399	6
4400	6
4401	8
4402	5
4403	3
4404	10
4405	8
4406	6
4407	6
4408	12
4409	11
4410	4
4411	12
4412	10
4413	5
4414	4
4415	2
4416	5
4417	3
4418	6
4419	12
4420	4
4421	7
4422	3
4423	7
4424	7
4425	9
4426	10
4427	3
4428	8
4429	10
4430	10
4431	7
4432	3
4433	5
4434	5
4435	2
4436	4
4437	5
4438	14
4439	7
4440	11
4441	6
4442	5
4443	9
4444	6
4445	4
4446	9
4447	5
4448	5
4449	8
4450	4
4451	7
4452	5
4453	5
4454	4
4455	18
4456	3
4457	10
4458	9
4459	2
4460	7
4461	6
4462	3
4463	8
4464	6
4465	4
4466	8
4467	4
4468	4
4469	9
4470	12
4471	9
4472	9
4474	4
4475	6
4476	8
4477	3
4478	3
4479	5
4480	5
4481	7
4482	9
4484	1
4485	6
4486	7
4487	5
4488	10
4489	2
4490	8
4491	10
4492	5
4493	8
4494	6
4495	7
4496	5
4497	8
4498	5
4499	6
4500	6
4501	3
4502	2
4503	4
4504	9
4505	8
4506	3
4507	5
4508	5
4509	8
4510	7
4511	2
4512	8
4513	3
4514	9
4515	6
4516	5
4517	6
4518	4
4519	6
4520	4
4521	5
4522	3
4523	4
4524	5
4525	6
4526	5
4527	5
4528	6
4529	7
4530	7
4531	3
4532	10
4533	3
4534	4
4535	10
4536	6
4537	2
4538	5
4539	6
4540	1
4541	6
4542	6
4543	9
4544	3
4545	5
4546	7
4547	9
4548	5
4549	4
4550	6
4551	4
4552	7
4553	4
4554	7
4555	4
4556	5
4557	10
4558	6
4559	4
4560	6
4561	7
4562	6
4563	4
4564	4
4565	5
4566	8
4567	11
4568	7
4569	5
4570	9
4571	5
4572	8
4573	3
4574	6
4575	6
4576	7
4577	12
4578	1
4579	9
4580	5
4581	1
4582	7
4583	4
4584	10
4585	7
4586	5
4587	9
4588	5
4589	6
4590	2
4591	5
4592	6
4593	6
4594	4
4595	5
4596	9
4597	10
4598	6
4599	7
4600	6
4601	4
4602	4
4603	4
4604	8
4605	8
4606	11
4607	6
4608	6
4609	3
4610	4
4611	8
4612	9
4613	9
4614	3
4615	6
4616	6
4617	9
4618	7
4619	4
4620	8
4621	8
4622	5
4623	5
4624	5
4625	7
4626	6
4627	4
4628	3
4629	8
4630	9
4631	7
4632	7
4633	7
4634	8
4635	6
4636	3
4637	10
4638	4
4639	10
4640	4
4641	6
4642	4
4643	7
4644	7
4645	9
4646	8
4647	2
4648	9
4649	6
4650	6
4651	11
4652	4
4653	6
4654	7
4655	3
4656	7
4657	5
4658	4
4659	7
4660	6
4661	4
4662	4
4663	9
4664	8
4665	6
4666	8
4667	3
4668	7
4669	7
4670	10
4671	6
4672	4
4673	8
4674	5
4675	7
4676	8
4677	5
4678	8
4679	8
4680	11
4681	8
4682	5
4683	5
4684	5
4685	2
4686	4
4687	5
4688	10
4689	8
4690	10
4691	8
4692	6
4693	8
4694	5
4695	8
4696	5
4697	5
4698	7
4699	9
4700	10
4701	6
4702	7
4703	7
4704	5
4705	4
4706	4
4707	4
4708	6
4709	7
4710	1
4711	5
4712	5
4713	5
4714	8
4715	4
4716	6
4717	8
4718	4
4719	3
4720	6
4721	2
4722	6
4723	3
4724	7
4725	9
4726	3
4727	8
4728	4
4729	2
4730	4
4731	6
4732	5
4733	3
4734	5
4735	6
4736	1
4737	8
4738	8
4739	5
4740	9
4741	7
4742	8
4743	7
4744	8
4745	3
4746	1
4747	4
4748	5
4749	6
4750	7
4751	8
4752	10
4753	5
4754	6
4755	6
4756	8
4757	3
4758	4
4759	4
4760	4
4761	3
4762	2
4763	8
4764	7
4765	8
4766	5
4767	10
4768	1
4769	6
4770	1
4771	5
4772	3
4773	3
4774	5
4775	5
4776	5
4777	2
4778	6
4779	5
4780	5
4781	5
4782	9
4783	1
4784	3
4785	5
4786	3
4787	2
4788	8
4789	4
4790	5
4791	6
4792	2
4793	6
4794	7
4795	6
4796	4
4797	6
4798	8
4799	4
4800	8
4801	7
4802	7
4803	8
4804	4
4805	4
4806	6
4807	4
4808	6
4809	5
4810	4
4811	3
4812	5
4813	4
4814	4
4815	6
4816	4
4817	5
4818	5
4819	4
4820	8
4821	9
4822	4
4823	4
4824	13
4825	6
4826	5
4827	5
4828	6
4829	6
4830	3
4831	1
4833	6
4834	4
4835	4
4836	2
4837	5
4838	3
4839	5
4840	3
4841	11
4842	4
4843	8
4844	5
4845	8
4846	5
4847	8
4848	6
4849	6
4850	4
4851	11
4852	5
4853	7
4854	3
4855	3
4856	4
4857	7
4858	6
4859	5
4860	5
4861	5
4862	4
4863	7
4864	3
4865	6
4866	5
4867	4
4868	4
4869	7
4870	1
4871	6
4872	7
4873	10
4874	1
4875	5
4876	2
4877	4
4878	5
4879	2
4880	4
4881	5
4882	2
4883	5
4884	3
4885	5
4886	5
4887	6
4888	4
4889	5
4890	1
4891	3
4892	4
4893	7
4894	5
4895	8
4896	5
4897	9
4898	5
4899	8
4900	4
4901	5
4902	4
4903	7
4904	2
4905	5
4906	5
4907	4
4908	3
4909	8
4910	5
4911	8
4912	2
4914	9
4915	3
4916	4
4917	6
4918	5
4919	4
4920	8
4921	7
4922	5
4923	5
4924	3
4925	5
4926	7
4927	2
4928	9
4929	2
4930	8
4931	1
4932	5
4933	6
4934	4
4935	9
4936	4
4937	4
4938	3
4939	4
4940	6
4941	3
4942	8
4943	6
4944	2
4945	11
4946	5
4947	5
4948	5
4949	6
4950	7
4951	6
4952	4
4953	5
4954	3
4955	4
4956	4
4957	5
4958	9
4959	4
4960	6
4961	1
4962	2
4963	9
4964	4
4965	10
4966	3
4967	4
4968	3
4969	9
4970	7
4971	4
4972	3
4974	3
4975	5
4976	3
4977	9
4978	3
4979	7
4980	3
4981	5
4982	4
4983	11
4984	5
4985	5
4986	11
4987	5
4988	8
4989	1
4990	8
4991	11
4992	2
4993	5
4994	5
4995	4
4996	6
4997	3
4998	2
4999	7
5000	2
5001	3
5002	5
5003	1
5004	2
5005	6
5006	6
5007	2
5008	7
5009	4
5010	5
5011	8
5012	2
5013	3
5014	4
5015	8
5016	7
5017	4
5018	10
5019	7
5020	5
5021	1
5022	5
5023	4
5024	6
5025	6
5026	6
5027	7
5028	5
5029	5
5030	1
5031	3
5032	6
5033	6
5034	6
5035	4
5036	6
5037	7
5038	5
5039	8
5040	5
5041	3
5042	9
5043	4
5044	5
5045	1
5046	5
5047	7
5048	5
5049	3
5050	4
5051	8
5052	7
5053	6
5054	3
5055	8
5056	3
5057	5
5058	9
5059	6
5060	5
5061	8
5063	2
5064	1
5065	5
5066	7
5067	2
5068	7
5069	7
5070	5
5071	7
5072	7
5073	6
5074	4
5075	6
5076	4
5077	9
5078	2
5079	2
5080	5
5081	2
5082	5
5083	6
5084	5
5085	10
5086	3
5087	6
5088	6
5089	7
5090	2
5091	4
5092	1
5093	8
5094	2
5095	5
5096	4
5097	7
5098	3
5099	4
5100	4
5101	8
5102	6
5103	3
5104	2
5105	6
5106	6
5107	9
5108	10
5109	5
5110	6
5111	2
5112	7
5113	6
5114	5
5115	9
5116	3
5117	4
5118	3
5119	2
5120	7
5121	4
5122	3
5123	6
5124	5
5125	4
5126	6
5127	2
5128	8
5129	8
5130	2
5131	8
5132	7
5133	4
5134	5
5135	13
5136	5
5137	5
5138	5
5139	1
5140	5
5141	1
5142	3
5143	6
5144	5
5145	8
5146	4
5147	4
5148	2
5149	3
5150	4
5151	6
5152	5
5153	4
5154	3
5155	6
5156	11
5157	5
5158	8
5159	2
5160	2
5161	5
5162	1
5163	5
5164	5
5165	7
5166	4
5167	4
5168	4
5169	5
5170	10
5171	4
5172	4
5173	4
5174	5
5175	5
5176	7
5177	3
5178	4
5179	2
5180	5
5181	2
5182	5
5183	2
5184	2
5185	5
5186	2
5187	6
5188	6
5189	6
5190	10
5191	5
5192	3
5193	9
5194	5
5195	6
5196	4
5197	5
5198	3
5199	3
5200	6
5201	1
5202	5
5203	2
5204	5
5205	3
5206	6
5207	4
5208	8
5209	4
5210	6
5211	3
5212	3
5213	6
5214	1
5215	1
5216	5
5217	3
5218	6
5219	3
5220	4
5221	3
5222	2
5223	6
5224	4
5225	6
5226	3
5227	5
5228	4
5229	2
5230	4
5231	3
5232	5
5233	4
5234	3
5235	4
5236	2
5237	6
5238	3
5239	2
5240	4
5241	3
5242	4
5243	3
5244	3
5245	5
5246	6
5247	7
5248	6
5249	4
5252	1
5253	4
5254	2
5255	6
5256	3
5257	1
5258	9
5259	3
5260	5
5261	8
5262	2
5263	8
5264	6
5265	8
5266	3
5267	3
5268	5
5269	6
5270	7
5271	6
5272	6
5273	3
5274	2
5275	1
5276	3
5277	3
5278	8
5279	5
5280	4
5281	3
5282	6
5283	3
5284	4
5285	3
5286	5
5287	1
5288	5
5289	3
5290	4
5291	5
5292	8
5293	6
5294	2
5295	5
5296	2
5297	3
5298	3
5299	1
5300	7
5301	5
5302	4
5303	7
5304	2
5306	5
5307	3
5308	2
5309	3
5310	7
5311	4
5312	3
5313	7
5314	7
5315	6
5316	4
5317	4
5318	5
5319	1
5320	4
5321	3
5322	3
5323	4
5324	1
5325	8
5326	6
5327	5
5328	12
5329	5
5330	9
5331	3
5332	5
5333	4
5334	2
5335	3
5336	7
5337	2
5338	2
5339	4
5340	3
5341	5
5342	5
5343	7
5344	4
5345	3
5346	2
5347	3
5348	3
5349	9
5350	3
5351	8
5352	1
5353	5
5354	5
5355	4
5356	5
5357	4
5358	5
5359	7
5360	5
5361	4
5362	5
5363	3
5365	2
5366	3
5367	5
5368	3
5369	2
5370	6
5371	6
5372	5
5373	7
5374	4
5375	4
5376	2
5377	8
5378	5
5379	4
5380	6
5381	3
5382	4
5383	5
5384	8
5385	2
5386	3
5387	5
5388	5
5389	3
5390	1
5391	5
5392	3
5393	7
5394	4
5395	3
5396	6
5397	2
5398	2
5399	8
5400	2
5401	3
5402	2
5403	5
5404	8
5405	4
5406	2
5407	6
5408	3
5409	3
5410	2
5411	5
5412	1
5413	4
5414	4
5415	5
5416	4
5417	7
5418	7
5419	4
5420	7
5421	7
5422	4
5423	3
5424	5
5425	4
5426	4
5427	3
5428	3
5429	5
5430	5
5431	5
5433	5
5434	6
5435	2
5436	5
5437	8
5438	6
5439	3
5440	4
5441	4
5442	7
5443	7
5444	3
5445	5
5446	3
5447	10
5448	10
5449	5
5450	4
5451	11
5452	2
5453	5
5454	3
5455	6
5456	5
5457	7
5458	5
5459	4
5460	4
5461	6
5462	5
5463	1
5464	7
5465	4
5466	4
5467	4
5468	2
5469	2
5470	2
5471	2
5472	3
5473	5
5474	3
5475	3
5476	2
5477	1
5478	5
5479	5
5480	2
5481	3
5482	3
5483	3
5484	8
5485	6
5486	10
5487	6
5488	5
5489	2
5490	4
5491	5
5492	5
5493	2
5494	6
5495	4
5496	6
5497	4
5498	6
5499	7
5500	9
5501	5
5502	9
5503	3
5504	1
5505	3
5506	2
5507	3
5508	9
5509	4
5510	2
5511	2
5512	2
5513	2
5514	5
5515	5
5516	2
5517	3
5518	4
5519	4
5520	9
5521	7
5522	2
5523	5
5524	5
5525	6
5526	6
5527	11
5528	8
5529	10
5530	6
5531	4
5532	4
5533	5
5534	1
5535	4
5536	3
5537	5
5538	4
5539	2
5540	1
5541	2
5542	5
5543	3
5544	3
5545	4
5546	3
5547	8
5548	1
5549	6
5550	5
5551	6
5552	3
5553	4
5554	1
5555	6
5556	7
5557	3
5558	1
5559	1
5560	4
5561	4
5562	5
5563	4
5564	3
5565	4
5566	2
5567	4
5568	2
5569	1
5570	3
5571	4
5572	7
5573	4
5574	5
5575	8
5576	3
5577	9
5578	2
5579	7
5580	3
5581	3
5582	3
5583	7
5584	3
5585	3
5586	2
5587	3
5588	9
5589	5
5590	4
5591	3
5593	1
5594	2
5595	1
5597	2
5598	5
5599	6
5600	2
5601	4
5602	2
5603	3
5604	4
5605	4
5606	6
5607	3
5608	4
5609	5
5610	5
5611	4
5612	1
5613	4
5614	3
5615	3
5616	4
5617	2
5618	4
5619	3
5620	2
5621	6
5622	3
5623	7
5624	3
5625	6
5627	3
5628	2
5629	3
5630	5
5631	3
5632	5
5633	3
5634	2
5635	3
5636	3
5637	2
5638	4
5639	1
5640	3
5641	3
5642	2
5644	5
5645	4
5646	1
5647	5
5648	4
5649	1
5650	5
5651	1
5652	3
5653	3
5655	2
5656	2
5657	1
5658	3
5659	3
5660	5
5661	1
5662	3
5664	5
5665	4
5666	5
5667	3
5668	4
5669	5
5670	3
5671	2
5672	4
5674	2
5675	5
5676	2
5677	6
5678	4
5679	1
5680	6
5681	4
5682	3
5684	6
5685	2
5686	4
5687	4
5688	7
5689	1
5690	2
5691	7
5692	5
5693	1
5694	5
5695	3
5696	5
5697	2
5698	1
5699	4
5700	1
5701	3
5702	3
5703	6
5705	1
5707	2
5708	4
5709	6
5710	3
5711	4
5712	4
5713	2
5714	1
5715	2
5716	2
5717	6
5718	2
5719	3
5720	1
5721	5
5722	5
5723	5
5724	2
5725	5
5726	6
5727	7
5728	7
5730	5
5731	8
5732	3
5733	3
5734	2
5735	2
5736	6
5737	4
5738	5
5739	4
5741	2
5742	5
5743	3
5744	5
5745	2
5746	3
5747	2
5748	6
5749	5
5750	4
5751	4
5752	4
5753	5
5754	5
5755	3
5756	2
5757	2
5758	4
5759	1
5760	9
5761	3
5762	2
5763	2
5764	5
5765	6
5766	4
5767	3
5768	1
5769	3
5770	6
5771	4
5772	4
5773	3
5774	1
5775	4
5776	2
5777	4
5778	3
5779	1
5780	3
5781	6
5782	8
5783	5
5784	3
5785	4
5786	4
5787	3
5788	1
5789	5
5790	8
5791	4
5792	2
5793	4
5794	1
5795	2
5796	4
5797	5
5798	3
5799	5
5800	5
5801	2
5802	5
5803	3
5804	4
5805	3
5806	5
5808	2
5809	3
5810	3
5811	4
5812	2
5813	4
5814	3
5815	4
5816	4
5817	7
5818	3
5819	6
5820	3
5821	5
5822	3
5823	9
5824	1
5825	3
5826	3
5827	6
5828	2
5829	4
5830	5
5831	6
5832	6
5833	2
5834	2
5835	3
5836	5
5837	2
5838	3
5839	2
5840	3
5842	3
5843	2
5844	2
5845	2
5846	1
5847	4
5848	1
5849	3
5850	2
5851	2
5852	5
5853	5
5854	3
5855	3
5856	2
5857	2
5858	4
5859	3
5860	3
5861	3
5862	1
5863	5
5864	3
5865	3
5866	5
5867	4
5868	2
5869	1
5870	1
5872	3
5874	2
5875	4
5876	4
5877	2
5878	3
5879	2
5880	2
5881	2
5882	2
5883	3
5884	7
5886	5
5887	4
5888	4
5889	5
5890	5
5891	2
5892	6
5893	5
5894	5
5895	2
5896	4
5897	5
5898	4
5899	4
5900	4
5901	5
5902	5
5903	2
5904	3
5905	2
5906	2
5907	4
5908	3
5909	6
5910	1
5911	8
5912	6
5913	5
5914	4
5915	2
5916	2
5917	1
5918	4
5919	2
5920	3
5921	2
5922	4
5923	4
5924	3
5925	1
5926	5
5927	1
5928	2
5929	2
5930	2
5931	6
5932	3
5934	2
5935	4
5936	7
5937	3
5938	4
5939	2
5940	6
5941	2
5942	2
5943	2
5944	1
5945	5
5946	5
5947	6
5948	6
5950	2
5951	2
5952	2
5953	3
5954	4
5955	6
5956	4
5957	2
5958	2
5959	5
5960	4
5961	6
5962	4
5963	3
5964	4
5965	3
5966	3
5967	1
5968	2
5969	3
5971	3
5972	5
5973	4
5974	5
5975	4
5976	1
5977	3
5978	6
5979	2
5980	5
5982	3
5983	2
5984	4
5985	4
5986	5
5988	3
5989	1
5990	2
5992	3
5993	4
5994	4
5995	8
5996	5
5997	1
5998	5
5999	5
6000	4
6001	4
6002	2
6003	1
6005	3
6006	5
6007	2
6008	4
6009	1
6010	4
6011	3
6012	8
6013	2
6014	4
6015	1
6016	4
6017	6
6018	2
6019	4
6020	1
6021	2
6023	3
6024	4
6025	4
6026	4
6028	7
6029	3
6030	2
6031	7
6032	3
6034	5
6035	2
6036	2
6037	4
6038	1
6039	1
6040	3
6041	2
6042	2
6043	4
6044	1
6045	6
6046	5
6047	1
6048	3
6049	2
6050	2
6052	2
6053	8
6054	4
6055	4
6056	5
6057	5
6058	2
6059	1
6060	1
6061	3
6062	1
6063	2
6064	3
6065	2
6066	3
6067	3
6068	5
6069	1
6070	1
6071	1
6072	1
6073	4
6074	5
6075	2
6076	4
6077	1
6078	5
6079	3
6080	4
6081	2
6082	1
6083	3
6084	5
6085	2
6086	1
6087	3
6088	1
6089	3
6090	2
6091	1
6092	2
6093	1
6095	8
6096	2
6097	1
6098	1
6099	3
6100	6
6101	2
6102	2
6103	1
6104	3
6105	1
6106	3
6107	1
6108	2
6109	1
6110	1
6111	3
6112	4
6113	1
6114	5
6115	2
6116	5
6117	4
6118	3
6119	4
6120	3
6121	4
6122	1
6123	2
6124	3
6125	1
6126	2
6128	3
6129	4
6130	2
6131	2
6132	3
6133	1
6134	2
6135	2
6136	3
6137	1
6138	4
6139	1
6140	2
6141	1
6142	2
6143	6
6144	5
6145	3
6146	3
6147	5
6148	1
6149	1
6150	1
6151	2
6152	4
6153	2
6154	1
6155	4
6156	2
6157	1
6158	3
6159	2
6160	5
6161	3
6162	3
6163	2
6164	4
6165	3
6166	2
6167	6
6168	3
6169	4
6170	1
6171	2
6172	3
6174	3
6175	1
6176	3
6177	3
6178	5
6179	2
6180	3
6182	2
6183	1
6184	1
6185	1
6186	6
6187	6
6188	3
6189	1
6190	1
6191	2
6192	2
6193	3
6194	1
6195	1
6196	2
6197	2
6198	2
6200	4
6201	4
6202	2
6203	5
6204	2
6205	1
6206	2
6207	3
6208	6
6209	4
6210	5
6211	4
6212	3
6213	1
6214	3
6215	2
6216	1
6217	1
6219	1
6220	1
6221	5
6222	4
6223	2
6224	3
6225	2
6226	7
6227	1
6228	3
6229	6
6230	5
6231	2
6232	1
6233	1
6234	3
6235	1
6236	2
6237	1
6238	5
6239	2
6240	1
6241	4
6242	5
6243	3
6244	6
6245	1
6246	2
6247	3
6248	4
6249	3
6250	7
6251	2
6252	3
6253	3
6254	1
6255	4
6256	3
6257	2
6258	1
6259	4
6260	1
6261	2
6262	2
6263	2
6264	2
6265	6
6266	3
6267	3
6268	3
6270	5
6271	4
6272	2
6273	2
6274	3
6275	1
6276	2
6277	2
6278	1
6279	1
6280	3
6281	6
6282	1
6283	10
6284	4
6285	2
6286	4
6287	2
6288	1
6289	3
6290	1
6291	7
6292	4
6293	3
6294	5
6295	1
6296	2
6297	3
6298	3
6299	4
6300	4
6301	1
6302	4
6303	3
6304	5
6305	1
6306	2
6307	2
6308	3
6309	2
6310	4
6311	1
6312	5
6313	2
6314	4
6315	3
6317	1
6318	1
6320	4
6322	3
6323	4
6324	3
6325	2
6326	3
6327	3
6328	3
6329	3
6330	1
6331	3
6332	6
6333	4
6334	1
6335	3
6336	3
6337	2
6338	2
6339	4
6340	3
6341	6
6342	3
6343	1
6344	1
6345	4
6346	4
6347	3
6348	1
6349	1
6350	1
6351	3
6352	1
6353	3
6355	4
6356	3
6357	5
6358	2
6359	2
6360	5
6361	1
6362	3
6363	3
6364	2
6365	2
6366	1
6367	1
6368	1
6369	4
6370	2
6371	1
6372	2
6373	4
6375	4
6376	5
6378	2
6379	6
6380	2
6381	3
6382	2
6383	1
6384	2
6385	4
6386	3
6387	1
6388	2
6389	4
6390	3
6391	6
6392	4
6393	5
6394	3
6395	4
6396	3
6397	2
6398	2
6399	4
6400	3
6401	5
6402	3
6403	3
6404	2
6405	2
6406	3
6407	3
6408	2
6409	3
6410	2
6411	1
6412	5
6413	1
6414	4
6415	1
6416	2
6417	4
6418	1
6419	1
6420	3
6421	2
6422	4
6423	4
6424	2
6425	2
6426	5
6427	1
6428	2
6429	3
6430	4
6431	2
6432	3
6433	1
6434	3
6435	6
6436	1
6437	1
6438	3
6439	2
6440	2
6441	1
6442	2
6443	3
6444	1
6445	2
6446	2
6447	3
6448	3
6449	1
6451	2
6452	2
6453	3
6454	1
6455	3
6456	4
6457	4
6458	7
6459	4
6460	2
6461	2
6462	3
6463	1
6465	3
6466	2
6467	1
6468	3
6470	2
6471	2
6472	1
6474	2
6475	1
6476	4
6477	2
6478	4
6479	4
6480	2
6481	1
6483	4
6484	3
6485	1
6486	3
6488	2
6489	3
6490	2
6491	4
6492	1
6493	3
6494	4
6495	1
6496	4
6498	1
6499	2
6500	3
6502	3
6503	5
6504	5
6505	3
6508	4
6509	4
6511	1
6512	2
6513	3
6514	1
6515	2
6516	5
6517	2
6518	2
6519	2
6520	1
6521	2
6522	3
6523	1
6524	3
6525	5
6526	2
6527	1
6528	3
6529	3
6530	4
6531	1
6532	2
6533	2
6534	3
6535	3
6536	1
6537	5
6538	2
6539	7
6540	3
6541	4
6542	3
6543	5
6544	2
6545	3
6546	3
6547	1
6548	1
6549	1
6550	1
6551	5
6552	3
6553	1
6554	2
6557	1
6558	3
6559	2
6560	7
6561	4
6562	2
6563	3
6565	3
6566	1
6567	3
6568	2
6569	2
6571	1
6572	3
6573	2
6574	2
6577	1
6578	2
6579	4
6580	4
6581	3
6582	4
6583	2
6584	3
6585	3
6586	3
6587	1
6588	4
6589	1
6590	2
6591	1
6592	5
6593	2
6594	1
6595	2
6597	2
6598	2
6599	1
6600	5
6602	6
6603	4
6604	3
6605	4
6606	3
6608	1
6609	2
6610	3
6611	3
6612	1
6613	4
6614	1
6615	2
6616	2
6617	3
6618	1
6619	6
6620	5
6621	2
6622	2
6623	2
6625	1
6626	2
6628	2
6630	1
6631	4
6632	3
6633	1
6634	1
6635	4
6636	3
6637	1
6639	3
6640	1
6641	2
6642	4
6643	2
6646	1
6647	1
6648	2
6649	4
6650	4
6651	2
6652	4
6653	2
6654	2
6656	2
6657	4
6660	1
6661	1
6662	3
6663	3
6664	2
6665	1
6666	3
6667	3
6668	1
6669	1
6670	1
6671	3
6672	4
6673	1
6674	1
6675	3
6676	4
6677	4
6678	7
6679	2
6680	1
6681	2
6682	3
6683	1
6685	6
6686	4
6687	3
6688	1
6689	4
6690	1
6691	2
6692	1
6693	4
6694	1
6695	4
6696	5
6697	2
6698	3
6701	2
6702	1
6703	3
6704	2
6705	2
6706	2
6708	2
6709	1
6711	4
6712	3
6713	2
6714	3
6715	3
6716	1
6717	1
6718	4
6719	5
6720	3
6724	1
6725	3
6726	1
6727	2
6728	1
6729	2
6730	6
6731	1
6732	4
6733	2
6734	2
6735	4
6736	1
6737	2
6738	1
6739	3
6741	4
6742	4
6743	3
6744	2
6745	2
6746	2
6747	4
6748	2
6749	1
6750	2
6752	3
6753	2
6754	1
6755	5
6756	2
6757	1
6758	3
6760	2
6761	2
6762	1
6764	1
6765	2
6767	1
6768	1
6769	2
6770	4
6771	1
6772	2
6773	5
6774	2
6775	2
6776	1
6777	2
6779	3
6780	3
6781	1
6782	4
6783	3
6784	1
6785	5
6786	1
6787	1
6788	1
6789	5
6790	2
6791	4
6792	3
6793	3
6795	2
6797	3
6798	3
6799	1
6800	1
6801	1
6802	3
6803	3
6805	2
6807	2
6809	2
6812	5
6813	3
6814	3
6815	2
6816	2
6817	1
6818	1
6820	2
6821	3
6822	4
6823	1
6826	3
6827	3
6829	3
6830	2
6831	3
6832	2
6833	3
6834	1
6837	1
6838	1
6839	1
6840	1
6842	3
6843	1
6844	4
6845	2
6847	5
6848	3
6849	2
6850	3
6852	3
6853	3
6854	4
6855	2
6856	2
6857	3
6859	4
6860	2
6861	2
6862	4
6863	2
6864	5
6865	5
6867	4
6868	2
6869	2
6870	2
6871	8
6872	1
6873	1
6874	2
6875	2
6876	1
6878	1
6879	1
6881	2
6882	3
6883	1
6884	3
6885	1
6887	2
6888	2
6889	3
6890	2
6891	3
6892	1
6893	3
6894	3
6895	2
6896	3
6897	2
6898	2
6899	1
6900	1
6901	2
6902	1
6903	1
6904	1
6905	2
6906	3
6907	2
6908	1
6909	3
6910	2
6911	2
6912	1
6913	2
6914	1
6915	3
6917	3
6919	1
6920	2
6921	1
6922	4
6923	1
6924	1
6925	4
6926	3
6927	2
6928	1
6929	1
6930	3
6931	3
6932	1
6933	3
6934	1
6935	2
6936	2
6937	3
6938	2
6939	1
6941	1
6942	2
6943	3
6944	2
6945	3
6946	3
6947	3
6948	2
6949	2
6950	2
6951	1
6953	1
6954	1
6955	3
6957	4
6958	2
6960	2
6961	2
6963	2
6964	3
6965	6
6966	1
6967	4
6968	1
6969	1
6970	3
6971	2
6972	1
6973	2
6975	3
6976	4
6977	1
6978	4
6979	1
6980	2
6981	2
6982	1
6983	5
6984	2
6985	1
6986	1
6988	2
6989	4
6990	1
6991	1
6992	2
6993	1
6994	3
6995	1
6996	1
6997	3
6998	1
6999	2
7002	2
7003	3
7004	3
7005	3
7006	5
7007	2
7008	2
7009	1
7010	3
7011	4
7012	2
7013	2
7014	1
7015	5
7017	2
7018	1
7019	2
7021	2
7022	2
7023	3
7024	3
7025	6
7026	2
7028	1
7029	2
7032	4
7033	1
7034	3
7035	2
7036	4
7037	1
7038	1
7039	2
7041	1
7043	1
7044	2
7045	1
7046	2
7047	3
7049	2
7051	1
7052	1
7053	1
7054	3
7055	5
7057	1
7058	2
7060	4
7061	1
7062	1
7063	3
7065	1
7066	2
7067	2
7068	4
7069	2
7070	2
7071	2
7072	2
7074	1
7076	1
7077	1
7078	2
7079	2
7081	3
7083	2
7084	1
7085	2
7086	1
7087	2
7088	1
7089	3
7090	1
7091	4
7092	2
7093	4
7094	1
7095	2
7096	2
7097	2
7098	2
7099	1
7100	1
7101	1
7102	1
7103	2
7104	5
7105	2
7106	3
7107	1
7109	2
7110	2
7111	2
7112	3
7113	3
7114	4
7115	1
7116	2
7117	3
7118	1
7119	3
7120	4
7121	3
7122	2
7123	1
7124	3
7125	3
7126	1
7128	4
7129	1
7130	1
7131	4
7132	2
7133	2
7134	4
7136	5
7137	2
7140	2
7141	3
7143	4
7145	4
7146	2
7147	1
7148	1
7149	3
7150	3
7151	1
7152	3
7153	4
7154	1
7156	1
7157	2
7158	1
7159	1
7160	5
7163	2
7164	3
7165	1
7166	2
7167	1
7168	4
7169	1
7170	3
7171	2
7172	3
7173	1
7174	4
7175	1
7176	3
7177	1
7178	4
7179	2
7180	2
7182	1
7184	1
7185	2
7186	1
7187	2
7188	2
7189	2
7191	1
7192	4
7193	4
7194	4
7195	1
7196	5
7198	3
7199	2
7200	2
7201	3
7204	3
7205	1
7206	5
7207	3
7208	1
7209	1
7210	1
7211	2
7212	2
7215	3
7216	1
7217	1
7218	3
7219	3
7220	2
7221	1
7222	1
7223	2
7225	1
7226	1
7227	1
7228	1
7230	5
7232	5
7233	1
7234	1
7235	2
7236	1
7237	5
7240	5
7241	3
7243	2
7244	2
7245	4
7247	2
7248	3
7249	3
7250	1
7251	1
7252	4
7254	3
7255	3
7257	1
7258	3
7259	3
7260	2
7261	4
7262	1
7263	1
7264	1
7265	2
7266	2
7267	2
7269	2
7270	2
7271	2
7272	2
7273	2
7275	2
7276	1
7277	2
7278	1
7279	5
7282	3
7283	3
7284	4
7285	4
7286	2
7287	3
7288	2
7289	5
7290	2
7291	1
7292	3
7293	2
7294	1
7295	2
7297	1
7298	1
7299	2
7300	4
7301	3
7302	2
7303	1
7305	1
7306	2
7307	2
7308	5
7309	2
7310	1
7311	2
7312	2
7313	2
7314	2
7315	2
7318	4
7319	3
7320	1
7322	1
7323	2
7324	1
7325	4
7326	1
7327	1
7328	1
7330	2
7331	1
7333	1
7334	2
7335	3
7337	1
7338	1
7339	2
7341	1
7342	1
7343	1
7344	1
7345	2
7347	1
7348	2
7349	2
7350	2
7351	4
7352	4
7353	2
7354	2
7356	1
7359	3
7360	2
7361	1
7363	4
7364	2
7365	2
7366	2
7367	1
7368	1
7369	1
7370	2
7371	3
7372	2
7373	2
7374	1
7375	2
7376	2
7377	4
7378	1
7379	5
7380	3
7382	1
7383	1
7384	1
7385	2
7386	1
7387	1
7388	3
7389	1
7393	1
7395	2
7396	4
7397	4
7398	2
7399	1
7400	1
7401	2
7402	2
7403	2
7404	2
7405	1
7407	1
7408	3
7409	1
7410	1
7411	1
7412	2
7413	1
7414	2
7416	3
7417	2
7418	1
7419	2
7420	3
7421	2
7423	1
7424	2
7425	1
7426	1
7428	1
7429	2
7430	1
7432	2
7433	2
7434	5
7435	1
7436	1
7437	2
7438	2
7439	1
7440	1
7441	2
7442	1
7443	1
7444	1
7445	3
7446	2
7447	2
7448	2
7449	1
7450	2
7451	1
7454	1
7455	1
7457	2
7458	2
7459	3
7460	3
7461	1
7462	6
7463	1
7465	1
7466	3
7467	3
7468	1
7469	5
7470	1
7471	3
7472	1
7475	1
7479	2
7480	3
7481	3
7483	1
7484	3
7485	3
7486	1
7487	1
7488	1
7489	4
7490	1
7491	1
7492	2
7494	1
7495	2
7496	1
7497	2
7499	1
7500	3
7501	3
7502	3
7503	2
7504	2
7505	2
7506	1
7507	3
7508	2
7509	1
7511	1
7512	2
7513	1
7514	1
7517	2
7518	2
7520	2
7521	2
7522	2
7523	2
7525	2
7526	2
7527	3
7528	3
7529	1
7530	3
7532	1
7533	6
7534	1
7535	2
7536	2
7537	3
7538	1
7539	1
7540	1
7541	3
7542	1
7543	2
7544	1
7547	2
7548	2
7551	3
7554	1
7557	2
7559	3
7560	1
7561	1
7562	4
7563	1
7564	1
7565	3
7566	1
7567	1
7568	1
7569	1
7570	2
7571	1
7572	1
7573	3
7574	4
7575	3
7576	2
7578	2
7579	3
7580	1
7581	2
7582	2
7584	2
7585	1
7586	2
7588	1
7589	1
7590	2
7592	1
7594	2
7595	2
7596	3
7597	5
7598	1
7601	1
7603	1
7604	1
7605	3
7606	1
7607	3
7608	2
7609	1
7610	3
7613	1
7614	1
7615	1
7616	4
7617	2
7618	1
7619	3
7620	3
7621	1
7622	1
7623	2
7626	1
7627	3
7628	2
7629	1
7630	2
7631	1
7632	1
7633	2
7634	2
7635	4
7636	1
7637	1
7638	4
7639	4
7642	4
7644	1
7645	1
7647	2
7649	1
7650	2
7651	1
7652	1
7653	4
7654	1
7655	1
7656	1
7657	3
7658	2
7660	2
7662	2
7663	1
7664	3
7665	1
7666	1
7667	1
7668	1
7670	1
7671	1
7672	1
7674	2
7676	3
7677	1
7678	1
7679	5
7680	2
7681	1
7684	1
7685	1
7687	2
7688	4
7689	1
7690	4
7691	1
7693	2
7694	1
7695	1
7696	4
7697	2
7698	4
7699	2
7700	3
7702	2
7703	2
7704	2
7705	2
7707	2
7708	3
7710	2
7714	4
7715	2
7717	3
7718	1
7719	3
7721	1
7722	1
7723	2
7724	1
7725	1
7726	1
7727	2
7730	4
7731	1
7732	3
7733	2
7735	2
7737	1
7741	2
7742	2
7743	1
7744	1
7745	3
7747	1
7748	2
7749	5
7750	1
7754	1
7756	2
7758	1
7759	1
7760	1
7761	2
7762	2
7763	1
7764	2
7765	2
7770	1
7773	3
7774	2
7775	1
7776	1
7777	2
7779	1
7780	3
7781	1
7782	2
7785	1
7786	2
7787	2
7788	3
7790	1
7791	3
7792	1
7793	3
7794	1
7795	3
7796	3
7799	2
7802	1
7805	2
7807	2
7808	2
7810	1
7811	3
7812	3
7815	2
7818	1
7820	1
7821	1
7823	1
7824	1
7825	1
7826	2
7827	2
7828	1
7830	3
7831	1
7832	2
7833	2
7835	2
7836	1
7837	1
7838	1
7839	4
7840	1
7841	4
7842	1
7843	1
7844	1
7846	1
7847	1
7850	2
7852	3
7856	2
7857	1
7858	1
7859	3
7860	4
7862	2
7864	1
7865	1
7866	2
7868	3
7869	3
7870	1
7871	5
7872	1
7873	1
7874	2
7875	3
7876	1
7877	2
7879	2
7880	1
7881	5
7883	1
7884	2
7885	1
7886	3
7887	2
7888	1
7889	1
7890	3
7891	1
7892	2
7893	1
7894	5
7895	1
7896	1
7898	1
7899	1
7902	1
7903	4
7904	2
7905	1
7906	2
7907	1
7908	1
7909	2
7910	2
7911	1
7912	1
7913	2
7914	1
7915	2
7916	1
7918	1
7919	1
7920	3
7921	2
7922	1
7924	4
7925	1
7927	3
7928	1
7930	1
7931	1
7932	1
7933	1
7936	1
7937	1
7938	2
7939	3
7940	1
7941	3
7942	1
7943	6
7944	2
7946	1
7950	1
7952	3
7954	1
7955	2
7956	1
7959	1
7961	1
7962	2
7965	1
7966	4
7967	1
7968	1
7969	2
7970	3
7972	2
7973	1
7974	2
7975	3
7976	2
7977	2
7979	1
7980	2
7981	3
7987	4
7989	1
7994	1
7996	2
7997	1
7998	1
7999	2
8000	1
8001	2
8002	1
8003	3
8004	3
8005	2
8007	1
8008	1
8009	1
8012	1
8013	2
8014	3
8016	1
8017	3
8018	1
8019	2
8020	4
8021	1
8022	1
8024	1
8025	1
8026	3
8027	2
8030	4
8032	1
8035	4
8038	1
8041	1
8042	2
8044	1
8046	2
8047	1
8050	1
8051	1
8052	2
8054	1
8055	1
8056	3
8057	3
8058	2
8061	1
8062	1
8063	2
8064	4
8065	1
8066	2
8067	2
8068	2
8069	1
8070	1
8073	1
8074	1
8076	1
8077	1
8078	2
8080	1
8081	2
8083	3
8084	1
8085	2
8086	1
8087	1
8090	1
8091	1
8092	1
8093	3
8094	2
8095	1
8097	1
8098	1
8099	1
8100	1
8104	2
8106	1
8107	1
8108	1
8109	2
8110	2
8112	2
8114	1
8115	1
8117	1
8118	1
8120	2
8123	2
8124	2
8125	1
8126	2
8127	1
8129	1
8130	1
8131	2
8132	1
8133	1
8134	2
8135	3
8136	1
8137	1
8138	1
8139	2
8140	2
8141	4
8142	1
8144	2
8145	2
8146	4
8147	3
8148	3
8149	2
8151	1
8153	1
8154	2
8155	2
8157	1
8160	3
8162	3
8163	2
8164	1
8165	1
8166	2
8167	1
8169	1
8170	1
8171	3
8172	1
8173	2
8174	2
8175	1
8177	2
8178	1
8180	6
8182	2
8183	1
8187	1
8188	1
8190	3
8192	3
8193	1
8195	1
8197	1
8198	1
8200	1
8201	3
8202	1
8203	2
8208	2
8209	1
8210	1
8211	1
8212	2
8213	2
8214	2
8215	1
8216	3
8217	3
8218	3
8219	2
8220	1
8221	2
8222	1
8223	1
8224	2
8225	1
8226	2
8227	1
8228	1
8229	4
8231	1
8232	2
8234	1
8235	2
8236	2
8237	1
8238	4
8239	1
8240	2
8242	3
8244	1
8246	1
8249	4
8252	3
8253	1
8254	1
8255	2
8256	1
8258	1
8260	1
8261	1
8263	1
8264	2
8265	4
8266	2
8267	1
8268	1
8271	2
8272	1
8273	3
8275	2
8276	1
8278	2
8279	1
8280	2
8281	2
8282	2
8283	3
8284	3
8285	2
8288	2
8289	1
8290	2
8291	3
8292	1
8293	1
8294	2
8295	1
8296	2
8298	2
8300	1
8301	1
8302	2
8303	1
8304	2
8305	1
8306	2
8307	1
8308	1
8309	1
8310	1
8315	2
8317	1
8318	3
8319	1
8324	1
8326	2
8327	1
8328	1
8329	2
8331	1
8332	1
8334	1
8336	5
8337	1
8338	2
8339	1
8340	2
8341	2
8342	1
8343	1
8344	3
8345	3
8347	1
8348	2
8349	1
8351	3
8352	3
8353	1
8354	2
8356	2
8357	3
8359	1
8361	1
8363	2
8364	2
8365	2
8366	3
8368	2
8371	1
8372	3
8376	1
8377	2
8379	2
8381	3
8382	1
8383	1
8384	1
8390	2
8392	1
8397	1
8398	3
8399	4
8400	1
8402	1
8403	1
8404	1
8405	4
8406	4
8408	2
8409	1
8412	1
8413	2
8414	1
8415	1
8416	1
8417	1
8418	1
8420	2
8421	1
8422	1
8426	2
8427	2
8428	2
8429	2
8431	1
8432	1
8433	1
8434	1
8435	1
8436	1
8437	2
8438	2
8439	4
8440	2
8441	2
8442	2
8443	2
8444	4
8446	3
8448	4
8449	1
8450	1
8452	1
8453	1
8454	1
8457	1
8459	2
8462	2
8464	1
8465	2
8467	1
8468	1
8470	2
8471	1
8472	2
8473	1
8475	2
8476	1
8477	2
8478	2
8479	1
8480	2
8481	3
8483	2
8484	1
8485	1
8487	1
8492	1
8493	2
8494	3
8496	3
8497	1
8498	1
8499	1
8500	2
8502	1
8503	2
8505	1
8506	1
8507	1
8508	2
8510	3
8511	3
8512	5
8513	1
8514	1
8515	1
8516	2
8517	1
8518	3
8519	2
8522	4
8523	1
8524	3
8525	2
8527	2
8528	2
8529	1
8533	2
8537	2
8538	1
8540	1
8541	1
8542	1
8543	1
8546	1
8547	1
8548	2
8549	2
8552	1
8553	2
8554	1
8555	1
8558	1
8559	3
8561	2
8562	1
8563	2
8565	1
8566	1
8567	2
8568	1
8571	1
8572	2
8574	1
8575	1
8577	1
8580	2
8581	1
8583	1
8584	3
8585	1
8587	1
8588	1
8589	2
8590	3
8592	1
8593	1
8597	2
8599	2
8603	1
8605	1
8606	1
8607	2
8609	1
8612	1
8613	1
8616	1
8617	1
8618	1
8619	1
8620	2
8621	1
8623	2
8624	1
8625	1
8626	1
8627	1
8632	1
8633	1
8634	1
8636	2
8637	2
8639	1
8640	2
8643	1
8644	2
8645	1
8646	4
8647	3
8648	2
8649	2
8650	1
8651	3
8652	2
8653	2
8654	2
8655	1
8657	2
8659	1
8660	1
8662	1
8664	1
8665	1
8666	2
8667	1
8668	3
8671	1
8672	1
8673	2
8674	1
8675	1
8676	2
8678	1
8680	1
8681	1
8683	1
8686	1
8690	2
8693	1
8694	1
8700	2
8701	1
8702	2
8705	1
8707	1
8708	1
8709	1
8710	1
8713	3
8715	1
8717	1
8720	3
8721	1
8722	1
8723	3
8724	1
8725	1
8726	1
8727	1
8728	1
8729	2
8730	2
8731	1
8732	1
8735	1
8736	1
8737	1
8739	1
8740	1
8741	1
8742	1
8745	2
8748	1
8749	2
8750	1
8751	1
8752	1
8757	2
8758	1
8760	1
8762	1
8764	2
8765	1
8767	1
8770	2
8771	1
8772	1
8773	1
8774	1
8778	1
8780	2
8782	1
8784	2
8785	2
8786	1
8791	2
8792	2
8794	2
8797	2
8799	1
8800	1
8801	1
8802	2
8803	2
8805	2
8809	2
8810	2
8811	1
8812	1
8813	2
8814	1
8815	1
8816	1
8818	1
8821	2
8822	1
8823	1
8825	1
8828	1
8831	1
8832	2
8834	1
8835	1
8837	1
8843	1
8844	1
8845	1
8848	2
8851	1
8852	2
8855	1
8856	2
8860	1
8861	1
8865	1
8866	1
8868	1
8870	3
8871	3
8872	2
8875	1
8876	2
8877	1
8878	1
8879	1
8880	1
8881	1
8884	1
8885	1
8886	1
8888	1
8889	2
8890	2
8891	2
8892	1
8894	3
8895	1
8898	3
8900	1
8902	3
8904	2
8905	3
8906	1
8907	1
8908	1
8909	2
8911	3
8912	1
8914	1
8915	4
8916	1
8918	2
8919	1
8920	1
8921	2
8922	1
8923	1
8924	1
8925	2
8926	1
8927	2
8928	2
8930	1
8932	1
8934	2
8937	1
8938	1
8939	1
8940	2
8942	1
8944	1
8948	1
8949	3
8950	4
8951	1
8955	1
8956	1
8958	1
8962	1
8965	1
8966	1
8967	3
8968	3
8971	1
8972	1
8973	1
8975	2
8976	2
8977	1
8978	1
8981	1
8982	1
8983	1
8984	1
8988	2
8990	1
8992	1
8993	1
8995	2
8996	1
8997	1
8998	3
9002	2
9003	1
9004	1
9005	1
9008	2
9009	1
9013	1
9015	1
9016	3
9017	2
9020	1
9023	1
9024	1
9026	1
9027	2
9028	1
9029	1
9032	2
9034	2
9036	2
9037	4
9039	2
9040	1
9041	1
9042	1
9043	2
9044	1
9048	1
9049	1
9050	1
9051	3
9052	1
9056	1
9057	1
9058	1
9060	1
9061	1
9063	2
9064	1
9065	1
9066	2
9068	1
9071	1
9072	1
9073	1
9075	1
9076	1
9077	3
9078	1
9080	2
9081	1
9083	1
9084	1
9087	1
9088	2
9089	1
9090	1
9091	1
9092	1
9093	1
9094	1
9096	1
9099	1
9100	1
9102	1
9105	1
9106	2
9107	1
9110	2
9111	1
9112	1
9114	2
9115	1
9118	2
9119	1
9120	1
9122	1
9125	1
9127	1
9129	1
9130	1
9132	2
9134	2
9135	1
9137	1
9140	1
9141	1
9142	1
9143	1
9144	3
9147	1
9148	1
9150	2
9152	2
9155	1
9156	1
9158	1
9159	2
9162	2
9166	1
9167	1
9168	1
9169	2
9176	1
9177	3
9178	1
9180	2
9182	1
9184	1
9185	2
9187	1
9188	1
9189	1
9190	1
9191	1
9192	2
9193	2
9196	1
9201	1
9202	3
9205	2
9206	1
9207	2
9208	1
9209	1
9210	4
9211	1
9212	3
9215	1
9216	1
9217	1
9218	1
9219	1
9220	1
9221	1
9222	1
9223	1
9224	2
9225	2
9226	1
9227	1
9231	1
9233	1
9234	1
9238	2
9241	2
9242	1
9247	1
9249	2
9253	1
9255	2
9258	2
9259	1
9263	1
9264	1
9265	1
9267	1
9268	1
9269	1
9271	1
9272	2
9273	2
9274	2
9275	1
9276	1
9277	3
9282	1
9283	2
9286	2
9287	1
9288	1
9289	1
9290	1
9291	1
9292	1
9295	1
9296	1
9301	1
9302	2
9304	1
9311	1
9312	2
9314	2
9315	3
9317	1
9320	1
9322	1
9324	1
9327	1
9328	2
9329	1
9331	3
9332	3
9333	1
9337	2
9340	1
9341	1
9342	1
9343	1
9345	1
9350	1
9351	2
9352	4
9353	2
9360	1
9363	1
9366	1
9367	3
9368	1
9371	1
9373	2
9374	1
9376	1
9377	2
9378	1
9381	1
9383	3
9385	1
9386	1
9387	1
9389	1
9394	4
9397	2
9398	1
9402	1
9403	1
9404	1
9405	2
9406	1
9407	1
9408	1
9410	1
9412	1
9413	2
9415	1
9416	2
9419	1
9422	1
9424	1
9425	1
9427	1
9430	2
9431	2
9432	1
9434	1
9435	3
9438	1
9440	1
9442	1
9445	1
9447	1
9448	3
9451	1
9456	2
9458	2
9460	1
9462	1
9463	1
9466	1
9470	1
9472	1
9474	2
9476	1
9477	1
9478	1
9482	1
9485	1
9486	1
9489	1
9497	2
9498	3
9500	1
9502	2
9504	1
9506	1
9508	1
9510	1
9512	1
9515	3
9516	1
9519	1
9521	5
9526	1
9527	1
9528	1
9531	1
9533	1
9534	1
9535	1
9537	2
9538	1
9539	1
9540	1
9543	1
9547	2
9548	1
9551	2
9552	1
9554	4
9555	1
9562	1
9563	1
9571	1
9572	1
9575	1
9584	1
9586	2
9587	1
9588	1
9590	1
9591	1
9592	1
9593	1
9595	1
9606	1
9607	1
9610	1
9611	1
9612	2
9613	1
9615	1
9617	1
9620	1
9623	1
9624	1
9628	1
9630	1
9634	1
9635	1
9636	1
9638	1
9639	1
9640	2
9643	1
9645	1
9649	1
9650	2
9651	1
9654	1
9655	2
9656	1
9658	1
9659	2
9660	1
9662	1
9663	1
9664	2
9665	2
9666	1
9671	1
9672	1
9674	1
9680	2
9681	1
9684	1
9687	1
9689	1
9696	1
9697	1
9703	1
9706	1
9708	1
9712	1
9721	1
9726	1
9727	1
9729	1
9735	3
9737	2
9743	1
9744	1
9748	1
9749	2
9750	1
9753	3
9754	1
9759	1
9761	1
9766	2
9767	1
9769	2
9773	1
9775	1
9777	2
9780	1
9782	1
9783	1
9784	2
9788	1
9789	1
9792	1
9793	1
9800	2
9801	1
9802	2
9805	1
9806	3
9807	1
9808	1
9809	1
9810	1
9814	1
9816	2
9818	2
9820	1
9821	1
9822	1
9823	1
9824	1
9825	1
9826	1
9827	1
9830	2
9832	1
9835	2
9837	1
9838	1
9841	3
9843	1
9845	1
9846	2
9847	1
9848	1
9849	2
9852	1
9856	1
9859	2
9863	1
9864	1
9865	1
9867	2
9869	2
9870	1
9871	1
9874	1
9875	1
9879	2
9881	3
9883	1
9886	1
9889	1
9890	1
9893	1
9896	2
9897	2
9898	1
9903	1
9904	1
9905	1
9906	1
9908	1
9912	1
9915	1
9918	1
9919	1
9921	1
9926	1
9927	1
9928	2
9929	1
9930	1
9932	1
9933	1
9934	1
9939	1
9940	1
9946	1
9950	1
9953	1
9958	1
9959	2
9960	1
9965	2
9967	2
9974	1
9976	1
9977	1
9978	1
9980	1
9985	1
9988	1
9991	2
9992	1
9993	1
9994	3
10003	2
10006	1
10011	1
10013	1
10016	1
10017	2
10018	2
10023	1
10027	1
10029	2
10031	1
10033	1
10036	1
10037	1
10038	1
10041	2
10043	3
10044	2
10046	1
10049	1
10053	1
10055	1
10061	3
10062	2
10063	1
10070	1
10072	1
10075	1
10076	1
10077	1
10078	1
10081	1
10082	2
10086	1
10087	1
10088	1
10089	1
10092	1
10093	2
10096	2
10097	1
10099	1
10100	2
10101	2
10102	1
10104	2
10105	2
10107	2
10108	2
10111	1
10116	1
10118	2
10119	1
10120	1
10124	2
10132	1
10134	2
10135	2
10136	1
10137	1
10138	1
10139	1
10142	1
10150	1
10153	2
10159	1
10165	1
10169	1
10170	2
10172	2
10176	2
10177	2
10179	1
10180	1
10181	1
10183	1
10184	1
10190	1
10191	1
10193	2
10194	1
10195	1
10196	1
10197	1
10203	1
10204	2
10206	1
10207	1
10209	2
10211	2
10212	1
10214	1
10216	1
10218	1
10224	1
10225	1
10230	1
10235	1
10240	1
10242	1
10243	1
10244	2
10245	2
10247	1
10252	1
10259	1
10263	1
10264	1
10265	1
10266	1
10270	1
10271	3
10274	1
10279	1
10280	2
10283	1
10285	1
10288	1
10293	2
10294	1
10299	1
10308	1
10309	1
10313	1
10316	2
10320	1
10321	4
10323	1
10326	1
10330	1
10334	1
10335	1
10336	2
10338	1
10340	1
10343	1
10344	1
10346	2
10347	1
10363	1
10366	3
10373	1
10378	1
10381	2
10382	1
10388	1
10389	2
10390	1
10391	4
10392	1
10393	1
10394	1
10404	1
10405	1
10407	1
10409	2
10410	1
10411	2
10412	1
10413	1
10417	1
10418	1
10421	1
10428	1
10431	1
10433	1
10435	1
10436	1
10438	1
10440	1
10441	2
10443	2
10445	1
10447	1
10449	1
10453	2
10457	2
10463	1
10465	1
10468	1
10469	1
10476	4
10482	1
10484	1
10491	2
10493	1
10496	1
10501	2
10506	2
10513	2
10514	1
10515	1
10521	1
10522	1
10523	1
10525	1
10529	1
10532	1
10537	1
10543	2
10545	1
10546	1
10547	1
10549	1
10550	1
10557	1
10559	1
10560	1
10565	1
10566	1
10571	1
10572	1
10574	1
10576	2
10577	1
10583	2
10585	1
10586	3
10587	1
10588	1
10593	1
10596	1
10599	1
10600	1
10607	2
10608	1
10610	1
10615	1
10618	2
10622	1
10624	1
10628	1
10630	1
10631	2
10632	1
10635	1
10638	1
10642	3
10646	1
10649	1
10650	1
10657	1
10659	1
10662	1
10666	1
10667	3
10671	2
10672	1
10674	1
10678	1
10679	1
10683	1
10684	2
10690	1
10692	1
10712	2
10716	1
10717	1
10718	1
10719	1
10724	1
10725	2
10732	1
10733	1
10736	2
10738	1
10741	1
10745	3
10747	2
10752	1
10754	1
10755	1
10756	1
10757	1
10766	1
10767	2
10770	1
10771	1
10774	1
10775	1
10776	1
10777	1
10782	1
10787	2
10790	1
10795	1
10797	1
10799	1
10801	1
10805	1
10807	1
10808	1
10812	1
10816	1
10817	1
10820	1
10826	1
10827	1
10828	1
10830	2
10837	2
10839	1
10840	1
10841	1
10843	1
10844	1
10845	1
10846	1
10847	1
10849	1
10851	1
10853	2
10858	1
10859	1
10862	1
10863	1
10864	1
10866	1
10867	1
10868	1
10869	1
10871	1
10872	1
10877	1
10886	1
10893	1
10894	1
10895	1
10897	1
10898	2
10902	1
10904	1
10908	1
10918	2
10919	1
10920	2
10921	1
10922	1
10926	1
10928	1
10929	1
10931	1
10933	1
10934	1
10937	1
10939	1
10943	1
10949	1
10951	1
10955	1
10956	1
10959	1
10962	1
10963	1
10968	1
10971	1
10972	1
10974	1
10975	1
10976	1
10978	1
10979	1
10981	1
10982	1
10983	1
10991	1
10993	1
10998	1
11000	1
11006	1
11014	1
11016	1
11019	1
11026	1
11028	2
11029	2
11034	1
11036	2
11038	1
11042	1
11043	1
11057	1
11058	1
11067	1
11069	2
11082	1
11086	1
11089	1
11090	2
11092	1
11096	1
11097	1
11102	1
11103	2
11105	1
11107	1
11109	1
11110	1
11113	1
11116	1
11117	1
11118	1
11122	1
11127	2
11128	1
11132	1
11143	2
11150	1
11155	2
11157	1
11158	2
11160	1
11166	1
11168	2
11169	1
11172	1
11177	1
11180	1
11181	2
11185	2
11186	1
11187	1
11193	1
11200	1
11203	1
11204	1
11210	2
11213	1
11219	1
11221	1
11224	1
11225	2
11228	1
11238	2
11242	1
11244	1
11247	1
11251	1
11258	1
11260	2
11268	1
11270	1
11274	1
11284	1
11287	2
11291	1
11294	1
11296	1
11297	1
11298	1
11304	1
11316	1
11319	1
11324	1
11332	1
11334	2
11336	1
11341	1
11345	1
11350	3
11356	2
11358	1
11363	1
11365	1
11369	1
11375	1
11376	2
11379	1
11383	1
11388	2
11391	1
11405	1
11406	1
11407	2
11409	2
11414	1
11415	1
11422	1
11423	1
11427	1
11428	1
11431	1
11437	1
11443	2
11444	1
11448	1
11449	1
11450	1
11454	1
11459	1
11465	1
11471	1
11473	1
11476	1
11477	1
11479	1
11481	1
11482	1
11487	1
11488	2
11491	1
11493	1
11496	1
11497	1
11499	3
11502	1
11503	1
11505	1
11509	1
11510	1
11512	1
11517	1
11519	1
11522	1
11524	1
11526	1
11529	1
11530	1
11531	1
11532	1
11553	1
11559	1
11561	1
11562	1
11568	1
11571	1
11586	1
11593	1
11594	1
11595	1
11596	2
11597	1
11598	1
11600	1
11606	1
11616	1
11620	2
11623	1
11628	1
11630	1
11635	1
11636	1
11640	1
11646	1
11649	1
11652	1
11658	1
11659	1
11660	1
11662	1
11664	2
11666	2
11668	1
11674	1
11676	2
11681	3
11685	1
11688	1
11691	1
11695	1
11702	1
11703	1
11705	1
11706	1
11709	1
11712	1
11716	1
11719	1
11726	2
11730	1
11732	1
11737	1
11742	1
11743	1
11746	2
11753	1
11763	1
11774	1
11775	1
11777	1
11785	1
11790	1
11795	1
11802	1
11805	1
11807	1
11808	1
11813	1
11825	1
11833	2
11842	1
11848	2
11852	2
11863	1
11866	1
11868	1
11871	2
11872	1
11892	1
11894	1
11904	1
11910	1
11918	1
11920	1
11925	1
11932	1
11933	1
11941	1
11942	2
11950	1
11951	1
11954	1
11962	1
11965	1
11974	1
11985	1
11987	1
11989	2
11992	1
11998	1
12008	1
12018	1
12024	2
12030	1
12035	1
12039	1
12047	2
12055	1
12057	1
12061	1
12064	1
12065	1
12067	2
12073	2
12092	1
12094	1
12097	1
12102	1
12108	1
12118	1
12119	1
12124	1
12125	1
12129	1
12138	1
12140	1
12141	1
12145	1
12152	1
12157	2
12162	1
12163	1
12171	1
12176	1
12178	1
12182	1
12185	1
12196	1
12198	1
12201	1
12203	1
12209	1
12212	1
12222	1
12228	1
12237	1
12248	1
12255	1
12256	1
12259	1
12262	1
12265	1
12285	1
12292	1
12296	1
12301	1
12303	1
12304	1
12309	1
12312	2
12321	1
12322	1
12324	1
12330	1
12336	1
12338	1
12342	2
12349	1
12352	1
12353	1
12356	1
12359	1
12363	1
12364	1
12366	1
12367	1
12376	1
12384	1
12385	1
12390	1
12391	1
12396	1
12403	1
12407	1
12410	1
12415	1
12419	1
12422	1
12442	1
12459	1
12461	1
12462	1
12466	1
12469	1
12473	1
12474	1
12481	1
12482	1
12490	1
12503	1
12507	1
12513	3
12514	1
12515	1
12518	1
12519	1
12526	1
12530	1
12542	1
12544	1
12549	1
12555	1
12556	1
12559	2
12570	1
12571	1
12575	1
12582	1
12587	1
12591	2
12592	1
12602	1
12619	1
12622	2
12627	1
12631	1
12633	1
12635	1
12645	2
12647	1
12648	1
12654	1
12663	2
12667	1
12668	2
12669	1
12670	1
12671	1
12675	1
12678	1
12679	1
12683	1
12684	1
12693	1
12696	1
12705	1
12709	1
12712	1
12720	1
12726	1
12728	2
12732	1
12738	1
12742	1
12744	1
12749	1
12750	1
12758	1
12778	1
12781	1
12782	1
12783	1
12792	1
12796	1
12799	1
12801	1
12808	1
12822	1
12824	1
12837	1
12859	1
12860	1
12868	1
12874	1
12878	1
12883	2
12884	1
12909	1
12933	1
12934	1
12939	1
12940	1
12946	1
12947	1
12949	1
12956	1
12961	1
12962	1
12972	1
12974	1
12980	1
12984	1
12991	1
13001	2
13003	1
13004	2
13030	1
13035	1
13038	1
13040	1
13056	1
13060	1
13061	1
13081	1
13096	1
13100	1
13103	2
13104	1
13119	1
13121	1
13132	1
13134	1
13141	1
13152	1
13155	1
13156	1
13162	1
13163	1
13193	1
13194	1
13195	1
13196	1
13199	1
13213	1
13222	1
13225	1
13236	1
13237	1
13250	1
13260	2
13269	1
13277	1
13284	1
13285	2
13299	1
13310	1
13312	1
13315	1
13317	1
13318	1
13328	1
13331	1
13344	1
13358	2
13359	1
13364	1
13370	1
13382	1
13383	1
13404	1
13409	1
13418	1
13421	2
13445	1
13464	1
13469	1
13472	1
13475	2
13479	1
13482	1
13491	1
13492	1
13495	1
13502	1
13506	1
13510	1
13521	1
13525	1
13537	1
13548	1
13555	1
13558	2
13569	1
13609	1
13611	1
13619	1
13621	1
13628	1
13631	1
13643	1
13661	1
13670	1
13680	1
13686	1
13691	1
13699	1
13700	1
13703	1
13717	2
13719	1
13731	1
13734	1
13735	1
13757	1
13766	1
13772	1
13776	1
13808	1
13812	1
13819	1
13824	1
13826	2
13829	1
13851	1
13858	1
13864	1
13871	1
13882	1
13886	1
13887	1
13895	1
13896	1
13902	1
13907	1
13925	1
13927	1
13935	1
13939	1
13947	1
13950	1
13966	1
13982	1
13985	1
13990	1
13997	1
14041	1
14047	1
14059	1
14062	1
14072	1
14078	1
14079	1
14081	1
14085	1
14090	1
14119	1
14157	1
14166	1
14167	1
14168	1
14177	1
14188	1
14200	1
14216	1
14217	1
14225	1
14227	1
14250	1
14264	1
14275	1
14277	1
14279	1
14303	1
14321	1
14330	1
14331	1
14337	2
14338	1
14358	1
14359	1
14362	1
14376	1
14378	1
14404	1
14424	1
14429	1
14431	1
14442	1
14462	1
14464	1
14477	2
14481	1
14486	1
14487	1
14491	1
14504	1
14510	1
14528	1
14532	1
14539	1
14540	1
14544	1
14549	1
14573	1
14582	1
14620	1
14640	1
14648	1
14655	1
14663	1
14686	1
14723	1
14731	1
14737	1
14748	1
14759	1
14761	1
14792	1
14798	1
14806	1
14835	1
14841	1
14874	1
14878	2
14887	1
14890	1
14905	1
14919	1
14948	1
14958	1
14962	1
14983	1
14985	1
14992	1
14999	1
15001	2
15009	1
15022	1
15027	1
15032	2
15041	2
15072	1
15080	1
15086	1
15104	1
15115	1
15118	1
15122	1
15123	1
15128	1
15137	1
15147	1
15155	2
15158	1
15195	1
15196	1
15200	1
15202	1
15210	1
15243	2
15250	2
15252	1
15254	1
15258	1
15273	1
15291	2
15311	1
15359	1
15370	1
15374	1
15384	1
15392	1
15395	1
15402	1
15417	1
15423	1
15434	1
15447	1
15472	1
15489	1
15520	1
15521	1
15531	1
15548	1
15554	1
15564	1
15572	1
15595	1
15639	1
15650	1
15656	1
15705	1
15741	1
15758	1
15764	1
15773	1
15776	1
15780	1
15783	1
15788	1
15808	1
15812	1
15824	1
15847	1
15863	1
15866	1
15867	1
15872	1
15876	1
15881	1
15887	1
15923	1
15926	1
15932	1
15955	1
15963	1
15994	1
16021	1
16039	1
16051	1
16106	1
16118	1
16131	1
16134	1
16222	2
16250	1
16251	1
16263	1
16331	1
16358	1
16363	1
16365	1
16370	1
16373	1
16406	1
16418	1
16426	1
16446	1
16475	1
16483	1
16488	1
16517	1
16528	1
16544	1
16575	1
16591	1
16603	1
16628	2
16655	1
16676	1
16698	1
16705	1
16712	1
16740	1
16752	1
16779	1
16790	1
16794	1
16811	1
16816	1
16828	1
16850	1
16870	1
16894	1
16958	1
16970	1
16985	1
17020	1
17041	1
17043	1
17090	1
17099	1
17102	1
17153	2
17173	1
17174	1
17180	1
17188	1
17191	1
17197	1
17212	2
17239	2
17244	1
17267	1
17346	1
17468	1
17496	1
17508	1
17538	1
17554	1
17569	1
17591	1
17627	1
17796	1
17831	1
17855	1
17876	1
17902	1
17920	1
17961	1
17976	1
17998	1
18029	1
18052	1
18112	1
18114	1
18209	1
18254	1
18357	1
18376	1
18426	1
18438	1
18460	1
18497	1
18508	1
18542	1
18578	1
18580	1
18583	1
18601	1
18686	1
18700	1
18701	1
18731	1
18786	1
18963	1
18964	1
18969	1
19007	1
19034	1
19102	1
19112	1
19117	1
19187	1
19191	1
19212	1
19251	1
19369	1
19430	1
19594	1
19608	1
19647	1
19737	1
19832	1
19884	1
19904	1
19990	1
20036	1
20065	1
20161	1
20228	1
20235	1
20340	1
20527	1
20542	1
20557	1
20567	1
20589	1
20653	1
20690	1
20789	1
20800	1
20850	1
20878	1
21090	1
21093	1
21201	1
21210	1
21305	1
21336	1
21420	1
21628	1
21645	1
21661	1
21745	1
21800	1
21816	1
21873	1
21895	1
21917	1
21949	1
22049	1
22099	1
22107	1
22151	1
22155	1
22201	1
22302	1
22324	1
22700	1
22855	1
23372	1
23454	1
23770	1
24280	1
24360	1
24369	1
24377	1
24691	1
24746	1
24771	1
25002	1
25069	1
25136	1
25284	1
25395	1
25523	1
25554	1
25557	1
25740	1
25747	1
25866	1
26020	1
26117	1
26210	1
26272	1
26951	1
26998	1
27028	1
27168	1
27685	1
27831	1
28386	1
28985	1
29257	1
29386	1
29622	1
29856	1
29912	1
30613	1
30825	1
30931	1
31242	1
31385	1
31396	1
31673	1
31840	1
31981	1
32042	1
32070	1
32122	1
32580	1
32800	1
32893	1
32950	1
33175	1
33431	1
33649	1
34866	1
35173	1
36606	1
36696	1
36727	1
37412	1
37566	1
38597	1
40552	1
41154	1
41486	1
43480	1
44879	1
49593	1
50035	1
50639	1
51519	1
54773	1
54861	1
55775	1
58430	1
60195	1
60418	1
60766	1
61742	1
62906	1
65739	1
66742	1
80708	1
82033	1
97197	1
98393	1
101148	1
106945	1
110242	1
125817	1
127462	1
130853	1
3008087	1
