1 279183047
2 143985291
3 108248463
4 93487668
5 91353159
6 94019472
7 96748101
8 98136828
9 97571110
10 95269690
11 91280525
12 86047814
13 79849947
14 73135069
15 66029713
16 58950715
17 52085297
18 45599794
19 39561828
20 34041487
21 29084342
22 24697166
23 20869273
24 17570652
25 14755876
26 12362267
27 10351437
28 8668247
29 7266142
30 6112544
31 5152778
32 4371619
33 3730387
34 3198509
35 2760151
36 2403964
37 2107682
38 1866749
39 1658600
40 1488357
41 1343435
42 1221189
43 1118109
44 1029741
45 948856
46 881726
47 821494
48 768426
49 722476
50 681096
51 641458
52 608126
53 575686
54 545966
55 520370
56 496062
57 474541
58 454403
59 435754
60 416807
61 400788
62 383877
63 369520
64 354846
65 343782
66 330176
67 319331
68 307852
69 297897
70 288991
71 278811
72 270390
73 261932
74 253370
75 246005
76 238472
77 231751
78 224675
79 217315
80 212072
81 206611
82 200193
83 194907
84 190584
85 185900
86 180808
87 175579
88 171077
89 166897
90 163032
91 159144
92 154491
93 151666
94 148132
95 144349
96 141494
97 138194
98 134663
99 132151
100 128841
101 125800
102 123928
103 121225
104 118201
105 116115
106 114050
107 111864
108 109277
109 107121
110 105246
111 102940
112 100790
113 98985
114 97433
115 95531
116 94053
117 92183
118 90494
119 87976
120 87068
121 85474
122 83854
123 82413
124 81085
125 79605
126 78106
127 76971
128 75809
129 74186
130 72882
131 72154
132 70869
133 69963
134 68698
135 66954
136 66272
137 65603
138 64245
139 63083
140 62145
141 61244
142 60665
143 59702
144 58633
145 57980
146 57055
147 56036
148 55472
149 54469
150 53666
151 53056
152 52070
153 51236
154 50973
155 50024
156 49842
157 49010
158 48305
159 47882
160 47062
161 46552
162 45847
163 45472
164 44486
165 44332
166 43551
167 43120
168 42190
169 41954
170 41475
171 41173
172 39954
173 39897
174 39057
175 39163
176 38123
177 38200
178 37508
179 36871
180 36590
181 36111
182 35643
183 35162
184 34363
185 34584
186 34035
187 33684
188 33655
189 32904
190 32782
191 32072
192 31798
193 31621
194 31366
195 30850
196 30454
197 30073
198 30105
199 29467
200 29377
201 29241
202 28762
203 28566
204 27916
205 27904
206 27602
207 27216
208 27076
209 26783
210 26606
211 26356
212 25976
213 25479
214 25480
215 25271
216 25033
217 24806
218 24526
219 24134
220 24046
221 23657
222 23492
223 23459
224 22998
225 22800
226 22610
227 22749
228 22425
229 22396
230 22043
231 21712
232 21464
233 21200
234 21088
235 21043
236 20884
237 20610
238 20492
239 20268
240 19858
241 19977
242 19580
243 19708
244 19300
245 19112
246 19134
247 18887
248 18637
249 18727
250 18120
251 18396
252 18283
253 17980
254 17891
255 17569
256 17175
257 17393
258 17210
259 17125
260 16723
261 16719
262 16575
263 16431
264 16477
265 16340
266 16096
267 15956
268 15757
269 15691
270 15589
271 15379
272 15504
273 15134
274 14984
275 14871
276 14776
277 14623
278 14654
279 14507
280 14686
281 14144
282 14173
283 14038
284 14030
285 13878
286 13809
287 13586
288 13637
289 13497
290 13202
291 13429
292 13063
293 13106
294 13057
295 12805
296 12772
297 12764
298 12608
299 12748
300 12658
301 12236
302 12386
303 12295
304 11863
305 11888
306 12095
307 11703
308 11849
309 11809
310 11462
311 11263
312 11271
313 11269
314 11303
315 11338
316 11194
317 11092
318 10924
319 10721
320 10822
321 10726
322 10624
323 10514
324 10597
325 10438
326 10313
327 10171
328 10166
329 10126
330 9895
331 10230
332 9862
333 9998
334 10030
335 9921
336 9902
337 9765
338 9730
339 9496
340 9756
341 9406
342 9435
343 9354
344 9293
345 9193
346 9286
347 9107
348 9038
349 9152
350 8947
351 8810
352 8872
353 9019
354 8575
355 8516
356 8571
357 8625
358 8494
359 8494
360 8577
361 8469
362 8237
363 8299
364 8219
365 8224
366 8150
367 8063
368 8126
369 8051
370 7984
371 8006
372 7779
373 7817
374 7900
375 7803
376 7600
377 7485
378 7669
379 7442
380 7573
381 7316
382 7230
383 7344
384 7322
385 7297
386 7166
387 7182
388 7310
389 7087
390 7059
391 7088
392 6961
393 6948
394 6925
395 6854
396 6909
397 6931
398 6799
399 6742
400 6814
401 6744
402 6622
403 6586
404 6658
405 6518
406 6366
407 6484
408 6370
409 6539
410 6286
411 6220
412 6310
413 6246
414 6254
415 6247
416 6306
417 6167
418 6160
419 6047
420 6095
421 5987
422 6125
423 6155
424 5852
425 5900
426 5906
427 5878
428 5746
429 5923
430 5735
431 5637
432 5905
433 5700
434 5621
435 5697
436 5757
437 5561
438 5445
439 5483
440 5452
441 5503
442 5507
443 5385
444 5287
445 5278
446 5228
447 5328
448 5360
449 5250
450 5136
451 5190
452 5140
453 5154
454 5173
455 5156
456 5145
457 5094
458 5127
459 4984
460 4984
461 4929
462 4907
463 5161
464 4831
465 4833
466 4825
467 4736
468 4786
469 4953
470 4709
471 4764
472 4807
473 4761
474 4628
475 4530
476 4608
477 4495
478 4448
479 4515
480 4375
481 4507
482 4465
483 4480
484 4516
485 4535
486 4469
487 4375
488 4355
489 4380
490 4399
491 4332
492 4254
493 4437
494 4412
495 4240
496 4273
497 4316
498 4265
499 4062
500 4162
501 4133
502 4168
503 4026
504 4165
505 3999
506 4014
507 4017
508 4007
509 4064
510 3906
511 3994
512 4092
513 3986
514 3985
515 3887
516 3909
517 3860
518 3847
519 3921
520 3831
521 3794
522 3758
523 3823
524 3775
525 3738
526 3766
527 3554
528 3719
529 3671
530 3709
531 3636
532 3522
533 3667
534 3608
535 3543
536 3567
537 3550
538 3515
539 3421
540 3438
541 3523
542 3496
543 3366
544 3458
545 3424
546 3422
547 3417
548 3450
549 3438
550 3300
551 3289
552 3365
553 3325
554 3276
555 3265
556 3374
557 3343
558 3253
559 3235
560 3297
561 3257
562 3238
563 3209
564 3223
565 3184
566 3212
567 3190
568 3131
569 3143
570 3127
571 3179
572 3036
573 2997
574 3011
575 3025
576 3061
577 3048
578 3112
579 2972
580 3133
581 2978
582 2912
583 3004
584 2937
585 2870
586 2923
587 2872
588 2805
589 2958
590 2852
591 2816
592 2942
593 2955
594 2905
595 2846
596 2881
597 2777
598 2882
599 2839
600 2847
601 2764
602 2792
603 2694
604 2711
605 2801
606 2735
607 2760
608 2725
609 2613
610 2653
611 2726
612 2665
613 2631
614 2758
615 2606
616 2568
617 2514
618 2571
619 2707
620 2613
621 2518
622 2629
623 2563
624 2501
625 2515
626 2603
627 2549
628 2460
629 2492
630 2629
631 2507
632 2577
633 2489
634 2518
635 2478
636 2478
637 2506
638 2480
639 2453
640 2395
641 2388
642 2368
643 2462
644 2410
645 2383
646 2401
647 2337
648 2362
649 2389
650 2411
651 2291
652 2320
653 2391
654 2288
655 2251
656 2296
657 2389
658 2288
659 2354
660 2366
661 2342
662 2250
663 2262
664 2313
665 2273
666 2290
667 2239
668 2274
669 2313
670 2244
671 2170
672 2171
673 2234
674 2260
675 2240
676 2222
677 2183
678 2170
679 2167
680 2113
681 2126
682 2097
683 2214
684 2106
685 2137
686 2119
687 2134
688 2060
689 2091
690 2068
691 2146
692 2037
693 2152
694 2048
695 2042
696 2050
697 1972
698 2102
699 2046
700 1938
701 1998
702 1941
703 2013
704 2000
705 1971
706 1928
707 1942
708 1882
709 1905
710 1930
711 2006
712 1975
713 1913
714 1970
715 1935
716 1888
717 1944
718 1878
719 1824
720 1897
721 1843
722 1929
723 1850
724 1875
725 1794
726 1897
727 1842
728 1854
729 1871
730 1906
731 1827
732 1912
733 1784
734 1952
735 1779
736 1828
737 1860
738 1831
739 1875
740 1868
741 1792
742 1850
743 1704
744 1800
745 1747
746 1827
747 1762
748 1824
749 1757
750 1742
751 1689
752 1771
753 1696
754 1731
755 1703
756 1661
757 1816
758 1659
759 1731
760 1663
761 1701
762 1763
763 1659
764 1730
765 1770
766 1757
767 1617
768 1686
769 1663
770 1622
771 1609
772 1690
773 1585
774 1669
775 1621
776 1651
777 1535
778 1577
779 1574
780 1650
781 1615
782 1583
783 1645
784 1627
785 1619
786 1584
787 1596
788 1600
789 1612
790 1488
791 1509
792 1596
793 1562
794 1549
795 1552
796 1593
797 1481
798 1587
799 1571
800 1559
801 1509
802 1585
803 1421
804 1471
805 1543
806 1456
807 1563
808 1470
809 1475
810 1442
811 1539
812 1493
813 1444
814 1487
815 1513
816 1475
817 1491
818 1464
819 1430
820 1472
821 1418
822 1460
823 1440
824 1362
825 1490
826 1376
827 1468
828 1411
829 1437
830 1445
831 1372
832 1466
833 1434
834 1420
835 1344
836 1438
837 1385
838 1408
839 1338
840 1352
841 1366
842 1350
843 1328
844 1396
845 1428
846 1407
847 1426
848 1337
849 1382
850 1400
851 1367
852 1351
853 1316
854 1377
855 1345
856 1349
857 1277
858 1318
859 1306
860 1314
861 1384
862 1246
863 1297
864 1299
865 1329
866 1293
867 1311
868 1302
869 1222
870 1259
871 1293
872 1241
873 1328
874 1317
875 1308
876 1243
877 1259
878 1156
879 1287
880 1230
881 1221
882 1222
883 1271
884 1199
885 1244
886 1266
887 1261
888 1226
889 1282
890 1171
891 1247
892 1278
893 1265
894 1297
895 1239
896 1225
897 1143
898 1176
899 1232
900 1170
901 1195
902 1144
903 1177
904 1129
905 1138
906 1155
907 1167
908 1124
909 1146
910 1194
911 1149
912 1126
913 1153
914 1140
915 1121
916 1088
917 1129
918 1093
919 1152
920 1234
921 1186
922 1126
923 1066
924 1100
925 1145
926 1224
927 1075
928 1146
929 1092
930 1122
931 1101
932 1082
933 1074
934 1097
935 1122
936 1072
937 1092
938 1114
939 1069
940 1122
941 1118
942 1055
943 1154
944 1052
945 1032
946 1111
947 1051
948 1086
949 1096
950 1079
951 1047
952 1067
953 1137
954 1101
955 1068
956 1061
957 1071
958 1019
959 1090
960 1071
961 1035
962 1024
963 1014
964 1020
965 1028
966 1074
967 1034
968 998
969 1032
970 1024
971 1067
972 1000
973 1033
974 1021
975 1023
976 1038
977 996
978 1007
979 1035
980 985
981 1079
982 977
983 980
984 1012
985 980
986 1043
987 980
988 976
989 1002
990 1028
991 1033
992 971
993 973
994 998
995 1037
996 954
997 1004
998 958
999 972
1000 971
1001 890
1002 957
1003 977
1004 989
1005 977
1006 945
1007 992
1008 964
1009 966
1010 902
1011 969
1012 1008
1013 931
1014 939
1015 923
1016 950
1017 954
1018 946
1019 933
1020 938
1021 928
1022 952
1023 957
1024 936
1025 929
1026 955
1027 897
1028 941
1029 1013
1030 994
1031 906
1032 910
1033 932
1034 948
1035 884
1036 916
1037 912
1038 899
1039 879
1040 898
1041 879
1042 898
1043 913
1044 918
1045 907
1046 890
1047 909
1048 909
1049 911
1050 901
1051 876
1052 946
1053 887
1054 850
1055 875
1056 888
1057 885
1058 906
1059 860
1060 835
1061 853
1062 827
1063 886
1064 851
1065 861
1066 821
1067 828
1068 831
1069 884
1070 857
1071 850
1072 850
1073 848
1074 837
1075 823
1076 840
1077 823
1078 860
1079 782
1080 797
1081 788
1082 826
1083 835
1084 797
1085 778
1086 791
1087 815
1088 781
1089 848
1090 804
1091 782
1092 827
1093 808
1094 832
1095 814
1096 798
1097 802
1098 783
1099 832
1100 817
1101 792
1102 816
1103 794
1104 776
1105 779
1106 828
1107 771
1108 787
1109 792
1110 781
1111 789
1112 771
1113 808
1114 807
1115 819
1116 747
1117 761
1118 769
1119 776
1120 821
1121 745
1122 750
1123 837
1124 782
1125 747
1126 759
1127 715
1128 772
1129 754
1130 765
1131 739
1132 819
1133 746
1134 725
1135 789
1136 826
1137 783
1138 813
1139 681
1140 744
1141 734
1142 774
1143 742
1144 760
1145 735
1146 725
1147 713
1148 703
1149 687
1150 719
1151 738
1152 744
1153 713
1154 723
1155 747
1156 743
1157 707
1158 680
1159 677
1160 686
1161 663
1162 703
1163 744
1164 689
1165 678
1166 733
1167 662
1168 693
1169 738
1170 674
1171 675
1172 727
1173 681
1174 666
1175 695
1176 709
1177 661
1178 710
1179 714
1180 701
1181 683
1182 703
1183 624
1184 673
1185 649
1186 681
1187 615
1188 654
1189 649
1190 680
1191 718
1192 670
1193 699
1194 651
1195 719
1196 650
1197 640
1198 718
1199 647
1200 672
1201 632
1202 669
1203 653
1204 637
1205 633
1206 717
1207 650
1208 661
1209 666
1210 658
1211 642
1212 661
1213 701
1214 639
1215 641
1216 691
1217 641
1218 662
1219 633
1220 629
1221 644
1222 646
1223 630
1224 669
1225 640
1226 654
1227 632
1228 618
1229 630
1230 628
1231 673
1232 630
1233 634
1234 624
1235 633
1236 621
1237 625
1238 597
1239 593
1240 641
1241 580
1242 628
1243 593
1244 611
1245 615
1246 660
1247 634
1248 600
1249 579
1250 609
1251 597
1252 631
1253 581
1254 607
1255 612
1256 596
1257 631
1258 602
1259 587
1260 608
1261 635
1262 595
1263 541
1264 583
1265 656
1266 574
1267 543
1268 573
1269 569
1270 576
1271 560
1272 625
1273 578
1274 603
1275 612
1276 578
1277 576
1278 586
1279 596
1280 625
1281 591
1282 546
1283 605
1284 578
1285 580
1286 567
1287 567
1288 560
1289 561
1290 612
1291 552
1292 587
1293 531
1294 576
1295 597
1296 544
1297 582
1298 574
1299 607
1300 573
1301 570
1302 568
1303 585
1304 599
1305 593
1306 613
1307 520
1308 541
1309 569
1310 541
1311 527
1312 574
1313 545
1314 549
1315 546
1316 539
1317 503
1318 539
1319 553
1320 536
1321 573
1322 531
1323 535
1324 581
1325 546
1326 525
1327 553
1328 513
1329 518
1330 556
1331 507
1332 505
1333 577
1334 539
1335 542
1336 526
1337 499
1338 531
1339 523
1340 518
1341 524
1342 558
1343 520
1344 540
1345 536
1346 517
1347 529
1348 552
1349 528
1350 525
1351 555
1352 508
1353 519
1354 501
1355 530
1356 552
1357 556
1358 486
1359 476
1360 532
1361 527
1362 510
1363 499
1364 514
1365 447
1366 514
1367 492
1368 489
1369 490
1370 520
1371 532
1372 526
1373 523
1374 535
1375 511
1376 509
1377 466
1378 451
1379 513
1380 509
1381 467
1382 487
1383 502
1384 512
1385 466
1386 471
1387 523
1388 514
1389 449
1390 492
1391 512
1392 525
1393 552
1394 483
1395 532
1396 467
1397 511
1398 496
1399 484
1400 500
1401 468
1402 471
1403 470
1404 439
1405 516
1406 484
1407 473
1408 517
1409 485
1410 474
1411 474
1412 437
1413 472
1414 479
1415 455
1416 503
1417 482
1418 481
1419 432
1420 462
1421 492
1422 486
1423 426
1424 479
1425 460
1426 472
1427 481
1428 480
1429 481
1430 493
1431 476
1432 430
1433 465
1434 501
1435 461
1436 438
1437 499
1438 457
1439 476
1440 431
1441 458
1442 463
1443 462
1444 461
1445 445
1446 452
1447 452
1448 477
1449 423
1450 465
1451 474
1452 444
1453 456
1454 470
1455 466
1456 488
1457 470
1458 461
1459 460
1460 434
1461 483
1462 410
1463 452
1464 472
1465 408
1466 405
1467 445
1468 459
1469 460
1470 415
1471 470
1472 457
1473 426
1474 464
1475 429
1476 424
1477 460
1478 447
1479 413
1480 449
1481 442
1482 462
1483 458
1484 493
1485 457
1486 466
1487 453
1488 486
1489 457
1490 455
1491 410
1492 476
1493 452
1494 402
1495 459
1496 432
1497 443
1498 447
1499 425
1500 453
1501 434
1502 463
1503 398
1504 447
1505 418
1506 417
1507 407
1508 427
1509 395
1510 431
1511 434
1512 438
1513 404
1514 396
1515 416
1516 410
1517 443
1518 427
1519 394
1520 407
1521 430
1522 422
1523 413
1524 451
1525 424
1526 399
1527 394
1528 404
1529 425
1530 415
1531 386
1532 398
1533 405
1534 420
1535 415
1536 418
1537 410
1538 411
1539 369
1540 378
1541 437
1542 395
1543 437
1544 386
1545 411
1546 375
1547 382
1548 363
1549 396
1550 398
1551 386
1552 401
1553 379
1554 395
1555 399
1556 432
1557 392
1558 370
1559 367
1560 362
1561 414
1562 401
1563 379
1564 383
1565 373
1566 391
1567 382
1568 403
1569 382
1570 403
1571 397
1572 364
1573 356
1574 379
1575 379
1576 396
1577 422
1578 350
1579 336
1580 389
1581 369
1582 397
1583 365
1584 388
1585 388
1586 358
1587 379
1588 336
1589 384
1590 387
1591 349
1592 354
1593 394
1594 334
1595 409
1596 356
1597 351
1598 381
1599 377
1600 372
1601 372
1602 350
1603 379
1604 357
1605 375
1606 374
1607 366
1608 344
1609 363
1610 372
1611 367
1612 340
1613 376
1614 367
1615 358
1616 350
1617 352
1618 303
1619 334
1620 349
1621 362
1622 346
1623 348
1624 383
1625 367
1626 343
1627 361
1628 362
1629 338
1630 350
1631 334
1632 340
1633 322
1634 344
1635 318
1636 339
1637 324
1638 378
1639 370
1640 347
1641 319
1642 372
1643 339
1644 338
1645 335
1646 329
1647 325
1648 332
1649 314
1650 339
1651 344
1652 312
1653 309
1654 351
1655 349
1656 341
1657 327
1658 345
1659 331
1660 352
1661 333
1662 367
1663 331
1664 310
1665 306
1666 341
1667 364
1668 315
1669 327
1670 359
1671 324
1672 330
1673 335
1674 371
1675 311
1676 325
1677 339
1678 293
1679 315
1680 346
1681 329
1682 329
1683 326
1684 313
1685 328
1686 294
1687 311
1688 335
1689 308
1690 310
1691 310
1692 339
1693 342
1694 311
1695 309
1696 310
1697 317
1698 312
1699 318
1700 335
1701 325
1702 299
1703 333
1704 315
1705 375
1706 330
1707 350
1708 336
1709 316
1710 307
1711 328
1712 322
1713 297
1714 296
1715 316
1716 292
1717 294
1718 313
1719 298
1720 308
1721 326
1722 310
1723 320
1724 299
1725 343
1726 309
1727 304
1728 302
1729 307
1730 267
1731 298
1732 310
1733 327
1734 311
1735 304
1736 290
1737 308
1738 337
1739 319
1740 317
1741 341
1742 291
1743 310
1744 310
1745 307
1746 322
1747 290
1748 317
1749 302
1750 278
1751 310
1752 314
1753 286
1754 305
1755 304
1756 280
1757 300
1758 326
1759 287
1760 273
1761 326
1762 280
1763 311
1764 291
1765 295
1766 279
1767 281
1768 295
1769 249
1770 287
1771 272
1772 258
1773 287
1774 288
1775 312
1776 318
1777 275
1778 297
1779 281
1780 287
1781 264
1782 258
1783 297
1784 281
1785 311
1786 307
1787 301
1788 257
1789 255
1790 278
1791 294
1792 265
1793 277
1794 322
1795 260
1796 298
1797 262
1798 262
1799 289
1800 304
1801 282
1802 266
1803 272
1804 256
1805 245
1806 245
1807 285
1808 314
1809 305
1810 280
1811 267
1812 257
1813 254
1814 226
1815 261
1816 261
1817 292
1818 268
1819 259
1820 283
1821 264
1822 265
1823 289
1824 262
1825 265
1826 252
1827 236
1828 254
1829 260
1830 269
1831 273
1832 252
1833 277
1834 283
1835 273
1836 284
1837 256
1838 259
1839 279
1840 270
1841 244
1842 270
1843 272
1844 273
1845 251
1846 269
1847 232
1848 253
1849 236
1850 259
1851 253
1852 233
1853 251
1854 254
1855 263
1856 258
1857 243
1858 250
1859 259
1860 263
1861 259
1862 262
1863 284
1864 268
1865 277
1866 282
1867 249
1868 257
1869 246
1870 237
1871 247
1872 258
1873 255
1874 250
1875 262
1876 250
1877 275
1878 274
1879 272
1880 255
1881 267
1882 260
1883 267
1884 254
1885 262
1886 251
1887 267
1888 254
1889 245
1890 291
1891 257
1892 248
1893 243
1894 251
1895 231
1896 224
1897 263
1898 232
1899 233
1900 239
1901 250
1902 235
1903 264
1904 239
1905 262
1906 249
1907 237
1908 256
1909 281
1910 264
1911 237
1912 218
1913 242
1914 222
1915 234
1916 253
1917 219
1918 217
1919 224
1920 243
1921 238
1922 238
1923 247
1924 222
1925 241
1926 257
1927 221
1928 259
1929 244
1930 262
1931 227
1932 247
1933 257
1934 222
1935 217
1936 226
1937 243
1938 220
1939 223
1940 248
1941 251
1942 245
1943 242
1944 202
1945 215
1946 237
1947 226
1948 205
1949 233
1950 228
1951 250
1952 246
1953 223
1954 215
1955 226
1956 231
1957 232
1958 230
1959 235
1960 235
1961 215
1962 240
1963 251
1964 218
1965 219
1966 221
1967 231
1968 243
1969 234
1970 232
1971 239
1972 228
1973 221
1974 210
1975 230
1976 217
1977 208
1978 248
1979 209
1980 240
1981 209
1982 222
1983 252
1984 222
1985 204
1986 212
1987 211
1988 235
1989 214
1990 205
1991 208
1992 230
1993 245
1994 204
1995 215
1996 193
1997 204
1998 214
1999 204
2000 208
2001 262
2002 229
2003 244
2004 211
2005 222
2006 206
2007 207
2008 209
2009 210
2010 206
2011 216
2012 221
2013 199
2014 210
2015 213
2016 208
2017 208
2018 212
2019 210
2020 219
2021 198
2022 228
2023 203
2024 213
2025 239
2026 205
2027 198
2028 191
2029 214
2030 207
2031 195
2032 196
2033 190
2034 215
2035 182
2036 187
2037 210
2038 213
2039 205
2040 197
2041 212
2042 214
2043 178
2044 196
2045 219
2046 212
2047 199
2048 232
2049 217
2050 187
2051 221
2052 204
2053 210
2054 211
2055 211
2056 204
2057 208
2058 206
2059 192
2060 199
2061 190
2062 225
2063 212
2064 193
2065 197
2066 201
2067 212
2068 217
2069 211
2070 198
2071 190
2072 197
2073 180
2074 192
2075 192
2076 213
2077 197
2078 214
2079 228
2080 189
2081 218
2082 195
2083 180
2084 221
2085 229
2086 210
2087 182
2088 189
2089 187
2090 235
2091 185
2092 190
2093 173
2094 192
2095 211
2096 205
2097 209
2098 186
2099 210
2100 196
2101 198
2102 227
2103 177
2104 217
2105 213
2106 193
2107 202
2108 195
2109 195
2110 212
2111 228
2112 209
2113 180
2114 217
2115 210
2116 156
2117 204
2118 198
2119 202
2120 232
2121 206
2122 177
2123 197
2124 215
2125 203
2126 197
2127 202
2128 192
2129 210
2130 181
2131 215
2132 199
2133 204
2134 197
2135 207
2136 187
2137 175
2138 216
2139 205
2140 194
2141 164
2142 188
2143 156
2144 194
2145 193
2146 207
2147 198
2148 191
2149 222
2150 204
2151 157
2152 180
2153 191
2154 185
2155 185
2156 189
2157 212
2158 194
2159 181
2160 197
2161 196
2162 204
2163 185
2164 182
2165 172
2166 174
2167 184
2168 167
2169 182
2170 200
2171 164
2172 202
2173 187
2174 171
2175 190
2176 189
2177 199
2178 204
2179 204
2180 224
2181 195
2182 196
2183 205
2184 177
2185 173
2186 179
2187 184
2188 190
2189 187
2190 171
2191 169
2192 182
2193 190
2194 177
2195 176
2196 195
2197 167
2198 204
2199 183
2200 192
2201 193
2202 185
2203 198
2204 168
2205 188
2206 183
2207 163
2208 177
2209 181
2210 188
2211 183
2212 204
2213 186
2214 191
2215 179
2216 183
2217 160
2218 180
2219 159
2220 182
2221 190
2222 180
2223 174
2224 199
2225 171
2226 164
2227 161
2228 175
2229 162
2230 209
2231 183
2232 163
2233 178
2234 176
2235 188
2236 164
2237 198
2238 175
2239 158
2240 187
2241 166
2242 190
2243 196
2244 179
2245 206
2246 171
2247 179
2248 196
2249 163
2250 195
2251 175
2252 179
2253 154
2254 164
2255 172
2256 156
2257 155
2258 180
2259 186
2260 157
2261 173
2262 177
2263 159
2264 179
2265 186
2266 161
2267 165
2268 146
2269 187
2270 185
2271 176
2272 180
2273 176
2274 159
2275 193
2276 173
2277 166
2278 176
2279 159
2280 169
2281 170
2282 176
2283 174
2284 181
2285 173
2286 167
2287 217
2288 172
2289 150
2290 158
2291 156
2292 167
2293 157
2294 182
2295 165
2296 152
2297 145
2298 169
2299 174
2300 165
2301 159
2302 174
2303 180
2304 176
2305 166
2306 190
2307 162
2308 176
2309 179
2310 182
2311 149
2312 174
2313 157
2314 155
2315 165
2316 156
2317 179
2318 150
2319 163
2320 182
2321 174
2322 170
2323 181
2324 168
2325 153
2326 150
2327 166
2328 168
2329 165
2330 164
2331 148
2332 160
2333 165
2334 146
2335 208
2336 152
2337 177
2338 161
2339 176
2340 148
2341 171
2342 155
2343 185
2344 178
2345 163
2346 160
2347 151
2348 160
2349 160
2350 158
2351 165
2352 169
2353 155
2354 147
2355 171
2356 156
2357 161
2358 136
2359 148
2360 178
2361 155
2362 153
2363 158
2364 142
2365 169
2366 144
2367 148
2368 168
2369 157
2370 167
2371 161
2372 158
2373 156
2374 134
2375 167
2376 173
2377 154
2378 142
2379 134
2380 168
2381 145
2382 160
2383 149
2384 148
2385 156
2386 159
2387 170
2388 162
2389 172
2390 138
2391 142
2392 165
2393 138
2394 140
2395 141
2396 119
2397 144
2398 151
2399 146
2400 150
2401 169
2402 150
2403 155
2404 164
2405 161
2406 140
2407 165
2408 149
2409 149
2410 161
2411 152
2412 151
2413 161
2414 154
2415 147
2416 144
2417 135
2418 165
2419 151
2420 142
2421 154
2422 158
2423 157
2424 144
2425 143
2426 153
2427 155
2428 125
2429 164
2430 153
2431 142
2432 165
2433 133
2434 154
2435 135
2436 142
2437 157
2438 122
2439 154
2440 154
2441 147
2442 144
2443 129
2444 146
2445 162
2446 147
2447 166
2448 143
2449 162
2450 140
2451 159
2452 139
2453 152
2454 122
2455 136
2456 143
2457 125
2458 138
2459 128
2460 140
2461 147
2462 123
2463 136
2464 144
2465 136
2466 148
2467 118
2468 137
2469 143
2470 143
2471 156
2472 124
2473 151
2474 157
2475 167
2476 135
2477 134
2478 131
2479 128
2480 127
2481 132
2482 137
2483 144
2484 142
2485 138
2486 142
2487 131
2488 127
2489 147
2490 130
2491 127
2492 155
2493 151
2494 135
2495 133
2496 139
2497 134
2498 131
2499 144
2500 130
2501 120
2502 170
2503 138
2504 125
2505 134
2506 149
2507 115
2508 139
2509 144
2510 138
2511 138
2512 125
2513 146
2514 139
2515 135
2516 131
2517 145
2518 153
2519 146
2520 128
2521 156
2522 130
2523 106
2524 151
2525 137
2526 139
2527 125
2528 127
2529 104
2530 154
2531 130
2532 128
2533 148
2534 116
2535 133
2536 120
2537 146
2538 125
2539 133
2540 128
2541 133
2542 132
2543 130
2544 123
2545 155
2546 128
2547 154
2548 146
2549 124
2550 145
2551 120
2552 128
2553 118
2554 121
2555 139
2556 118
2557 112
2558 140
2559 112
2560 135
2561 142
2562 136
2563 122
2564 143
2565 133
2566 146
2567 143
2568 124
2569 134
2570 127
2571 115
2572 142
2573 134
2574 125
2575 133
2576 125
2577 147
2578 127
2579 128
2580 120
2581 149
2582 153
2583 137
2584 141
2585 130
2586 126
2587 121
2588 115
2589 116
2590 136
2591 116
2592 129
2593 130
2594 133
2595 117
2596 136
2597 127
2598 120
2599 158
2600 130
2601 143
2602 132
2603 151
2604 127
2605 125
2606 145
2607 111
2608 120
2609 145
2610 133
2611 113
2612 117
2613 135
2614 131
2615 146
2616 118
2617 128
2618 135
2619 148
2620 124
2621 134
2622 130
2623 124
2624 131
2625 117
2626 124
2627 124
2628 128
2629 122
2630 108
2631 126
2632 126
2633 130
2634 124
2635 139
2636 126
2637 125
2638 124
2639 106
2640 130
2641 140
2642 118
2643 119
2644 117
2645 139
2646 118
2647 109
2648 130
2649 129
2650 107
2651 110
2652 129
2653 133
2654 131
2655 125
2656 114
2657 136
2658 125
2659 124
2660 127
2661 108
2662 121
2663 133
2664 128
2665 136
2666 120
2667 118
2668 98
2669 121
2670 138
2671 121
2672 110
2673 127
2674 120
2675 136
2676 115
2677 127
2678 107
2679 121
2680 118
2681 146
2682 120
2683 133
2684 135
2685 122
2686 120
2687 129
2688 129
2689 112
2690 115
2691 112
2692 130
2693 123
2694 121
2695 112
2696 121
2697 123
2698 132
2699 124
2700 115
2701 119
2702 104
2703 124
2704 108
2705 128
2706 114
2707 113
2708 127
2709 110
2710 121
2711 115
2712 130
2713 108
2714 122
2715 124
2716 111
2717 102
2718 108
2719 115
2720 109
2721 130
2722 111
2723 109
2724 112
2725 99
2726 102
2727 118
2728 111
2729 111
2730 141
2731 117
2732 102
2733 131
2734 129
2735 98
2736 120
2737 114
2738 112
2739 130
2740 91
2741 114
2742 103
2743 102
2744 130
2745 109
2746 147
2747 122
2748 100
2749 109
2750 98
2751 122
2752 118
2753 92
2754 97
2755 109
2756 104
2757 123
2758 112
2759 103
2760 100
2761 128
2762 104
2763 115
2764 125
2765 97
2766 112
2767 126
2768 101
2769 112
2770 120
2771 103
2772 124
2773 116
2774 107
2775 119
2776 92
2777 110
2778 90
2779 119
2780 111
2781 110
2782 111
2783 111
2784 116
2785 124
2786 108
2787 111
2788 92
2789 135
2790 105
2791 104
2792 114
2793 125
2794 91
2795 88
2796 117
2797 95
2798 115
2799 112
2800 107
2801 95
2802 105
2803 117
2804 107
2805 122
2806 105
2807 100
2808 88
2809 102
2810 109
2811 105
2812 94
2813 98
2814 97
2815 113
2816 105
2817 97
2818 123
2819 98
2820 105
2821 107
2822 90
2823 94
2824 116
2825 124
2826 102
2827 108
2828 107
2829 108
2830 121
2831 108
2832 103
2833 94
2834 94
2835 114
2836 97
2837 82
2838 97
2839 113
2840 95
2841 113
2842 80
2843 102
2844 126
2845 103
2846 96
2847 102
2848 122
2849 109
2850 106
2851 106
2852 109
2853 111
2854 121
2855 108
2856 108
2857 110
2858 92
2859 117
2860 114
2861 117
2862 121
2863 101
2864 83
2865 109
2866 115
2867 132
2868 101
2869 103
2870 98
2871 96
2872 102
2873 105
2874 91
2875 103
2876 96
2877 92
2878 98
2879 90
2880 90
2881 109
2882 111
2883 83
2884 102
2885 93
2886 111
2887 98
2888 120
2889 115
2890 101
2891 111
2892 95
2893 104
2894 102
2895 99
2896 88
2897 119
2898 102
2899 110
2900 114
2901 102
2902 92
2903 116
2904 102
2905 105
2906 101
2907 120
2908 94
2909 124
2910 100
2911 116
2912 97
2913 90
2914 105
2915 105
2916 107
2917 106
2918 104
2919 108
2920 98
2921 95
2922 108
2923 107
2924 93
2925 112
2926 95
2927 79
2928 95
2929 76
2930 90
2931 83
2932 91
2933 113
2934 100
2935 92
2936 105
2937 91
2938 102
2939 104
2940 95
2941 98
2942 114
2943 111
2944 95
2945 105
2946 110
2947 114
2948 99
2949 88
2950 100
2951 104
2952 90
2953 91
2954 94
2955 92
2956 106
2957 107
2958 106
2959 107
2960 100
2961 90
2962 101
2963 109
2964 107
2965 91
2966 91
2967 111
2968 105
2969 87
2970 94
2971 111
2972 93
2973 92
2974 96
2975 118
2976 82
2977 110
2978 108
2979 95
2980 100
2981 98
2982 101
2983 108
2984 112
2985 93
2986 90
2987 94
2988 105
2989 89
2990 100
2991 86
2992 120
2993 103
2994 91
2995 115
2996 101
2997 96
2998 105
2999 101
3000 96
3001 97
3002 85
3003 98
3004 101
3005 93
3006 83
3007 93
3008 112
3009 100
3010 110
3011 99
3012 88
3013 98
3014 93
3015 91
3016 92
3017 84
3018 100
3019 95
3020 93
3021 107
3022 83
3023 80
3024 98
3025 102
3026 105
3027 102
3028 113
3029 95
3030 98
3031 83
3032 94
3033 107
3034 106
3035 109
3036 85
3037 126
3038 100
3039 105
3040 80
3041 89
3042 95
3043 97
3044 102
3045 115
3046 81
3047 95
3048 99
3049 93
3050 96
3051 101
3052 105
3053 93
3054 98
3055 99
3056 97
3057 117
3058 84
3059 104
3060 126
3061 106
3062 103
3063 91
3064 85
3065 93
3066 93
3067 96
3068 91
3069 95
3070 102
3071 96
3072 102
3073 83
3074 106
3075 98
3076 87
3077 73
3078 98
3079 74
3080 90
3081 96
3082 93
3083 102
3084 99
3085 86
3086 103
3087 88
3088 92
3089 104
3090 102
3091 104
3092 98
3093 87
3094 91
3095 94
3096 85
3097 104
3098 103
3099 106
3100 92
3101 94
3102 76
3103 91
3104 103
3105 95
3106 93
3107 113
3108 107
3109 81
3110 99
3111 108
3112 95
3113 75
3114 106
3115 87
3116 112
3117 88
3118 92
3119 92
3120 100
3121 86
3122 87
3123 86
3124 84
3125 94
3126 81
3127 97
3128 90
3129 89
3130 89
3131 90
3132 107
3133 95
3134 99
3135 108
3136 87
3137 107
3138 90
3139 104
3140 93
3141 101
3142 88
3143 81
3144 95
3145 101
3146 84
3147 97
3148 92
3149 100
3150 96
3151 105
3152 89
3153 98
3154 92
3155 101
3156 69
3157 96
3158 94
3159 75
3160 88
3161 96
3162 89
3163 88
3164 86
3165 95
3166 91
3167 103
3168 80
3169 89
3170 74
3171 95
3172 81
3173 93
3174 89
3175 105
3176 90
3177 75
3178 72
3179 90
3180 112
3181 81
3182 78
3183 97
3184 104
3185 80
3186 92
3187 100
3188 80
3189 76
3190 79
3191 79
3192 101
3193 91
3194 88
3195 89
3196 103
3197 89
3198 83
3199 83
3200 85
3201 92
3202 90
3203 89
3204 90
3205 78
3206 86
3207 82
3208 97
3209 82
3210 81
3211 98
3212 74
3213 105
3214 79
3215 69
3216 89
3217 98
3218 94
3219 78
3220 103
3221 75
3222 88
3223 84
3224 85
3225 109
3226 93
3227 79
3228 96
3229 85
3230 91
3231 93
3232 76
3233 62
3234 83
3235 67
3236 87
3237 93
3238 89
3239 84
3240 100
3241 93
3242 94
3243 99
3244 95
3245 77
3246 92
3247 80
3248 90
3249 79
3250 101
3251 83
3252 106
3253 69
3254 67
3255 95
3256 92
3257 92
3258 81
3259 85
3260 76
3261 85
3262 92
3263 87
3264 81
3265 72
3266 71
3267 82
3268 85
3269 87
3270 85
3271 92
3272 89
3273 77
3274 83
3275 87
3276 73
3277 76
3278 77
3279 87
3280 82
3281 88
3282 73
3283 85
3284 90
3285 71
3286 76
3287 75
3288 78
3289 66
3290 77
3291 90
3292 87
3293 81
3294 75
3295 89
3296 85
3297 99
3298 95
3299 75
3300 76
3301 75
3302 64
3303 67
3304 83
3305 91
3306 95
3307 86
3308 82
3309 84
3310 77
3311 79
3312 88
3313 72
3314 97
3315 72
3316 66
3317 74
3318 88
3319 83
3320 69
3321 79
3322 68
3323 88
3324 65
3325 88
3326 78
3327 73
3328 72
3329 69
3330 80
3331 83
3332 80
3333 82
3334 71
3335 78
3336 56
3337 66
3338 83
3339 73
3340 74
3341 91
3342 79
3343 81
3344 91
3345 57
3346 79
3347 73
3348 87
3349 85
3350 84
3351 77
3352 84
3353 78
3354 85
3355 79
3356 63
3357 76
3358 83
3359 58
3360 68
3361 84
3362 70
3363 63
3364 93
3365 85
3366 83
3367 85
3368 79
3369 71
3370 74
3371 78
3372 70
3373 70
3374 91
3375 74
3376 91
3377 76
3378 85
3379 82
3380 68
3381 79
3382 97
3383 80
3384 86
3385 73
3386 73
3387 60
3388 72
3389 76
3390 85
3391 92
3392 71
3393 75
3394 91
3395 57
3396 75
3397 67
3398 95
3399 77
3400 86
3401 74
3402 76
3403 85
3404 70
3405 73
3406 77
3407 71
3408 83
3409 92
3410 75
3411 80
3412 72
3413 65
3414 83
3415 86
3416 64
3417 78
3418 80
3419 65
3420 83
3421 89
3422 82
3423 89
3424 90
3425 90
3426 87
3427 82
3428 92
3429 65
3430 85
3431 71
3432 73
3433 80
3434 77
3435 75
3436 74
3437 83
3438 84
3439 78
3440 77
3441 79
3442 86
3443 67
3444 75
3445 78
3446 89
3447 85
3448 81
3449 75
3450 76
3451 65
3452 72
3453 76
3454 92
3455 97
3456 52
3457 84
3458 65
3459 82
3460 67
3461 71
3462 73
3463 67
3464 96
3465 79
3466 81
3467 80
3468 75
3469 85
3470 70
3471 87
3472 81
3473 79
3474 73
3475 82
3476 77
3477 96
3478 79
3479 72
3480 95
3481 83
3482 69
3483 87
3484 73
3485 80
3486 87
3487 76
3488 73
3489 80
3490 74
3491 94
3492 81
3493 73
3494 75
3495 74
3496 92
3497 57
3498 86
3499 79
3500 60
3501 67
3502 75
3503 73
3504 68
3505 77
3506 73
3507 75
3508 81
3509 72
3510 87
3511 80
3512 82
3513 74
3514 78
3515 93
3516 79
3517 75
3518 60
3519 73
3520 73
3521 88
3522 71
3523 64
3524 95
3525 66
3526 69
3527 74
3528 68
3529 61
3530 74
3531 69
3532 87
3533 86
3534 72
3535 81
3536 82
3537 68
3538 61
3539 57
3540 70
3541 58
3542 86
3543 76
3544 80
3545 88
3546 83
3547 77
3548 77
3549 69
3550 79
3551 65
3552 88
3553 84
3554 69
3555 87
3556 74
3557 79
3558 77
3559 73
3560 76
3561 87
3562 74
3563 83
3564 89
3565 76
3566 78
3567 55
3568 74
3569 58
3570 78
3571 82
3572 62
3573 72
3574 82
3575 68
3576 63
3577 72
3578 71
3579 68
3580 64
3581 65
3582 79
3583 72
3584 84
3585 73
3586 67
3587 94
3588 80
3589 80
3590 65
3591 56
3592 68
3593 71
3594 66
3595 71
3596 73
3597 63
3598 65
3599 63
3600 75
3601 66
3602 77
3603 70
3604 85
3605 70
3606 66
3607 53
3608 86
3609 78
3610 76
3611 72
3612 76
3613 65
3614 59
3615 61
3616 72
3617 81
3618 74
3619 66
3620 84
3621 65
3622 66
3623 71
3624 75
3625 75
3626 77
3627 68
3628 63
3629 71
3630 74
3631 73
3632 76
3633 61
3634 71
3635 71
3636 82
3637 51
3638 68
3639 82
3640 75
3641 69
3642 55
3643 81
3644 72
3645 70
3646 71
3647 81
3648 68
3649 76
3650 60
3651 72
3652 70
3653 64
3654 79
3655 55
3656 65
3657 61
3658 84
3659 67
3660 66
3661 70
3662 72
3663 66
3664 73
3665 69
3666 63
3667 96
3668 73
3669 65
3670 74
3671 77
3672 72
3673 72
3674 59
3675 90
3676 69
3677 62
3678 66
3679 70
3680 74
3681 66
3682 80
3683 72
3684 74
3685 63
3686 61
3687 86
3688 73
3689 70
3690 72
3691 57
3692 63
3693 60
3694 63
3695 56
3696 75
3697 73
3698 67
3699 74
3700 71
3701 78
3702 78
3703 74
3704 68
3705 83
3706 69
3707 56
3708 63
3709 63
3710 67
3711 67
3712 75
3713 60
3714 79
3715 69
3716 74
3717 78
3718 53
3719 83
3720 51
3721 68
3722 55
3723 58
3724 56
3725 73
3726 71
3727 67
3728 72
3729 69
3730 60
3731 73
3732 71
3733 69
3734 70
3735 71
3736 75
3737 71
3738 73
3739 62
3740 85
3741 55
3742 57
3743 59
3744 85
3745 59
3746 75
3747 70
3748 81
3749 67
3750 63
3751 73
3752 69
3753 61
3754 53
3755 66
3756 80
3757 86
3758 69
3759 60
3760 63
3761 63
3762 68
3763 79
3764 50
3765 51
3766 66
3767 68
3768 65
3769 77
3770 76
3771 68
3772 51
3773 59
3774 64
3775 66
3776 69
3777 55
3778 68
3779 57
3780 77
3781 49
3782 63
3783 68
3784 77
3785 54
3786 68
3787 74
3788 60
3789 50
3790 53
3791 66
3792 66
3793 57
3794 69
3795 73
3796 70
3797 65
3798 69
3799 61
3800 67
3801 74
3802 59
3803 71
3804 62
3805 65
3806 69
3807 63
3808 65
3809 59
3810 66
3811 65
3812 51
3813 55
3814 68
3815 62
3816 57
3817 81
3818 60
3819 73
3820 65
3821 59
3822 71
3823 79
3824 61
3825 76
3826 58
3827 59
3828 58
3829 69
3830 62
3831 59
3832 67
3833 70
3834 55
3835 63
3836 63
3837 65
3838 76
3839 66
3840 64
3841 75
3842 59
3843 54
3844 67
3845 56
3846 53
3847 68
3848 63
3849 57
3850 62
3851 60
3852 65
3853 68
3854 55
3855 59
3856 59
3857 55
3858 52
3859 61
3860 66
3861 70
3862 68
3863 70
3864 68
3865 63
3866 64
3867 60
3868 56
3869 52
3870 57
3871 52
3872 53
3873 66
3874 58
3875 57
3876 68
3877 59
3878 62
3879 56
3880 55
3881 42
3882 40
3883 73
3884 78
3885 65
3886 60
3887 77
3888 69
3889 61
3890 60
3891 60
3892 68
3893 56
3894 52
3895 55
3896 38
3897 51
3898 58
3899 50
3900 67
3901 74
3902 78
3903 62
3904 57
3905 48
3906 49
3907 41
3908 55
3909 64
3910 50
3911 71
3912 53
3913 57
3914 63
3915 70
3916 64
3917 49
3918 64
3919 52
3920 48
3921 55
3922 66
3923 42
3924 59
3925 64
3926 62
3927 63
3928 52
3929 43
3930 67
3931 60
3932 49
3933 50
3934 53
3935 70
3936 59
3937 53
3938 50
3939 62
3940 61
3941 49
3942 71
3943 63
3944 62
3945 60
3946 51
3947 70
3948 52
3949 53
3950 57
3951 66
3952 51
3953 51
3954 61
3955 43
3956 48
3957 62
3958 58
3959 61
3960 50
3961 50
3962 56
3963 65
3964 65
3965 51
3966 72
3967 55
3968 61
3969 53
3970 45
3971 61
3972 44
3973 59
3974 62
3975 57
3976 48
3977 57
3978 55
3979 55
3980 57
3981 59
3982 65
3983 58
3984 57
3985 60
3986 49
3987 43
3988 55
3989 53
3990 57
3991 55
3992 68
3993 53
3994 56
3995 50
3996 55
3997 57
3998 56
3999 47
4000 65
4001 45
4002 64
4003 56
4004 43
4005 73
4006 55
4007 49
4008 54
4009 50
4010 43
4011 67
4012 44
4013 63
4014 65
4015 55
4016 48
4017 46
4018 59
4019 44
4020 54
4021 58
4022 60
4023 53
4024 53
4025 51
4026 47
4027 61
4028 70
4029 48
4030 51
4031 48
4032 52
4033 49
4034 51
4035 54
4036 58
4037 61
4038 58
4039 64
4040 61
4041 53
4042 45
4043 54
4044 60
4045 58
4046 66
4047 55
4048 48
4049 48
4050 49
4051 55
4052 60
4053 60
4054 42
4055 47
4056 51
4057 57
4058 50
4059 37
4060 61
4061 50
4062 63
4063 59
4064 53
4065 59
4066 59
4067 49
4068 56
4069 45
4070 55
4071 54
4072 47
4073 51
4074 51
4075 52
4076 50
4077 43
4078 47
4079 51
4080 57
4081 49
4082 42
4083 58
4084 58
4085 41
4086 56
4087 48
4088 52
4089 45
4090 42
4091 46
4092 58
4093 62
4094 48
4095 51
4096 51
4097 46
4098 58
4099 49
4100 62
4101 47
4102 50
4103 63
4104 50
4105 59
4106 49
4107 52
4108 54
4109 44
4110 49
4111 56
4112 61
4113 53
4114 65
4115 56
4116 52
4117 68
4118 47
4119 44
4120 54
4121 48
4122 39
4123 37
4124 59
4125 48
4126 42
4127 54
4128 45
4129 37
4130 39
4131 52
4132 63
4133 62
4134 46
4135 63
4136 45
4137 63
4138 70
4139 54
4140 51
4141 49
4142 52
4143 50
4144 43
4145 56
4146 51
4147 46
4148 58
4149 41
4150 45
4151 42
4152 47
4153 56
4154 55
4155 41
4156 38
4157 60
4158 52
4159 50
4160 43
4161 46
4162 38
4163 43
4164 35
4165 51
4166 58
4167 52
4168 57
4169 48
4170 42
4171 51
4172 45
4173 46
4174 41
4175 45
4176 54
4177 49
4178 51
4179 40
4180 47
4181 61
4182 44
4183 43
4184 62
4185 47
4186 49
4187 54
4188 38
4189 43
4190 50
4191 66
4192 53
4193 45
4194 24
4195 59
4196 59
4197 58
4198 55
4199 53
4200 39
4201 45
4202 43
4203 47
4204 53
4205 52
4206 41
4207 49
4208 54
4209 49
4210 30
4211 50
4212 59
4213 43
4214 44
4215 60
4216 44
4217 40
4218 49
4219 49
4220 55
4221 53
4222 50
4223 35
4224 49
4225 48
4226 42
4227 59
4228 52
4229 50
4230 56
4231 50
4232 52
4233 39
4234 53
4235 55
4236 51
4237 33
4238 41
4239 46
4240 41
4241 42
4242 50
4243 37
4244 51
4245 39
4246 48
4247 50
4248 49
4249 40
4250 33
4251 40
4252 43
4253 51
4254 43
4255 46
4256 46
4257 48
4258 33
4259 53
4260 47
4261 46
4262 39
4263 47
4264 48
4265 49
4266 32
4267 52
4268 40
4269 33
4270 45
4271 55
4272 38
4273 36
4274 47
4275 42
4276 43
4277 35
4278 38
4279 52
4280 60
4281 58
4282 38
4283 42
4284 45
4285 44
4286 37
4287 48
4288 38
4289 42
4290 47
4291 46
4292 44
4293 36
4294 41
4295 33
4296 44
4297 48
4298 43
4299 48
4300 41
4301 43
4302 52
4303 38
4304 52
4305 42
4306 49
4307 40
4308 44
4309 58
4310 48
4311 39
4312 45
4313 48
4314 49
4315 49
4316 38
4317 40
4318 36
4319 38
4320 32
4321 45
4322 47
4323 41
4324 44
4325 31
4326 48
4327 44
4328 54
4329 39
4330 51
4331 47
4332 48
4333 36
4334 43
4335 67
4336 52
4337 37
4338 42
4339 49
4340 54
4341 49
4342 52
4343 41
4344 45
4345 46
4346 40
4347 50
4348 43
4349 52
4350 45
4351 33
4352 39
4353 42
4354 39
4355 50
4356 54
4357 41
4358 37
4359 68
4360 42
4361 36
4362 55
4363 44
4364 35
4365 45
4366 44
4367 38
4368 58
4369 36
4370 47
4371 48
4372 53
4373 45
4374 42
4375 47
4376 47
4377 35
4378 40
4379 49
4380 46
4381 53
4382 53
4383 35
4384 39
4385 43
4386 36
4387 41
4388 42
4389 53
4390 30
4391 42
4392 44
4393 44
4394 42
4395 55
4396 44
4397 37
4398 58
4399 44
4400 52
4401 33
4402 48
4403 46
4404 38
4405 33
4406 49
4407 49
4408 47
4409 38
4410 44
4411 41
4412 58
4413 48
4414 43
4415 50
4416 35
4417 38
4418 43
4419 56
4420 40
4421 41
4422 44
4423 48
4424 54
4425 50
4426 35
4427 44
4428 26
4429 45
4430 40
4431 42
4432 39
4433 55
4434 42
4435 48
4436 41
4437 47
4438 51
4439 38
4440 36
4441 45
4442 50
4443 49
4444 51
4445 42
4446 41
4447 39
4448 46
4449 48
4450 37
4451 31
4452 46
4453 35
4454 48
4455 42
4456 44
4457 35
4458 50
4459 50
4460 41
4461 39
4462 44
4463 47
4464 40
4465 45
4466 51
4467 45
4468 44
4469 44
4470 50
4471 39
4472 42
4473 48
4474 43
4475 54
4476 33
4477 46
4478 41
4479 35
4480 45
4481 46
4482 48
4483 49
4484 63
4485 40
4486 31
4487 35
4488 54
4489 45
4490 54
4491 43
4492 38
4493 35
4494 45
4495 35
4496 44
4497 38
4498 45
4499 40
4500 46
4501 37
4502 51
4503 43
4504 51
4505 36
4506 36
4507 32
4508 51
4509 48
4510 48
4511 31
4512 42
4513 48
4514 49
4515 47
4516 30
4517 52
4518 32
4519 45
4520 36
4521 50
4522 46
4523 35
4524 51
4525 45
4526 46
4527 42
4528 60
4529 44
4530 39
4531 44
4532 41
4533 35
4534 45
4535 37
4536 40
4537 58
4538 41
4539 43
4540 37
4541 50
4542 34
4543 39
4544 40
4545 46
4546 39
4547 39
4548 44
4549 47
4550 31
4551 39
4552 42
4553 48
4554 35
4555 36
4556 46
4557 45
4558 49
4559 43
4560 33
4561 38
4562 39
4563 46
4564 33
4565 54
4566 39
4567 37
4568 41
4569 33
4570 49
4571 42
4572 44
4573 37
4574 38
4575 37
4576 45
4577 32
4578 37
4579 38
4580 29
4581 32
4582 44
4583 32
4584 39
4585 36
4586 30
4587 37
4588 37
4589 31
4590 39
4591 42
4592 46
4593 39
4594 42
4595 50
4596 34
4597 45
4598 43
4599 42
4600 43
4601 23
4602 46
4603 34
4604 49
4605 42
4606 45
4607 42
4608 37
4609 43
4610 35
4611 47
4612 42
4613 32
4614 41
4615 34
4616 27
4617 46
4618 22
4619 32
4620 37
4621 40
4622 44
4623 34
4624 48
4625 48
4626 42
4627 41
4628 48
4629 47
4630 43
4631 40
4632 41
4633 36
4634 41
4635 38
4636 41
4637 32
4638 45
4639 40
4640 37
4641 44
4642 39
4643 47
4644 33
4645 41
4646 59
4647 37
4648 38
4649 41
4650 28
4651 39
4652 52
4653 52
4654 42
4655 35
4656 40
4657 35
4658 44
4659 45
4660 34
4661 28
4662 37
4663 37
4664 41
4665 43
4666 47
4667 27
4668 34
4669 45
4670 44
4671 36
4672 39
4673 44
4674 26
4675 47
4676 48
4677 37
4678 45
4679 43
4680 38
4681 33
4682 36
4683 33
4684 43
4685 36
4686 31
4687 44
4688 49
4689 43
4690 32
4691 46
4692 39
4693 52
4694 42
4695 44
4696 50
4697 45
4698 42
4699 43
4700 40
4701 40
4702 42
4703 37
4704 43
4705 45
4706 39
4707 35
4708 50
4709 42
4710 35
4711 40
4712 39
4713 35
4714 39
4715 29
4716 42
4717 51
4718 41
4719 41
4720 39
4721 45
4722 39
4723 44
4724 32
4725 29
4726 40
4727 34
4728 33
4729 36
4730 34
4731 37
4732 46
4733 38
4734 35
4735 41
4736 35
4737 41
4738 36
4739 48
4740 38
4741 35
4742 36
4743 44
4744 43
4745 35
4746 33
4747 39
4748 30
4749 44
4750 29
4751 42
4752 46
4753 29
4754 44
4755 30
4756 33
4757 41
4758 36
4759 33
4760 43
4761 35
4762 43
4763 36
4764 35
4765 45
4766 32
4767 35
4768 35
4769 32
4770 46
4771 38
4772 45
4773 29
4774 33
4775 34
4776 34
4777 43
4778 35
4779 36
4780 33
4781 40
4782 27
4783 35
4784 40
4785 30
4786 42
4787 46
4788 41
4789 46
4790 34
4791 26
4792 30
4793 51
4794 39
4795 40
4796 40
4797 41
4798 38
4799 33
4800 34
4801 33
4802 22
4803 39
4804 51
4805 37
4806 32
4807 39
4808 39
4809 33
4810 50
4811 29
4812 37
4813 38
4814 36
4815 34
4816 38
4817 36
4818 39
4819 32
4820 46
4821 23
4822 43
4823 34
4824 46
4825 27
4826 36
4827 38
4828 47
4829 48
4830 31
4831 39
4832 47
4833 36
4834 42
4835 34
4836 42
4837 45
4838 42
4839 35
4840 28
4841 36
4842 25
4843 28
4844 36
4845 35
4846 51
4847 37
4848 31
4849 35
4850 31
4851 40
4852 39
4853 34
4854 35
4855 36
4856 44
4857 37
4858 31
4859 34
4860 26
4861 36
4862 34
4863 28
4864 31
4865 39
4866 35
4867 39
4868 21
4869 29
4870 34
4871 33
4872 33
4873 32
4874 40
4875 38
4876 35
4877 34
4878 39
4879 31
4880 54
4881 30
4882 29
4883 40
4884 27
4885 33
4886 38
4887 44
4888 37
4889 41
4890 44
4891 25
4892 38
4893 32
4894 28
4895 40
4896 36
4897 27
4898 41
4899 40
4900 30
4901 47
4902 40
4903 35
4904 43
4905 39
4906 45
4907 36
4908 29
4909 42
4910 28
4911 44
4912 29
4913 42
4914 42
4915 30
4916 50
4917 36
4918 33
4919 50
4920 42
4921 34
4922 34
4923 34
4924 34
4925 29
4926 44
4927 30
4928 37
4929 37
4930 43
4931 37
4932 44
4933 33
4934 40
4935 35
4936 33
4937 35
4938 37
4939 22
4940 38
4941 33
4942 33
4943 37
4944 34
4945 42
4946 38
4947 32
4948 41
4949 30
4950 29
4951 32
4952 30
4953 29
4954 47
4955 40
4956 28
4957 34
4958 30
4959 30
4960 35
4961 29
4962 34
4963 31
4964 31
4965 28
4966 35
4967 29
4968 32
4969 27
4970 33
4971 31
4972 35
4973 36
4974 31
4975 34
4976 38
4977 31
4978 34
4979 32
4980 36
4981 17
4982 27
4983 35
4984 21
4985 44
4986 39
4987 32
4988 33
4989 41
4990 25
4991 40
4992 31
4993 26
4994 35
4995 20
4996 39
4997 37
4998 33
4999 40
5000 34
5001 39
5002 29
5003 31
5004 33
5005 43
5006 31
5007 27
5008 39
5009 43
5010 34
5011 27
5012 25
5013 31
5014 27
5015 35
5016 41
5017 31
5018 35
5019 33
5020 32
5021 31
5022 36
5023 41
5024 20
5025 38
5026 35
5027 42
5028 37
5029 39
5030 29
5031 29
5032 38
5033 35
5034 30
5035 33
5036 34
5037 25
5038 38
5039 34
5040 35
5041 31
5042 42
5043 34
5044 30
5045 20
5046 27
5047 29
5048 39
5049 32
5050 48
5051 37
5052 32
5053 21
5054 35
5055 31
5056 41
5057 29
5058 24
5059 31
5060 22
5061 40
5062 28
5063 30
5064 41
5065 29
5066 31
5067 43
5068 36
5069 30
5070 43
5071 35
5072 38
5073 35
5074 32
5075 40
5076 33
5077 33
5078 45
5079 38
5080 32
5081 37
5082 39
5083 38
5084 29
5085 47
5086 21
5087 31
5088 36
5089 25
5090 30
5091 36
5092 35
5093 35
5094 24
5095 32
5096 27
5097 32
5098 31
5099 28
5100 34
5101 34
5102 40
5103 46
5104 30
5105 32
5106 34
5107 39
5108 33
5109 32
5110 31
5111 31
5112 27
5113 28
5114 33
5115 34
5116 42
5117 40
5118 35
5119 33
5120 32
5121 28
5122 32
5123 38
5124 32
5125 30
5126 38
5127 36
5128 43
5129 32
5130 21
5131 34
5132 37
5133 30
5134 33
5135 31
5136 32
5137 32
5138 31
5139 31
5140 42
5141 27
5142 25
5143 35
5144 28
5145 32
5146 40
5147 27
5148 35
5149 37
5150 35
5151 36
5152 28
5153 37
5154 35
5155 24
5156 26
5157 33
5158 27
5159 34
5160 36
5161 43
5162 32
5163 24
5164 31
5165 41
5166 41
5167 38
5168 38
5169 35
5170 24
5171 29
5172 22
5173 37
5174 32
5175 35
5176 27
5177 28
5178 34
5179 32
5180 21
5181 38
5182 24
5183 37
5184 25
5185 39
5186 50
5187 38
5188 37
5189 33
5190 33
5191 24
5192 32
5193 28
5194 26
5195 33
5196 27
5197 29
5198 33
5199 45
5200 31
5201 28
5202 45
5203 48
5204 28
5205 34
5206 32
5207 29
5208 34
5209 27
5210 33
5211 31
5212 28
5213 41
5214 34
5215 22
5216 33
5217 34
5218 26
5219 31
5220 28
5221 35
5222 29
5223 27
5224 28
5225 36
5226 32
5227 34
5228 27
5229 28
5230 35
5231 37
5232 43
5233 35
5234 21
5235 40
5236 26
5237 29
5238 34
5239 33
5240 29
5241 34
5242 37
5243 45
5244 32
5245 34
5246 24
5247 29
5248 29
5249 20
5250 32
5251 38
5252 41
5253 28
5254 28
5255 29
5256 21
5257 35
5258 45
5259 34
5260 29
5261 32
5262 27
5263 36
5264 35
5265 31
5266 29
5267 32
5268 34
5269 24
5270 22
5271 26
5272 32
5273 32
5274 28
5275 26
5276 32
5277 26
5278 40
5279 32
5280 34
5281 30
5282 39
5283 39
5284 28
5285 25
5286 34
5287 23
5288 28
5289 30
5290 25
5291 30
5292 27
5293 29
5294 26
5295 31
5296 27
5297 31
5298 21
5299 21
5300 27
5301 31
5302 26
5303 27
5304 26
5305 27
5306 34
5307 36
5308 32
5309 32
5310 28
5311 30
5312 30
5313 27
5314 25
5315 32
5316 31
5317 28
5318 24
5319 25
5320 33
5321 31
5322 35
5323 21
5324 31
5325 36
5326 26
5327 30
5328 33
5329 38
5330 36
5331 21
5332 33
5333 29
5334 26
5335 38
5336 23
5337 27
5338 37
5339 32
5340 40
5341 30
5342 35
5343 26
5344 21
5345 25
5346 33
5347 27
5348 31
5349 40
5350 30
5351 35
5352 28
5353 33
5354 29
5355 29
5356 32
5357 40
5358 41
5359 36
5360 27
5361 30
5362 15
5363 28
5364 23
5365 27
5366 21
5367 32
5368 38
5369 27
5370 29
5371 25
5372 25
5373 29
5374 24
5375 34
5376 27
5377 26
5378 24
5379 35
5380 28
5381 21
5382 24
5383 18
5384 23
5385 23
5386 37
5387 26
5388 30
5389 36
5390 28
5391 29
5392 28
5393 26
5394 24
5395 31
5396 38
5397 31
5398 25
5399 40
5400 26
5401 25
5402 34
5403 27
5404 29
5405 24
5406 26
5407 34
5408 23
5409 28
5410 26
5411 24
5412 27
5413 24
5414 28
5415 20
5416 31
5417 34
5418 40
5419 27
5420 25
5421 26
5422 30
5423 35
5424 31
5425 30
5426 29
5427 30
5428 34
5429 28
5430 27
5431 32
5432 34
5433 33
5434 28
5435 17
5436 31
5437 22
5438 25
5439 27
5440 28
5441 30
5442 21
5443 32
5444 39
5445 30
5446 26
5447 23
5448 23
5449 33
5450 28
5451 29
5452 26
5453 21
5454 28
5455 24
5456 37
5457 26
5458 23
5459 34
5460 42
5461 20
5462 28
5463 20
5464 29
5465 25
5466 24
5467 22
5468 25
5469 31
5470 34
5471 21
5472 23
5473 32
5474 34
5475 34
5476 30
5477 18
5478 25
5479 27
5480 27
5481 29
5482 30
5483 35
5484 34
5485 27
5486 23
5487 28
5488 35
5489 30
5490 26
5491 26
5492 24
5493 29
5494 39
5495 27
5496 23
5497 28
5498 33
5499 30
5500 26
5501 29
5502 24
5503 29
5504 18
5505 28
5506 26
5507 37
5508 16
5509 23
5510 34
5511 27
5512 31
5513 19
5514 20
5515 25
5516 35
5517 22
5518 24
5519 29
5520 33
5521 34
5522 31
5523 24
5524 23
5525 23
5526 22
5527 38
5528 25
5529 31
5530 29
5531 29
5532 28
5533 28
5534 25
5535 35
5536 20
5537 23
5538 38
5539 28
5540 29
5541 20
5542 25
5543 23
5544 30
5545 25
5546 18
5547 25
5548 30
5549 46
5550 27
5551 23
5552 35
5553 27
5554 34
5555 35
5556 32
5557 26
5558 22
5559 29
5560 29
5561 27
5562 24
5563 23
5564 38
5565 29
5566 30
5567 33
5568 24
5569 28
5570 24
5571 24
5572 31
5573 26
5574 25
5575 27
5576 40
5577 20
5578 29
5579 27
5580 14
5581 25
5582 22
5583 16
5584 25
5585 24
5586 24
5587 21
5588 28
5589 21
5590 31
5591 28
5592 22
5593 25
5594 22
5595 26
5596 17
5597 30
5598 22
5599 38
5600 27
5601 26
5602 25
5603 25
5604 27
5605 29
5606 18
5607 26
5608 24
5609 34
5610 26
5611 26
5612 20
5613 20
5614 24
5615 40
5616 30
5617 33
5618 31
5619 36
5620 15
5621 26
5622 21
5623 27
5624 25
5625 31
5626 17
5627 18
5628 24
5629 24
5630 25
5631 31
5632 28
5633 20
5634 22
5635 23
5636 20
5637 32
5638 26
5639 29
5640 28
5641 33
5642 23
5643 34
5644 21
5645 20
5646 27
5647 24
5648 37
5649 26
5650 20
5651 26
5652 34
5653 35
5654 24
5655 32
5656 30
5657 30
5658 26
5659 39
5660 25
5661 30
5662 23
5663 26
5664 31
5665 32
5666 22
5667 25
5668 25
5669 28
5670 30
5671 28
5672 37
5673 22
5674 27
5675 27
5676 27
5677 14
5678 24
5679 25
5680 29
5681 33
5682 23
5683 20
5684 27
5685 29
5686 15
5687 23
5688 26
5689 32
5690 23
5691 38
5692 35
5693 19
5694 27
5695 32
5696 23
5697 29
5698 33
5699 24
5700 29
5701 22
5702 19
5703 22
5704 26
5705 22
5706 21
5707 31
5708 36
5709 32
5710 26
5711 23
5712 20
5713 25
5714 24
5715 21
5716 26
5717 27
5718 30
5719 23
5720 32
5721 29
5722 30
5723 23
5724 18
5725 26
5726 30
5727 30
5728 39
5729 22
5730 21
5731 25
5732 28
5733 13
5734 24
5735 13
5736 31
5737 25
5738 22
5739 18
5740 23
5741 30
5742 31
5743 28
5744 25
5745 25
5746 31
5747 22
5748 24
5749 27
5750 25
5751 12
5752 33
5753 20
5754 24
5755 21
5756 23
5757 25
5758 25
5759 23
5760 21
5761 25
5762 14
5763 26
5764 17
5765 24
5766 33
5767 24
5768 22
5769 25
5770 24
5771 26
5772 32
5773 28
5774 28
5775 24
5776 26
5777 26
5778 30
5779 28
5780 26
5781 25
5782 24
5783 29
5784 23
5785 30
5786 24
5787 27
5788 29
5789 14
5790 22
5791 17
5792 31
5793 27
5794 27
5795 22
5796 35
5797 21
5798 20
5799 28
5800 21
5801 24
5802 25
5803 27
5804 26
5805 28
5806 22
5807 27
5808 20
5809 24
5810 27
5811 19
5812 29
5813 30
5814 31
5815 21
5816 37
5817 27
5818 25
5819 22
5820 34
5821 18
5822 13
5823 26
5824 27
5825 11
5826 22
5827 20
5828 23
5829 30
5830 22
5831 33
5832 30
5833 26
5834 31
5835 17
5836 15
5837 24
5838 24
5839 18
5840 25
5841 25
5842 16
5843 33
5844 25
5845 21
5846 31
5847 32
5848 29
5849 32
5850 30
5851 18
5852 28
5853 26
5854 27
5855 27
5856 21
5857 31
5858 30
5859 26
5860 31
5861 31
5862 27
5863 30
5864 25
5865 16
5866 27
5867 27
5868 30
5869 28
5870 21
5871 22
5872 22
5873 27
5874 19
5875 18
5876 20
5877 29
5878 18
5879 27
5880 22
5881 18
5882 19
5883 29
5884 21
5885 19
5886 21
5887 17
5888 24
5889 31
5890 19
5891 27
5892 27
5893 25
5894 23
5895 23
5896 22
5897 25
5898 30
5899 29
5900 21
5901 30
5902 28
5903 29
5904 19
5905 17
5906 24
5907 25
5908 18
5909 25
5910 29
5911 24
5912 31
5913 20
5914 29
5915 23
5916 24
5917 25
5918 19
5919 24
5920 26
5921 25
5922 25
5923 23
5924 21
5925 26
5926 23
5927 23
5928 26
5929 26
5930 30
5931 21
5932 32
5933 30
5934 24
5935 24
5936 24
5937 24
5938 16
5939 29
5940 21
5941 20
5942 18
5943 16
5944 30
5945 21
5946 17
5947 25
5948 27
5949 40
5950 22
5951 36
5952 23
5953 32
5954 19
5955 23
5956 19
5957 24
5958 39
5959 25
5960 18
5961 19
5962 23
5963 23
5964 24
5965 29
5966 25
5967 31
5968 32
5969 31
5970 27
5971 34
5972 26
5973 25
5974 16
5975 27
5976 29
5977 25
5978 19
5979 26
5980 29
5981 18
5982 17
5983 22
5984 19
5985 25
5986 29
5987 30
5988 32
5989 19
5990 29
5991 31
5992 26
5993 23
5994 26
5995 29
5996 20
5997 24
5998 24
5999 15
6000 24
6001 27
6002 18
6003 25
6004 19
6005 21
6006 26
6007 21
6008 19
6009 32
6010 24
6011 34
6012 24
6013 24
6014 34
6015 21
6016 18
6017 21
6018 17
6019 28
6020 26
6021 21
6022 21
6023 17
6024 19
6025 22
6026 17
6027 22
6028 26
6029 29
6030 21
6031 25
6032 23
6033 24
6034 29
6035 30
6036 22
6037 22
6038 27
6039 34
6040 32
6041 32
6042 21
6043 20
6044 31
6045 33
6046 36
6047 21
6048 25
6049 20
6050 23
6051 16
6052 23
6053 25
6054 23
6055 23
6056 20
6057 28
6058 16
6059 26
6060 32
6061 22
6062 16
6063 29
6064 27
6065 30
6066 26
6067 22
6068 32
6069 25
6070 17
6071 26
6072 34
6073 19
6074 23
6075 18
6076 29
6077 14
6078 28
6079 23
6080 22
6081 30
6082 18
6083 26
6084 24
6085 20
6086 22
6087 26
6088 19
6089 31
6090 18
6091 26
6092 26
6093 20
6094 21
6095 30
6096 23
6097 20
6098 15
6099 19
6100 18
6101 27
6102 23
6103 34
6104 19
6105 24
6106 21
6107 32
6108 23
6109 28
6110 24
6111 23
6112 24
6113 20
6114 18
6115 27
6116 18
6117 16
6118 26
6119 26
6120 24
6121 29
6122 29
6123 23
6124 13
6125 23
6126 26
6127 25
6128 20
6129 19
6130 17
6131 19
6132 30
6133 20
6134 25
6135 26
6136 22
6137 18
6138 24
6139 20
6140 20
6141 24
6142 28
6143 16
6144 23
6145 21
6146 24
6147 19
6148 20
6149 27
6150 18
6151 19
6152 22
6153 23
6154 24
6155 23
6156 25
6157 21
6158 25
6159 23
6160 19
6161 20
6162 20
6163 16
6164 29
6165 13
6166 19
6167 21
6168 24
6169 19
6170 21
6171 21
6172 22
6173 37
6174 20
6175 21
6176 25
6177 23
6178 21
6179 19
6180 27
6181 23
6182 18
6183 22
6184 27
6185 15
6186 17
6187 24
6188 24
6189 26
6190 23
6191 22
6192 25
6193 19
6194 18
6195 19
6196 26
6197 19
6198 29
6199 17
6200 18
6201 21
6202 24
6203 32
6204 21
6205 26
6206 33
6207 27
6208 19
6209 19
6210 20
6211 22
6212 14
6213 19
6214 19
6215 15
6216 20
6217 29
6218 29
6219 19
6220 21
6221 18
6222 27
6223 22
6224 21
6225 20
6226 30
6227 22
6228 19
6229 23
6230 22
6231 25
6232 24
6233 23
6234 23
6235 19
6236 21
6237 26
6238 21
6239 28
6240 31
6241 23
6242 25
6243 18
6244 23
6245 20
6246 18
6247 30
6248 22
6249 29
6250 19
6251 20
6252 17
6253 28
6254 21
6255 16
6256 23
6257 24
6258 27
6259 22
6260 27
6261 12
6262 27
6263 29
6264 15
6265 22
6266 29
6267 12
6268 28
6269 25
6270 25
6271 24
6272 23
6273 28
6274 21
6275 22
6276 11
6277 22
6278 26
6279 30
6280 22
6281 25
6282 21
6283 20
6284 22
6285 13
6286 19
6287 24
6288 20
6289 27
6290 15
6291 27
6292 22
6293 19
6294 23
6295 22
6296 18
6297 21
6298 21
6299 21
6300 23
6301 22
6302 22
6303 21
6304 15
6305 26
6306 31
6307 22
6308 19
6309 25
6310 25
6311 25
6312 22
6313 23
6314 14
6315 25
6316 30
6317 23
6318 21
6319 19
6320 31
6321 10
6322 19
6323 18
6324 18
6325 23
6326 28
6327 20
6328 18
6329 26
6330 17
6331 29
6332 25
6333 14
6334 20
6335 24
6336 29
6337 15
6338 17
6339 18
6340 21
6341 24
6342 24
6343 28
6344 16
6345 16
6346 19
6347 27
6348 30
6349 20
6350 15
6351 20
6352 16
6353 20
6354 24
6355 27
6356 18
6357 21
6358 19
6359 20
6360 18
6361 22
6362 18
6363 21
6364 20
6365 15
6366 25
6367 22
6368 25
6369 19
6370 20
6371 16
6372 17
6373 25
6374 24
6375 14
6376 18
6377 22
6378 25
6379 25
6380 25
6381 22
6382 28
6383 21
6384 19
6385 19
6386 18
6387 18
6388 26
6389 24
6390 19
6391 14
6392 29
6393 22
6394 18
6395 13
6396 20
6397 19
6398 24
6399 22
6400 25
6401 16
6402 16
6403 16
6404 21
6405 18
6406 16
6407 23
6408 16
6409 20
6410 15
6411 13
6412 17
6413 25
6414 15
6415 13
6416 22
6417 31
6418 20
6419 19
6420 21
6421 28
6422 27
6423 19
6424 17
6425 23
6426 18
6427 19
6428 20
6429 15
6430 27
6431 16
6432 18
6433 26
6434 14
6435 18
6436 25
6437 20
6438 14
6439 19
6440 12
6441 18
6442 23
6443 17
6444 14
6445 17
6446 23
6447 20
6448 18
6449 29
6450 13
6451 26
6452 17
6453 19
6454 17
6455 11
6456 19
6457 23
6458 14
6459 28
6460 21
6461 24
6462 18
6463 16
6464 21
6465 17
6466 26
6467 25
6468 21
6469 21
6470 26
6471 19
6472 15
6473 8
6474 27
6475 25
6476 37
6477 28
6478 16
6479 19
6480 19
6481 30
6482 14
6483 17
6484 19
6485 19
6486 24
6487 19
6488 17
6489 17
6490 14
6491 11
6492 23
6493 26
6494 32
6495 17
6496 14
6497 18
6498 21
6499 17
6500 20
6501 11
6502 22
6503 19
6504 20
6505 27
6506 19
6507 19
6508 21
6509 20
6510 20
6511 11
6512 20
6513 20
6514 14
6515 23
6516 20
6517 17
6518 29
6519 15
6520 20
6521 14
6522 20
6523 21
6524 33
6525 17
6526 19
6527 20
6528 18
6529 16
6530 18
6531 19
6532 19
6533 22
6534 11
6535 19
6536 16
6537 17
6538 16
6539 19
6540 22
6541 28
6542 17
6543 21
6544 20
6545 18
6546 25
6547 26
6548 18
6549 18
6550 16
6551 19
6552 12
6553 17
6554 17
6555 18
6556 26
6557 23
6558 22
6559 22
6560 28
6561 15
6562 27
6563 22
6564 18
6565 20
6566 18
6567 18
6568 21
6569 20
6570 19
6571 18
6572 21
6573 22
6574 16
6575 14
6576 21
6577 18
6578 17
6579 21
6580 21
6581 25
6582 22
6583 15
6584 34
6585 22
6586 16
6587 23
6588 17
6589 20
6590 15
6591 18
6592 20
6593 20
6594 10
6595 18
6596 18
6597 27
6598 22
6599 26
6600 16
6601 23
6602 13
6603 21
6604 22
6605 28
6606 17
6607 19
6608 28
6609 17
6610 15
6611 23
6612 21
6613 20
6614 21
6615 15
6616 13
6617 16
6618 16
6619 17
6620 20
6621 16
6622 33
6623 20
6624 19
6625 18
6626 25
6627 23
6628 21
6629 17
6630 24
6631 21
6632 18
6633 32
6634 19
6635 18
6636 17
6637 23
6638 16
6639 21
6640 26
6641 17
6642 21
6643 16
6644 22
6645 23
6646 14
6647 23
6648 20
6649 16
6650 13
6651 19
6652 29
6653 12
6654 14
6655 13
6656 23
6657 19
6658 21
6659 12
6660 24
6661 14
6662 21
6663 7
6664 17
6665 11
6666 19
6667 23
6668 14
6669 24
6670 22
6671 18
6672 29
6673 25
6674 23
6675 15
6676 15
6677 20
6678 22
6679 21
6680 22
6681 16
6682 15
6683 29
6684 20
6685 20
6686 18
6687 25
6688 19
6689 18
6690 19
6691 24
6692 20
6693 15
6694 28
6695 18
6696 18
6697 26
6698 19
6699 12
6700 21
6701 15
6702 22
6703 18
6704 21
6705 24
6706 24
6707 26
6708 11
6709 15
6710 21
6711 14
6712 18
6713 29
6714 17
6715 25
6716 14
6717 15
6718 23
6719 21
6720 19
6721 13
6722 16
6723 18
6724 22
6725 23
6726 11
6727 18
6728 19
6729 24
6730 21
6731 18
6732 19
6733 13
6734 16
6735 18
6736 14
6737 24
6738 23
6739 14
6740 23
6741 20
6742 17
6743 21
6744 23
6745 15
6746 25
6747 19
6748 18
6749 16
6750 14
6751 17
6752 20
6753 23
6754 19
6755 18
6756 17
6757 20
6758 16
6759 13
6760 14
6761 23
6762 18
6763 18
6764 20
6765 10
6766 26
6767 22
6768 28
6769 22
6770 22
6771 16
6772 15
6773 13
6774 18
6775 14
6776 14
6777 25
6778 20
6779 21
6780 12
6781 22
6782 18
6783 19
6784 17
6785 14
6786 18
6787 12
6788 17
6789 25
6790 14
6791 25
6792 22
6793 19
6794 21
6795 19
6796 23
6797 22
6798 15
6799 17
6800 17
6801 13
6802 14
6803 15
6804 17
6805 27
6806 22
6807 20
6808 24
6809 17
6810 22
6811 27
6812 22
6813 18
6814 16
6815 23
6816 13
6817 12
6818 22
6819 24
6820 14
6821 12
6822 15
6823 16
6824 26
6825 23
6826 23
6827 16
6828 19
6829 22
6830 19
6831 17
6832 7
6833 21
6834 8
6835 16
6836 16
6837 22
6838 17
6839 13
6840 13
6841 17
6842 13
6843 14
6844 19
6845 12
6846 16
6847 14
6848 15
6849 22
6850 20
6851 23
6852 18
6853 16
6854 17
6855 14
6856 14
6857 18
6858 22
6859 19
6860 19
6861 20
6862 25
6863 17
6864 27
6865 22
6866 19
6867 16
6868 16
6869 14
6870 15
6871 16
6872 26
6873 22
6874 19
6875 17
6876 14
6877 16
6878 11
6879 17
6880 17
6881 18
6882 16
6883 17
6884 18
6885 15
6886 13
6887 22
6888 13
6889 12
6890 15
6891 12
6892 25
6893 20
6894 20
6895 13
6896 28
6897 16
6898 13
6899 21
6900 28
6901 13
6902 15
6903 27
6904 14
6905 23
6906 19
6907 13
6908 25
6909 16
6910 13
6911 14
6912 21
6913 17
6914 24
6915 20
6916 17
6917 18
6918 13
6919 22
6920 18
6921 21
6922 17
6923 28
6924 19
6925 17
6926 22
6927 15
6928 20
6929 16
6930 16
6931 17
6932 23
6933 17
6934 22
6935 18
6936 16
6937 26
6938 16
6939 22
6940 20
6941 17
6942 18
6943 21
6944 17
6945 18
6946 27
6947 22
6948 10
6949 14
6950 22
6951 17
6952 24
6953 14
6954 15
6955 20
6956 27
6957 21
6958 18
6959 15
6960 15
6961 15
6962 18
6963 17
6964 18
6965 16
6966 25
6967 19
6968 10
6969 16
6970 20
6971 18
6972 18
6973 18
6974 14
6975 22
6976 12
6977 12
6978 17
6979 19
6980 9
6981 12
6982 11
6983 18
6984 21
6985 21
6986 24
6987 15
6988 17
6989 17
6990 22
6991 18
6992 13
6993 23
6994 20
6995 7
6996 20
6997 17
6998 19
6999 22
7000 14
7001 19
7002 14
7003 15
7004 15
7005 14
7006 15
7007 20
7008 14
7009 19
7010 18
7011 16
7012 13
7013 17
7014 17
7015 11
7016 25
7017 18
7018 17
7019 17
7020 16
7021 13
7022 14
7023 10
7024 16
7025 20
7026 23
7027 18
7028 20
7029 13
7030 14
7031 17
7032 24
7033 14
7034 18
7035 11
7036 15
7037 13
7038 15
7039 15
7040 19
7041 10
7042 21
7043 14
7044 28
7045 20
7046 15
7047 14
7048 17
7049 18
7050 15
7051 14
7052 11
7053 20
7054 16
7055 27
7056 14
7057 20
7058 9
7059 19
7060 9
7061 13
7062 16
7063 15
7064 16
7065 24
7066 20
7067 21
7068 16
7069 14
7070 13
7071 19
7072 18
7073 18
7074 22
7075 18
7076 10
7077 19
7078 20
7079 13
7080 17
7081 21
7082 17
7083 13
7084 18
7085 14
7086 18
7087 22
7088 25
7089 14
7090 16
7091 18
7092 10
7093 14
7094 15
7095 12
7096 17
7097 15
7098 15
7099 12
7100 20
7101 12
7102 24
7103 16
7104 14
7105 15
7106 17
7107 14
7108 22
7109 25
7110 11
7111 14
7112 17
7113 18
7114 19
7115 13
7116 9
7117 19
7118 11
7119 19
7120 19
7121 17
7122 18
7123 19
7124 19
7125 17
7126 9
7127 18
7128 12
7129 17
7130 18
7131 16
7132 15
7133 20
7134 23
7135 18
7136 22
7137 11
7138 14
7139 12
7140 22
7141 19
7142 18
7143 23
7144 12
7145 10
7146 16
7147 16
7148 10
7149 23
7150 16
7151 11
7152 14
7153 15
7154 9
7155 19
7156 13
7157 12
7158 22
7159 21
7160 16
7161 25
7162 7
7163 10
7164 16
7165 21
7166 16
7167 18
7168 17
7169 18
7170 15
7171 18
7172 17
7173 16
7174 16
7175 18
7176 18
7177 19
7178 19
7179 16
7180 15
7181 24
7182 17
7183 13
7184 20
7185 16
7186 14
7187 10
7188 15
7189 15
7190 20
7191 12
7192 14
7193 6
7194 13
7195 21
7196 17
7197 11
7198 15
7199 7
7200 18
7201 15
7202 22
7203 15
7204 12
7205 16
7206 15
7207 17
7208 17
7209 15
7210 9
7211 15
7212 6
7213 24
7214 21
7215 18
7216 18
7217 16
7218 14
7219 14
7220 17
7221 14
7222 12
7223 11
7224 19
7225 19
7226 19
7227 22
7228 18
7229 19
7230 12
7231 7
7232 14
7233 17
7234 12
7235 14
7236 12
7237 19
7238 15
7239 14
7240 17
7241 10
7242 18
7243 16
7244 11
7245 7
7246 11
7247 10
7248 10
7249 21
7250 14
7251 22
7252 15
7253 19
7254 16
7255 10
7256 19
7257 20
7258 16
7259 20
7260 16
7261 16
7262 15
7263 10
7264 20
7265 14
7266 19
7267 5
7268 10
7269 10
7270 13
7271 9
7272 17
7273 17
7274 16
7275 20
7276 13
7277 12
7278 20
7279 26
7280 19
7281 13
7282 13
7283 20
7284 11
7285 13
7286 15
7287 12
7288 19
7289 16
7290 15
7291 16
7292 15
7293 15
7294 16
7295 31
7296 21
7297 9
7298 18
7299 22
7300 17
7301 13
7302 16
7303 11
7304 12
7305 12
7306 20
7307 19
7308 21
7309 9
7310 13
7311 19
7312 10
7313 17
7314 14
7315 10
7316 19
7317 11
7318 21
7319 13
7320 12
7321 9
7322 12
7323 19
7324 17
7325 13
7326 19
7327 9
7328 13
7329 16
7330 14
7331 12
7332 7
7333 15
7334 9
7335 15
7336 10
7337 13
7338 9
7339 15
7340 9
7341 18
7342 8
7343 23
7344 19
7345 15
7346 19
7347 10
7348 18
7349 18
7350 15
7351 13
7352 16
7353 16
7354 17
7355 9
7356 15
7357 23
7358 15
7359 20
7360 14
7361 13
7362 17
7363 21
7364 17
7365 12
7366 15
7367 18
7368 18
7369 12
7370 18
7371 15
7372 19
7373 13
7374 18
7375 10
7376 15
7377 15
7378 13
7379 8
7380 14
7381 24
7382 16
7383 12
7384 17
7385 11
7386 18
7387 8
7388 13
7389 17
7390 25
7391 9
7392 11
7393 15
7394 19
7395 15
7396 15
7397 16
7398 11
7399 14
7400 14
7401 15
7402 16
7403 18
7404 11
7405 11
7406 19
7407 18
7408 10
7409 13
7410 23
7411 18
7412 18
7413 17
7414 11
7415 9
7416 17
7417 13
7418 18
7419 14
7420 21
7421 10
7422 16
7423 12
7424 13
7425 11
7426 17
7427 13
7428 15
7429 19
7430 14
7431 10
7432 11
7433 21
7434 18
7435 17
7436 16
7437 9
7438 22
7439 19
7440 12
7441 12
7442 15
7443 20
7444 16
7445 16
7446 18
7447 12
7448 9
7449 16
7450 16
7451 7
7452 11
7453 15
7454 14
7455 12
7456 15
7457 10
7458 19
7459 13
7460 15
7461 16
7462 11
7463 15
7464 13
7465 13
7466 21
7467 14
7468 16
7469 11
7470 8
7471 18
7472 15
7473 14
7474 14
7475 10
7476 12
7477 14
7478 11
7479 12
7480 18
7481 10
7482 19
7483 18
7484 7
7485 11
7486 12
7487 9
7488 22
7489 10
7490 18
7491 8
7492 16
7493 18
7494 12
7495 16
7496 21
7497 15
7498 15
7499 17
7500 3
7501 12
7502 12
7503 14
7504 14
7505 16
7506 12
7507 12
7508 10
7509 18
7510 9
7511 18
7512 21
7513 14
7514 11
7515 8
7516 12
7517 13
7518 9
7519 20
7520 19
7521 11
7522 15
7523 6
7524 11
7525 17
7526 16
7527 12
7528 18
7529 10
7530 15
7531 21
7532 12
7533 12
7534 8
7535 9
7536 14
7537 12
7538 24
7539 18
7540 12
7541 19
7542 12
7543 17
7544 10
7545 6
7546 11
7547 17
7548 11
7549 13
7550 14
7551 16
7552 7
7553 16
7554 14
7555 15
7556 17
7557 18
7558 10
7559 12
7560 14
7561 13
7562 10
7563 18
7564 9
7565 22
7566 9
7567 16
7568 11
7569 19
7570 14
7571 16
7572 11
7573 17
7574 14
7575 15
7576 15
7577 6
7578 17
7579 14
7580 18
7581 15
7582 13
7583 12
7584 15
7585 13
7586 18
7587 17
7588 19
7589 17
7590 15
7591 15
7592 9
7593 17
7594 10
7595 21
7596 14
7597 12
7598 16
7599 19
7600 17
7601 11
7602 10
7603 23
7604 15
7605 24
7606 9
7607 15
7608 18
7609 13
7610 13
7611 16
7612 10
7613 12
7614 12
7615 18
7616 14
7617 17
7618 19
7619 16
7620 7
7621 11
7622 17
7623 17
7624 10
7625 13
7626 12
7627 7
7628 12
7629 17
7630 11
7631 9
7632 12
7633 9
7634 14
7635 20
7636 20
7637 14
7638 11
7639 11
7640 14
7641 10
7642 17
7643 13
7644 11
7645 16
7646 15
7647 18
7648 8
7649 12
7650 15
7651 11
7652 10
7653 17
7654 15
7655 14
7656 9
7657 16
7658 6
7659 8
7660 13
7661 11
7662 15
7663 11
7664 14
7665 10
7666 18
7667 10
7668 9
7669 14
7670 19
7671 15
7672 9
7673 17
7674 18
7675 15
7676 14
7677 13
7678 14
7679 20
7680 15
7681 16
7682 10
7683 13
7684 12
7685 9
7686 15
7687 14
7688 13
7689 13
7690 13
7691 13
7692 16
7693 10
7694 12
7695 18
7696 12
7697 14
7698 20
7699 9
7700 15
7701 11
7702 10
7703 12
7704 11
7705 7
7706 11
7707 14
7708 16
7709 9
7710 8
7711 9
7712 23
7713 14
7714 11
7715 19
7716 11
7717 13
7718 7
7719 15
7720 13
7721 13
7722 15
7723 17
7724 13
7725 12
7726 21
7727 13
7728 14
7729 10
7730 9
7731 12
7732 12
7733 9
7734 12
7735 19
7736 13
7737 7
7738 12
7739 9
7740 15
7741 6
7742 12
7743 15
7744 16
7745 12
7746 14
7747 14
7748 12
7749 13
7750 11
7751 24
7752 15
7753 10
7754 15
7755 16
7756 13
7757 19
7758 17
7759 13
7760 12
7761 11
7762 15
7763 11
7764 6
7765 12
7766 15
7767 14
7768 13
7769 12
7770 21
7771 23
7772 12
7773 14
7774 18
7775 15
7776 11
7777 16
7778 11
7779 20
7780 12
7781 19
7782 14
7783 14
7784 11
7785 13
7786 15
7787 17
7788 16
7789 17
7790 12
7791 13
7792 11
7793 13
7794 16
7795 12
7796 16
7797 10
7798 15
7799 15
7800 15
7801 12
7802 14
7803 9
7804 9
7805 16
7806 13
7807 11
7808 13
7809 7
7810 12
7811 20
7812 18
7813 17
7814 13
7815 11
7816 15
7817 5
7818 9
7819 14
7820 10
7821 11
7822 11
7823 13
7824 5
7825 12
7826 13
7827 16
7828 5
7829 18
7830 8
7831 8
7832 13
7833 8
7834 12
7835 20
7836 19
7837 10
7838 8
7839 11
7840 10
7841 14
7842 13
7843 11
7844 13
7845 13
7846 19
7847 12
7848 8
7849 19
7850 13
7851 14
7852 13
7853 16
7854 11
7855 14
7856 8
7857 12
7858 9
7859 17
7860 15
7861 9
7862 7
7863 20
7864 17
7865 9
7866 12
7867 16
7868 10
7869 15
7870 18
7871 11
7872 14
7873 15
7874 10
7875 13
7876 12
7877 12
7878 13
7879 9
7880 11
7881 2
7882 14
7883 16
7884 9
7885 9
7886 13
7887 8
7888 16
7889 15
7890 8
7891 12
7892 9
7893 16
7894 5
7895 13
7896 12
7897 12
7898 9
7899 15
7900 13
7901 8
7902 9
7903 14
7904 11
7905 10
7906 10
7907 16
7908 11
7909 11
7910 11
7911 12
7912 10
7913 18
7914 11
7915 15
7916 15
7917 9
7918 15
7919 13
7920 11
7921 7
7922 12
7923 14
7924 8
7925 11
7926 18
7927 10
7928 12
7929 16
7930 17
7931 12
7932 9
7933 10
7934 11
7935 12
7936 10
7937 8
7938 11
7939 19
7940 9
7941 11
7942 9
7943 15
7944 16
7945 6
7946 9
7947 13
7948 19
7949 8
7950 8
7951 14
7952 18
7953 13
7954 16
7955 13
7956 15
7957 13
7958 10
7959 14
7960 9
7961 14
7962 9
7963 11
7964 11
7965 15
7966 10
7967 15
7968 10
7969 9
7970 12
7971 15
7972 10
7973 15
7974 10
7975 10
7976 6
7977 15
7978 8
7979 12
7980 19
7981 10
7982 10
7983 15
7984 14
7985 14
7986 14
7987 12
7988 11
7989 13
7990 14
7991 15
7992 9
7993 13
7994 10
7995 14
7996 6
7997 10
7998 16
7999 9
8000 15
8001 9
8002 6
8003 11
8004 14
8005 10
8006 11
8007 8
8008 5
8009 15
8010 15
8011 15
8012 12
8013 14
8014 14
8015 11
8016 4
8017 15
8018 12
8019 16
8020 10
8021 6
8022 15
8023 13
8024 12
8025 12
8026 12
8027 16
8028 15
8029 13
8030 10
8031 9
8032 18
8033 13
8034 13
8035 8
8036 14
8037 11
8038 12
8039 12
8040 12
8041 13
8042 12
8043 9
8044 15
8045 12
8046 11
8047 12
8048 15
8049 10
8050 8
8051 11
8052 13
8053 12
8054 13
8055 2
8056 13
8057 7
8058 8
8059 11
8060 13
8061 11
8062 13
8063 9
8064 14
8065 11
8066 8
8067 12
8068 13
8069 15
8070 9
8071 16
8072 8
8073 10
8074 13
8075 11
8076 8
8077 9
8078 15
8079 9
8080 11
8081 10
8082 8
8083 14
8084 9
8085 11
8086 15
8087 12
8088 14
8089 13
8090 9
8091 21
8092 8
8093 12
8094 7
8095 6
8096 10
8097 14
8098 14
8099 14
8100 9
8101 10
8102 19
8103 14
8104 11
8105 9
8106 8
8107 14
8108 9
8109 9
8110 10
8111 10
8112 13
8113 12
8114 14
8115 12
8116 10
8117 12
8118 8
8119 5
8120 20
8121 7
8122 11
8123 12
8124 11
8125 11
8126 7
8127 11
8128 15
8129 11
8130 14
8131 11
8132 9
8133 13
8134 9
8135 7
8136 11
8137 19
8138 23
8139 11
8140 16
8141 16
8142 9
8143 17
8144 11
8145 9
8146 8
8147 7
8148 16
8149 10
8150 12
8151 8
8152 11
8153 14
8154 16
8155 10
8156 15
8157 22
8158 14
8159 19
8160 20
8161 11
8162 19
8163 10
8164 11
8165 13
8166 8
8167 10
8168 14
8169 15
8170 10
8171 15
8172 22
8173 9
8174 11
8175 16
8176 12
8177 10
8178 14
8179 17
8180 10
8181 13
8182 12
8183 16
8184 12
8185 12
8186 9
8187 11
8188 6
8189 8
8190 11
8191 12
8192 9
8193 11
8194 12
8195 13
8196 11
8197 12
8198 11
8199 18
8200 6
8201 13
8202 12
8203 8
8204 9
8205 17
8206 13
8207 17
8208 9
8209 10
8210 11
8211 10
8212 11
8213 19
8214 13
8215 14
8216 14
8217 11
8218 11
8219 8
8220 17
8221 14
8222 16
8223 11
8224 12
8225 12
8226 12
8227 8
8228 8
8229 9
8230 4
8231 12
8232 12
8233 8
8234 9
8235 12
8236 19
8237 13
8238 14
8239 7
8240 10
8241 12
8242 14
8243 11
8244 13
8245 7
8246 11
8247 17
8248 13
8249 14
8250 14
8251 9
8252 18
8253 12
8254 8
8255 20
8256 12
8257 7
8258 9
8259 15
8260 6
8261 15
8262 9
8263 12
8264 19
8265 9
8266 17
8267 15
8268 6
8269 13
8270 8
8271 18
8272 13
8273 5
8274 7
8275 13
8276 18
8277 11
8278 10
8279 13
8280 14
8281 9
8282 16
8283 12
8284 12
8285 11
8286 8
8287 15
8288 10
8289 13
8290 11
8291 10
8292 6
8293 10
8294 15
8295 13
8296 13
8297 10
8298 7
8299 10
8300 13
8301 5
8302 15
8303 12
8304 7
8305 17
8306 13
8307 20
8308 12
8309 9
8310 9
8311 12
8312 12
8313 17
8314 10
8315 12
8316 11
8317 7
8318 8
8319 10
8320 13
8321 6
8322 14
8323 9
8324 21
8325 8
8326 7
8327 11
8328 17
8329 12
8330 12
8331 9
8332 14
8333 8
8334 11
8335 9
8336 18
8337 8
8338 12
8339 12
8340 13
8341 10
8342 16
8343 11
8344 9
8345 13
8346 10
8347 12
8348 12
8349 15
8350 7
8351 11
8352 9
8353 10
8354 8
8355 9
8356 10
8357 18
8358 12
8359 11
8360 10
8361 8
8362 8
8363 15
8364 16
8365 15
8366 9
8367 6
8368 7
8369 19
8370 9
8371 16
8372 13
8373 7
8374 9
8375 12
8376 10
8377 12
8378 14
8379 9
8380 10
8381 9
8382 9
8383 14
8384 8
8385 16
8386 11
8387 12
8388 14
8389 2
8390 16
8391 11
8392 10
8393 9
8394 11
8395 8
8396 13
8397 12
8398 11
8399 13
8400 9
8401 9
8402 13
8403 12
8404 11
8405 12
8406 11
8407 6
8408 10
8409 11
8410 9
8411 10
8412 6
8413 14
8414 10
8415 11
8416 9
8417 19
8418 10
8419 10
8420 4
8421 14
8422 17
8423 11
8424 14
8425 9
8426 12
8427 10
8428 8
8429 14
8430 8
8431 14
8432 7
8433 6
8434 19
8435 15
8436 19
8437 11
8438 8
8439 13
8440 10
8441 11
8442 16
8443 11
8444 16
8445 13
8446 8
8447 9
8448 18
8449 11
8450 10
8451 14
8452 10
8453 8
8454 13
8455 10
8456 7
8457 9
8458 7
8459 10
8460 16
8461 15
8462 10
8463 18
8464 17
8465 11
8466 14
8467 9
8468 13
8469 11
8470 5
8471 12
8472 13
8473 11
8474 10
8475 18
8476 10
8477 12
8478 17
8479 11
8480 11
8481 4
8482 14
8483 5
8484 10
8485 10
8486 14
8487 11
8488 9
8489 10
8490 12
8491 6
8492 11
8493 12
8494 17
8495 10
8496 10
8497 6
8498 9
8499 10
8500 12
8501 11
8502 10
8503 11
8504 15
8505 11
8506 12
8507 8
8508 15
8509 12
8510 9
8511 6
8512 10
8513 10
8514 15
8515 12
8516 9
8517 3
8518 14
8519 8
8520 14
8521 10
8522 14
8523 17
8524 14
8525 11
8526 7
8527 10
8528 15
8529 5
8530 9
8531 11
8532 7
8533 14
8534 7
8535 9
8536 12
8537 8
8538 15
8539 13
8540 8
8541 15
8542 20
8543 19
8544 7
8545 10
8546 11
8547 13
8548 11
8549 3
8550 10
8551 10
8552 4
8553 10
8554 10
8555 1
8556 14
8557 10
8558 18
8559 8
8560 12
8561 8
8562 21
8563 13
8564 13
8565 9
8566 4
8567 8
8568 11
8569 9
8570 13
8571 10
8572 16
8573 16
8574 6
8575 10
8576 14
8577 9
8578 8
8579 9
8580 11
8581 7
8582 13
8583 10
8584 13
8585 11
8586 12
8587 11
8588 9
8589 7
8590 17
8591 10
8592 15
8593 18
8594 13
8595 9
8596 9
8597 3
8598 8
8599 11
8600 17
8601 15
8602 16
8603 18
8604 15
8605 8
8606 14
8607 10
8608 4
8609 9
8610 18
8611 12
8612 10
8613 6
8614 7
8615 5
8616 9
8617 17
8618 6
8619 10
8620 10
8621 8
8622 5
8623 10
8624 16
8625 13
8626 15
8627 12
8628 10
8629 5
8630 10
8631 11
8632 11
8633 8
8634 6
8635 15
8636 15
8637 7
8638 9
8639 10
8640 9
8641 11
8642 12
8643 11
8644 9
8645 9
8646 12
8647 10
8648 13
8649 13
8650 13
8651 9
8652 12
8653 13
8654 11
8655 10
8656 11
8657 4
8658 7
8659 12
8660 11
8661 14
8662 11
8663 8
8664 5
8665 7
8666 11
8667 10
8668 9
8669 8
8670 9
8671 9
8672 4
8673 18
8674 10
8675 9
8676 9
8677 8
8678 12
8679 11
8680 9
8681 8
8682 8
8683 8
8684 9
8685 10
8686 10
8687 13
8688 8
8689 17
8690 9
8691 8
8692 8
8693 9
8694 10
8695 6
8696 12
8697 13
8698 10
8699 10
8700 10
8701 8
8702 12
8703 12
8704 6
8705 9
8706 6
8707 9
8708 4
8709 11
8710 8
8711 10
8712 13
8713 18
8714 14
8715 11
8716 11
8717 7
8718 9
8719 7
8720 7
8721 11
8722 7
8723 11
8724 13
8725 6
8726 12
8727 6
8728 17
8729 12
8730 15
8731 11
8732 11
8733 10
8734 15
8735 10
8736 9
8737 6
8738 8
8739 15
8740 15
8741 10
8742 20
8743 10
8744 9
8745 9
8746 6
8747 17
8748 13
8749 9
8750 15
8751 10
8752 2
8753 17
8754 11
8755 8
8756 11
8757 5
8758 11
8759 10
8760 12
8761 13
8762 12
8763 13
8764 12
8765 9
8766 12
8767 8
8768 11
8769 13
8770 8
8771 16
8772 11
8773 10
8774 4
8775 6
8776 7
8777 13
8778 7
8779 9
8780 9
8781 13
8782 7
8783 10
8784 7
8785 7
8786 8
8787 6
8788 8
8789 10
8790 8
8791 18
8792 11
8793 8
8794 10
8795 18
8796 13
8797 7
8798 12
8799 8
8800 11
8801 5
8802 6
8803 12
8804 6
8805 14
8806 14
8807 8
8808 11
8809 14
8810 7
8811 12
8812 7
8813 9
8814 11
8815 16
8816 13
8817 8
8818 11
8819 8
8820 8
8821 15
8822 14
8823 11
8824 9
8825 6
8826 7
8827 8
8828 10
8829 6
8830 7
8831 11
8832 9
8833 12
8834 8
8835 10
8836 13
8837 7
8838 15
8839 11
8840 16
8841 7
8842 10
8843 7
8844 9
8845 8
8846 11
8847 12
8848 11
8849 16
8850 15
8851 13
8852 8
8853 13
8854 12
8855 10
8856 5
8857 11
8858 9
8859 8
8860 13
8861 10
8862 6
8863 12
8864 12
8865 12
8866 16
8867 6
8868 10
8869 6
8870 15
8871 9
8872 11
8873 9
8874 14
8875 17
8876 14
8877 15
8878 6
8879 12
8880 11
8881 10
8882 8
8883 10
8884 10
8885 12
8886 12
8887 10
8888 18
8889 6
8890 14
8891 8
8892 8
8893 11
8894 7
8895 13
8896 11
8897 7
8898 9
8899 7
8900 7
8901 9
8902 8
8903 9
8904 11
8905 8
8906 10
8907 6
8908 9
8909 11
8910 11
8911 15
8912 6
8913 8
8914 10
8915 15
8916 9
8917 6
8918 10
8919 10
8920 12
8921 10
8922 5
8923 8
8924 7
8925 8
8926 8
8927 9
8928 10
8929 10
8930 10
8931 17
8932 15
8933 13
8934 9
8935 8
8936 8
8937 14
8938 10
8939 9
8940 4
8941 10
8942 7
8943 6
8944 6
8945 7
8946 8
8947 9
8948 7
8949 10
8950 11
8951 7
8952 10
8953 12
8954 11
8955 6
8956 11
8957 15
8958 13
8959 14
8960 13
8961 8
8962 7
8963 15
8964 13
8965 7
8966 12
8967 10
8968 8
8969 5
8970 10
8971 9
8972 12
8973 13
8974 10
8975 5
8976 9
8977 15
8978 10
8979 3
8980 10
8981 4
8982 12
8983 8
8984 7
8985 7
8986 12
8987 11
8988 11
8989 5
8990 13
8991 11
8992 6
8993 13
8994 12
8995 9
8996 7
8997 16
8998 18
8999 7
9000 13
9001 16
9002 14
9003 6
9004 6
9005 10
9006 11
9007 9
9008 10
9009 5
9010 9
9011 8
9012 17
9013 13
9014 7
9015 8
9016 7
9017 4
9018 6
9019 9
9020 7
9021 10
9022 11
9023 8
9024 9
9025 5
9026 14
9027 9
9028 9
9029 13
9030 3
9031 17
9032 4
9033 10
9034 7
9035 10
9036 7
9037 10
9038 6
9039 8
9040 9
9041 10
9042 10
9043 8
9044 8
9045 13
9046 6
9047 10
9048 16
9049 9
9050 11
9051 5
9052 10
9053 11
9054 3
9055 14
9056 9
9057 4
9058 10
9059 10
9060 13
9061 9
9062 12
9063 7
9064 11
9065 9
9066 7
9067 9
9068 14
9069 8
9070 12
9071 13
9072 10
9073 13
9074 8
9075 7
9076 7
9077 9
9078 8
9079 9
9080 11
9081 6
9082 14
9083 13
9084 9
9085 8
9086 8
9087 7
9088 10
9089 5
9090 6
9091 13
9092 10
9093 9
9094 13
9095 14
9096 10
9097 14
9098 8
9099 4
9100 8
9101 11
9102 10
9103 10
9104 13
9105 13
9106 9
9107 9
9108 7
9109 9
9110 12
9111 4
9112 7
9113 10
9114 12
9115 12
9116 8
9117 10
9118 8
9119 11
9120 6
9121 12
9122 4
9123 12
9124 8
9125 11
9126 11
9127 6
9128 8
9129 4
9130 13
9131 7
9132 10
9133 14
9134 10
9135 12
9136 7
9137 8
9138 11
9139 9
9140 7
9141 15
9142 9
9143 12
9144 9
9145 8
9146 14
9147 9
9148 9
9149 5
9150 8
9151 11
9152 8
9153 6
9154 12
9155 9
9156 8
9157 15
9158 9
9159 5
9160 14
9161 7
9162 9
9163 12
9164 8
9165 9
9166 8
9167 8
9168 9
9169 9
9170 12
9171 13
9172 10
9173 13
9174 8
9175 10
9176 7
9177 13
9178 8
9179 10
9180 8
9181 9
9182 5
9183 6
9184 17
9185 11
9186 14
9187 13
9188 8
9189 8
9190 5
9191 15
9192 15
9193 9
9194 6
9195 8
9196 7
9197 11
9198 8
9199 14
9200 7
9201 6
9202 9
9203 9
9204 5
9205 10
9206 10
9207 8
9208 3
9209 4
9210 3
9211 7
9212 5
9213 11
9214 11
9215 7
9216 6
9217 7
9218 16
9219 11
9220 13
9221 18
9222 14
9223 7
9224 6
9225 12
9226 10
9227 6
9228 10
9229 8
9230 13
9231 8
9232 8
9233 12
9234 7
9235 13
9236 8
9237 12
9238 10
9239 11
9240 12
9241 7
9242 7
9243 11
9244 10
9245 8
9246 5
9247 8
9248 15
9249 12
9250 5
9251 14
9252 12
9253 13
9254 7
9255 6
9256 17
9257 8
9258 11
9259 14
9260 9
9261 10
9262 12
9263 9
9264 5
9265 12
9266 14
9267 10
9268 8
9269 10
9270 9
9271 13
9272 10
9273 14
9274 9
9275 12
9276 8
9277 9
9278 7
9279 11
9280 9
9281 14
9282 9
9283 6
9284 9
9285 7
9286 4
9287 8
9288 15
9289 8
9290 14
9291 10
9292 10
9293 11
9294 10
9295 10
9296 8
9297 13
9298 19
9299 6
9300 11
9301 10
9302 9
9303 6
9304 11
9305 6
9306 10
9307 12
9308 11
9309 8
9310 12
9311 12
9312 10
9313 11
9314 10
9315 13
9316 6
9317 12
9318 12
9319 7
9320 10
9321 12
9322 6
9323 9
9324 6
9325 3
9326 13
9327 8
9328 12
9329 10
9330 12
9331 10
9332 7
9333 5
9334 12
9335 10
9336 14
9337 10
9338 8
9339 7
9340 12
9341 11
9342 12
9343 6
9344 6
9345 9
9346 13
9347 8
9348 8
9349 7
9350 7
9351 10
9352 12
9353 8
9354 9
9355 8
9356 21
9357 6
9358 8
9359 10
9360 12
9361 10
9362 8
9363 15
9364 12
9365 12
9366 11
9367 6
9368 5
9369 5
9370 14
9371 15
9372 5
9373 8
9374 13
9375 7
9376 12
9377 6
9378 10
9379 7
9380 6
9381 6
9382 9
9383 8
9384 7
9385 17
9386 9
9387 15
9388 8
9389 13
9390 6
9391 10
9392 10
9393 8
9394 8
9395 10
9396 9
9397 9
9398 9
9399 7
9400 8
9401 8
9402 9
9403 10
9404 4
9405 8
9406 7
9407 10
9408 7
9409 12
9410 9
9411 10
9412 4
9413 8
9414 15
9415 8
9416 6
9417 9
9418 7
9419 9
9420 10
9421 5
9422 7
9423 9
9424 12
9425 5
9426 9
9427 5
9428 8
9429 9
9430 8
9431 7
9432 13
9433 14
9434 12
9435 13
9436 9
9437 13
9438 14
9439 8
9440 10
9441 9
9442 5
9443 12
9444 10
9445 14
9446 6
9447 9
9448 14
9449 12
9450 4
9451 4
9452 9
9453 9
9454 11
9455 7
9456 7
9457 8
9458 9
9459 11
9460 6
9461 10
9462 11
9463 11
9464 12
9465 9
9466 11
9467 9
9468 6
9469 11
9470 9
9471 9
9472 12
9473 7
9474 9
9475 11
9476 9
9477 12
9478 13
9479 7
9480 4
9481 9
9482 11
9483 5
9484 11
9485 11
9486 8
9487 5
9488 10
9489 8
9490 9
9491 10
9492 9
9493 6
9494 9
9495 5
9496 10
9497 8
9498 8
9499 11
9500 11
9501 15
9502 11
9503 7
9504 8
9505 9
9506 4
9507 10
9508 10
9509 9
9510 12
9511 8
9512 6
9513 5
9514 9
9515 6
9516 12
9517 13
9518 10
9519 8
9520 9
9521 9
9522 7
9523 6
9524 5
9525 4
9526 11
9527 9
9528 8
9529 8
9530 6
9531 6
9532 12
9533 6
9534 7
9535 7
9536 8
9537 5
9538 6
9539 10
9540 8
9541 12
9542 4
9543 14
9544 5
9545 7
9546 10
9547 5
9548 8
9549 9
9550 9
9551 5
9552 14
9553 13
9554 9
9555 13
9556 8
9557 8
9558 10
9559 10
9560 8
9561 10
9562 2
9563 4
9564 16
9565 7
9566 7
9567 14
9568 5
9569 10
9570 7
9571 10
9572 13
9573 7
9574 10
9575 9
9576 9
9577 12
9578 8
9579 13
9580 6
9581 12
9582 9
9583 9
9584 5
9585 12
9586 11
9587 4
9588 12
9589 7
9590 6
9591 9
9592 7
9593 8
9594 2
9595 11
9596 7
9597 8
9598 8
9599 11
9600 8
9601 7
9602 5
9603 5
9604 14
9605 5
9606 7
9607 13
9608 10
9609 10
9610 13
9611 11
9612 7
9613 7
9614 14
9615 16
9616 10
9617 7
9618 9
9619 10
9620 12
9621 10
9622 10
9623 9
9624 5
9625 7
9626 8
9627 10
9628 7
9629 4
9630 8
9631 14
9632 5
9633 8
9634 12
9635 6
9636 14
9637 6
9638 17
9639 9
9640 7
9641 11
9642 5
9643 11
9644 11
9645 11
9646 7
9647 11
9648 7
9649 7
9650 17
9651 9
9652 4
9653 9
9654 15
9655 9
9656 7
9657 5
9658 5
9659 6
9660 8
9661 5
9662 10
9663 11
9664 4
9665 6
9666 6
9667 10
9668 4
9669 11
9670 8
9671 6
9672 8
9673 8
9674 11
9675 10
9676 10
9677 7
9678 10
9679 4
9680 6
9681 12
9682 9
9683 10
9684 7
9685 6
9686 11
9687 10
9688 7
9689 5
9690 8
9691 12
9692 6
9693 8
9694 10
9695 10
9696 10
9697 6
9698 6
9699 11
9700 11
9701 11
9702 9
9703 9
9704 8
9705 6
9706 9
9707 13
9708 2
9709 11
9710 6
9711 7
9712 6
9713 6
9714 8
9715 3
9716 7
9717 10
9718 8
9719 8
9720 8
9721 15
9722 7
9723 12
9724 11
9725 12
9726 10
9727 14
9728 11
9729 10
9730 7
9731 7
9732 11
9733 8
9734 12
9735 6
9736 12
9737 9
9738 7
9739 7
9740 7
9741 11
9742 10
9743 10
9744 14
9745 10
9746 7
9747 7
9748 5
9749 5
9750 6
9751 6
9752 4
9753 13
9754 8
9755 10
9756 13
9757 12
9758 9
9759 11
9760 12
9761 9
9762 11
9763 10
9764 7
9765 7
9766 2
9767 8
9768 9
9769 9
9770 9
9771 2
9772 11
9773 6
9774 13
9775 8
9776 12
9777 8
9778 13
9779 11
9780 8
9781 11
9782 8
9783 10
9784 8
9785 9
9786 10
9787 10
9788 9
9789 10
9790 8
9791 7
9792 8
9793 5
9794 8
9795 9
9796 4
9797 9
9798 10
9799 6
9800 11
9801 4
9802 7
9803 5
9804 7
9805 7
9806 11
9807 6
9808 11
9809 5
9810 4
9811 9
9812 9
9813 6
9814 5
9815 10
9816 5
9817 13
9818 5
9819 13
9820 12
9821 12
9822 10
9823 8
9824 7
9825 11
9826 10
9827 4
9828 9
9829 14
9830 6
9831 3
9832 7
9833 7
9834 7
9835 14
9836 8
9837 7
9838 5
9839 8
9840 9
9841 6
9842 11
9843 12
9844 10
9845 9
9846 9
9847 5
9848 7
9849 4
9850 16
9851 10
9852 7
9853 8
9854 9
9855 8
9856 7
9857 12
9858 6
9859 4
9860 6
9861 6
9862 13
9863 6
9864 5
9865 6
9866 4
9867 6
9868 6
9869 8
9870 18
9871 12
9872 7
9873 4
9874 4
9875 7
9876 9
9877 13
9878 7
9879 13
9880 5
9881 9
9882 4
9883 4
9884 8
9885 9
9886 9
9887 10
9888 4
9889 5
9890 5
9891 5
9892 6
9893 9
9894 6
9895 8
9896 11
9897 13
9898 6
9899 8
9900 6
9901 7
9902 7
9903 5
9904 4
9905 13
9906 4
9907 7
9908 6
9909 8
9910 13
9911 15
9912 5
9913 7
9914 6
9915 10
9916 7
9917 12
9918 7
9919 4
9920 6
9921 8
9922 5
9923 12
9924 8
9925 3
9926 1
9927 9
9928 7
9929 9
9930 9
9931 6
9932 10
9933 9
9934 8
9935 8
9936 6
9937 8
9938 12
9939 6
9940 13
9941 7
9942 15
9943 10
9944 9
9945 6
9946 7
9947 7
9948 7
9949 8
9950 11
9951 5
9952 10
9953 11
9954 11
9955 7
9956 6
9957 10
9958 8
9959 9
9960 8
9961 10
9962 14
9963 8
9964 6
9965 7
9966 11
9967 3
9968 5
9969 13
9970 9
9971 8
9972 8
9973 8
9974 10
9975 5
9976 9
9977 6
9978 6
9979 7
9980 9
9981 4
9982 6
9983 9
9984 5
9985 4
9986 5
9987 6
9988 7
9989 4
9990 12
9991 6
9992 6
9993 6
9994 10
9995 11
9996 12
9997 10
9998 9
9999 8
10000 9
10001 79049
