fragment_length	frequency
82	49
83	24
84	56
85	32
86	55
87	28
88	47
89	67
90	46
91	38
92	43
93	27
94	28
95	27
96	49
97	32
98	35
99	20
100	30
101	23
102	27
103	16
104	28
105	25
106	28
107	28
108	22
109	24
110	20
111	17
112	16
113	19
114	19
115	18
116	15
117	21
118	22
119	30
120	23
121	24
122	22
123	14
124	23
125	16
126	17
127	20
128	28
129	16
130	21
131	17
132	25
133	19
134	20
135	24
136	18
137	21
138	19
139	22
140	21
141	19
142	17
143	22
144	20
145	20
146	12
147	12
148	17
149	21
150	23
151	16
152	16
153	16
154	27
155	25
156	18
157	14
158	21
159	22
160	15
161	15
162	20
163	14
164	17
165	21
166	23
167	14
168	17
169	20
170	17
171	19
172	17
173	20
174	16
175	24
176	16
177	12
178	32
179	16
180	17
181	14
182	24
183	22
184	13
185	19
186	20
187	15
188	16
189	11
190	18
191	16
192	16
193	21
194	16
195	26
196	19
197	27
198	13
199	23
200	20
201	22
202	22
203	13
204	16
205	16
206	17
207	34
208	20
209	22
210	20
211	14
212	17
213	35
214	17
215	24
216	46
217	16
218	17
219	12
220	13
221	14
222	22
223	19
224	12
225	17
226	13
227	14
228	15
229	17
230	16
231	20
232	15
233	14
234	11
235	13
236	19
237	19
238	19
239	22
240	25
241	20
242	15
243	20
244	12
245	16
246	22
247	18
248	22
249	23
250	16
251	23
252	18
253	24
254	21
255	14
256	16
257	16
258	23
259	15
260	26
261	12
262	10
263	11
264	11
265	17
266	22
267	18
268	10
269	16
270	14
271	20
272	24
273	21
274	18
275	14
276	8
277	22
278	15
279	14
280	18
281	16
282	19
283	21
284	14
285	21
286	17
287	19
288	21
289	20
290	20
291	18
292	21
293	19
294	15
295	12
296	13
297	10
298	24
299	18
300	16
301	13
302	13
303	10
304	16
305	20
306	18
307	25
308	19
309	25
310	14
311	23
312	24
313	21
314	18
315	20
316	18
317	15
318	23
319	18
320	15
321	10
322	18
323	17
324	27
325	22
326	26
327	19
328	19
329	16
330	18
331	13
332	25
333	15
334	16
335	17
336	20
337	17
338	21
339	15
340	16
341	19
342	19
343	16
344	18
345	15
346	21
347	19
348	21
349	16
350	19
351	21
352	22
353	14
354	21
355	14
356	20
357	21
358	20
359	17
360	19
361	10
362	10
363	13
364	13
365	18
366	29
367	27
368	13
369	16
370	15
371	10
372	14
373	13
374	14
375	21
376	18
377	17
378	18
379	16
380	15
381	13
382	18
383	16
384	16
385	14
386	18
387	14
388	13
389	27
390	23
391	15
392	14
393	19
394	23
395	19
396	23
397	16
398	15
399	14
400	21
401	14
402	25
403	12
404	19
405	21
406	15
407	14
408	20
409	25
410	19
411	18
412	22
413	19
414	13
415	22
416	8
417	22
418	17
419	8
420	27
421	14
422	16
423	14
424	17
425	6
426	20
427	10
428	16
429	20
430	26
431	14
432	9
433	19
434	12
435	15
436	13
437	19
438	13
439	13
440	16
441	13
442	11
443	8
444	16
445	16
446	13
447	15
448	17
449	13
450	21
451	19
452	16
453	18
454	9
455	11
456	18
457	22
458	24
459	13
460	15
461	26
462	12
463	21
464	12
465	15
466	13
467	15
468	13
469	9
470	12
471	7
472	7
473	14
474	15
475	18
476	14
477	16
478	21
479	12
480	16
481	19
482	6
483	14
484	13
485	18
486	17
487	8
488	11
489	19
490	18
491	13
492	17
493	15
494	16
495	19
496	21
497	9
498	10
499	19
500	12
501	15
502	17
503	16
504	20
505	14
506	18
507	22
508	13
509	11
510	12
511	19
512	19
513	13
514	18
515	11
516	15
517	13
518	10
519	16
520	19
521	16
522	13
523	25
524	15
525	15
526	16
527	19
528	22
529	16
530	9
531	19
532	13
533	18
534	16
535	11
536	18
537	9
538	16
539	19
540	16
541	16
542	13
543	16
544	14
545	16
546	13
547	14
548	15
549	19
550	20
551	16
552	7
553	9
554	12
555	14
556	17
557	15
558	8
559	17
560	14
561	13
562	17
563	15
564	12
565	12
566	14
567	17
568	7
569	12
570	14
571	13
572	15
573	11
574	18
575	13
576	18
577	15
578	15
579	13
580	17
581	16
582	8
583	10
584	20
585	15
586	16
587	14
588	14
589	21
590	11
591	14
592	16
593	22
594	11
595	7
596	15
597	16
598	13
599	12
600	17
601	12
602	15
603	14
604	13
605	11
606	19
607	16
608	13
609	14
610	9
611	24
612	16
613	12
614	12
615	13
616	9
617	18
618	11
619	18
620	16
621	12
622	16
623	17
624	21
625	21
626	23
627	19
628	13
629	15
630	11
631	14
632	16
633	8
634	17
635	13
636	13
637	14
638	18
639	11
640	9
641	13
642	13
643	13
644	16
645	10
646	13
647	13
648	18
649	11
650	18
651	13
652	19
653	21
654	7
655	16
656	8
657	7
658	16
659	10
660	14
661	9
662	7
663	12
664	20
665	8
666	27
667	6
668	16
669	10
670	16
671	16
672	19
673	17
674	15
675	16
676	12
677	13
678	11
679	14
680	12
681	8
682	12
683	11
684	11
685	15
686	14
687	7
688	8
689	11
690	12
691	15
692	10
693	9
694	21
695	16
696	15
697	13
698	14
699	21
700	11
701	17
702	14
703	21
704	16
705	6
706	11
707	20
708	18
709	14
710	23
711	15
712	11
713	8
714	10
715	9
716	6
717	11
718	21
719	16
720	17
721	13
722	7
723	18
724	6
725	12
726	12
727	19
728	14
729	9
730	25
731	10
732	9
733	12
734	18
735	17
736	16
737	10
738	15
739	15
740	15
741	7
742	20
743	12
744	11
745	11
746	10
747	15
748	10
749	12
750	15
751	17
752	19
753	13
754	16
755	10
756	17
757	22
758	13
759	15
760	14
761	12
762	13
763	20
764	17
765	7
766	17
767	15
768	14
769	7
770	9
771	19
772	19
773	10
774	13
775	13
776	11
777	9
778	8
779	15
780	15
781	12
782	12
783	15
784	13
785	19
786	14
787	18
788	13
789	11
790	13
791	11
792	13
793	16
794	12
795	13
796	14
797	13
798	10
799	15
800	8
801	9
802	16
803	13
804	17
805	15
806	12
807	14
808	10
809	9
810	12
811	15
812	11
813	13
814	15
815	15
816	14
817	15
818	21
819	11
820	19
821	18
822	13
823	13
824	11
825	10
826	14
827	11
828	11
829	7
830	23
831	22
832	13
833	14
834	24
835	13
836	11
837	11
838	16
839	16
840	12
841	13
842	11
843	9
844	16
845	18
846	15
847	11
848	14
849	14
850	13
851	10
852	6
853	10
854	14
855	20
856	16
857	9
858	14
859	8
860	13
861	11
862	13
863	13
864	13
865	9
866	16
867	16
868	10
869	9
870	15
871	9
872	16
873	9
874	10
875	12
876	7
877	19
878	15
879	15
880	17
881	18
882	9
883	12
884	13
885	13
886	9
887	14
888	12
889	11
890	16
891	9
892	13
893	16
894	16
895	14
896	14
897	8
898	13
899	17
900	13
901	21
902	8
903	13
904	17
905	11
906	13
907	14
908	8
909	12
910	14
911	7
912	18
913	15
914	15
915	14
916	15
917	12
918	17
919	16
920	14
921	14
922	13
923	16
924	15
925	21
926	9
927	15
928	12
929	12
930	21
931	12
932	15
933	9
934	12
935	13
936	19
937	14
938	14
939	12
940	10
941	9
942	14
943	15
944	16
945	7
946	16
947	10
948	13
949	15
950	13
951	9
952	8
953	9
954	10
955	11
956	12
957	12
958	16
959	9
960	15
961	16
962	11
963	11
964	17
965	8
966	8
967	9
968	14
969	15
970	20
971	10
972	12
973	17
974	7
975	15
976	10
977	24
978	12
979	17
980	14
981	6
982	15
983	22
984	16
985	7
986	11
987	6
988	10
989	11
990	8
991	15
992	15
993	13
994	8
995	10
996	19
997	9
998	13
999	13
1000	13
1001	10
1002	8
1003	7
1004	14
1005	11
1006	11
1007	11
1008	14
1009	11
1010	13
1011	10
1012	11
1013	11
1014	13
1015	10
1016	13
1017	11
1018	14
1019	12
1020	23
1021	13
1022	15
1023	12
1024	15
1025	11
1026	9
1027	9
1028	18
1029	12
1030	16
1031	17
1032	8
1033	8
1034	10
1035	13
1036	13
1037	11
1038	15
1039	16
1040	18
1041	15
1042	15
1043	12
1044	11
1045	13
1046	9
1047	6
1048	13
1049	14
1050	10
1051	12
1052	9
1053	14
1054	10
1055	15
1056	13
1057	6
1058	8
1059	12
1060	13
1061	20
1062	12
1063	12
1064	8
1065	8
1066	12
1067	16
1068	8
1069	12
1070	10
1071	17
1072	7
1073	9
1074	8
1075	8
1076	15
1077	12
1078	17
1079	11
1080	10
1081	15
1082	5
1083	18
1084	12
1085	11
1086	13
1087	7
1088	13
1089	12
1090	10
1091	10
1092	10
1093	7
1094	11
1095	9
1096	11
1097	10
1098	11
1099	13
1100	9
1101	15
1102	12
1103	11
1104	14
1105	20
1106	13
1107	11
1108	15
1109	13
1110	10
1111	7
1112	14
1113	11
1114	18
1115	10
1116	11
1117	7
1118	20
1119	14
1120	10
1121	14
1122	16
1123	15
1124	12
1125	12
1126	7
1127	6
1128	9
1129	14
1130	36
1131	8
1132	14
1133	8
1134	11
1135	10
1136	11
1137	12
1138	7
1139	14
1140	13
1141	9
1142	16
1143	14
1144	9
1145	11
1146	11
1147	13
1148	5
1149	14
1150	14
1151	16
1152	9
1153	13
1154	9
1155	17
1156	15
1157	11
1158	12
1159	16
1160	16
1161	13
1162	10
1163	3
1164	8
1165	11
1166	11
1167	14
1168	9
1169	7
1170	15
1171	13
1172	12
1173	15
1174	10
1175	25
1176	12
1177	16
1178	12
1179	13
1180	8
1181	17
1182	11
1183	10
1184	5
1185	17
1186	5
1187	20
1188	7
1189	9
1190	10
1191	14
1192	8
1193	7
1194	16
1195	11
1196	11
1197	6
1198	10
1199	12
1200	17
1201	9
1202	12
1203	12
1204	12
1205	12
1206	9
1207	11
1208	6
1209	10
1210	12
1211	17
1212	12
1213	13
1214	10
1215	12
1216	11
1217	10
1218	10
1219	10
1220	11
1221	14
1222	7
1223	13
1224	14
1225	12
1226	12
1227	16
1228	18
1229	7
1230	6
1231	16
1232	11
1233	9
1234	13
1235	8
1236	7
1237	7
1238	13
1239	9
1240	7
1241	6
1242	8
1243	7
1244	9
1245	14
1246	11
1247	10
1248	20
1249	10
1250	13
1251	10
1252	10
1253	9
1254	8
1255	10
1256	7
1257	11
1258	12
1259	10
1260	6
1261	13
1262	9
1263	15
1264	14
1265	17
1266	10
1267	8
1268	10
1269	17
1270	5
1271	8
1272	19
1273	11
1274	14
1275	10
1276	11
1277	12
1278	14
1279	15
1280	13
1281	3
1282	10
1283	15
1284	9
1285	7
1286	10
1287	13
1288	13
1289	14
1290	9
1291	13
1292	10
1293	13
1294	17
1295	9
1296	8
1297	16
1298	12
1299	8
1300	12
1301	6
1302	10
1303	8
1304	7
1305	11
1306	16
1307	11
1308	10
1309	14
1310	11
1311	11
1312	10
1313	11
1314	12
1315	14
1316	10
1317	6
1318	14
1319	2
1320	11
1321	11
1322	9
1323	9
1324	12
1325	9
1326	7
1327	14
1328	10
1329	13
1330	7
1331	12
1332	14
1333	14
1334	9
1335	6
1336	10
1337	8
1338	12
1339	6
1340	11
1341	13
1342	11
1343	14
1344	10
1345	13
1346	8
1347	12
1348	9
1349	11
1350	10
1351	13
1352	10
1353	8
1354	13
1355	12
1356	12
1357	9
1358	12
1359	10
1360	7
1361	9
1362	4
1363	9
1364	9
1365	13
1366	15
1367	8
1368	17
1369	9
1370	13
1371	12
1372	5
1373	6
1374	11
1375	14
1376	9
1377	9
1378	13
1379	11
1380	14
1381	11
1382	9
1383	16
1384	10
1385	8
1386	10
1387	10
1388	11
1389	13
1390	15
1391	12
1392	10
1393	7
1394	13
1395	16
1396	13
1397	8
1398	12
1399	6
1400	16
1401	17
1402	13
1403	8
1404	13
1405	13
1406	12
1407	2
1408	7
1409	8
1410	7
1411	8
1412	14
1413	10
1414	10
1415	13
1416	10
1417	5
1418	13
1419	14
1420	8
1421	13
1422	6
1423	9
1424	17
1425	8
1426	10
1427	13
1428	9
1429	9
1430	11
1431	12
1432	9
1433	12
1434	7
1435	9
1436	9
1437	14
1438	16
1439	11
1440	17
1441	11
1442	15
1443	15
1444	15
1445	8
1446	9
1447	13
1448	14
1449	9
1450	10
1451	10
1452	12
1453	9
1454	8
1455	13
1456	11
1457	6
1458	5
1459	11
1460	10
1461	10
1462	9
1463	21
1464	12
1465	11
1466	9
1467	16
1468	10
1469	11
1470	8
1471	17
1472	13
1473	11
1474	5
1475	11
1476	12
1477	6
1478	8
1479	13
1480	12
1481	14
1482	10
1483	13
1484	10
1485	6
1486	10
1487	10
1488	15
1489	11
1490	17
1491	19
1492	17
1493	12
1494	11
1495	9
1496	11
1497	10
1498	10
1499	17
1500	9
1501	8
1502	14
1503	9
1504	14
1505	8
1506	11
1507	14
1508	6
1509	16
1510	10
1511	6
1512	8
1513	5
1514	15
1515	9
1516	9
1517	11
1518	6
1519	10
1520	8
1521	8
1522	6
1523	12
1524	8
1525	12
1526	12
1527	11
1528	8
1529	7
1530	10
1531	9
1532	15
1533	8
1534	15
1535	11
1536	13
1537	10
1538	9
1539	7
1540	15
1541	13
1542	4
1543	9
1544	12
1545	8
1546	10
1547	8
1548	10
1549	16
1550	5
1551	8
1552	11
1553	4
1554	10
1555	12
1556	12
1557	6
1558	11
1559	14
1560	14
1561	9
1562	7
1563	17
1564	7
1565	13
1566	9
1567	14
1568	6
1569	7
1570	12
1571	10
1572	10
1573	9
1574	13
1575	9
1576	10
1577	7
1578	12
1579	8
1580	9
1581	4
1582	9
1583	14
1584	5
1585	11
1586	5
1587	11
1588	11
1589	8
1590	13
1591	14
1592	10
1593	5
1594	12
1595	9
1596	14
1597	9
1598	7
1599	9
1600	12
1601	12
1602	12
1603	8
1604	7
1605	10
1606	13
1607	10
1608	16
1609	4
1610	13
1611	12
1612	9
1613	14
1614	12
1615	6
1616	9
1617	6
1618	17
1619	7
1620	11
1621	13
1622	8
1623	11
1624	11
1625	8
1626	15
1627	12
1628	15
1629	8
1630	7
1631	8
1632	7
1633	5
1634	9
1635	12
1636	8
1637	6
1638	10
1639	7
1640	15
1641	8
1642	7
1643	9
1644	12
1645	8
1646	12
1647	7
1648	9
1649	3
1650	10
1651	5
1652	12
1653	12
1654	10
1655	5
1656	16
1657	7
1658	12
1659	9
1660	15
1661	11
1662	10
1663	11
1664	6
1665	7
1666	9
1667	8
1668	4
1669	19
1670	14
1671	11
1672	8
1673	7
1674	10
1675	7
1676	8
1677	8
1678	8
1679	12
1680	9
1681	12
1682	13
1683	10
1684	9
1685	12
1686	14
1687	8
1688	9
1689	12
1690	15
1691	5
1692	12
1693	14
1694	11
1695	13
1696	13
1697	8
1698	9
1699	7
1700	5
1701	7
1702	8
1703	14
1704	9
1705	6
1706	14
1707	8
1708	9
1709	10
1710	8
1711	10
1712	14
1713	10
1714	10
1715	12
1716	10
1717	5
1718	9
1719	11
1720	10
1721	7
1722	11
1723	9
1724	15
1725	8
1726	4
1727	10
1728	10
1729	8
1730	9
1731	6
1732	13
1733	13
1734	14
1735	5
1736	6
1737	9
1738	12
1739	15
1740	11
1741	12
1742	11
1743	10
1744	10
1745	14
1746	9
1747	10
1748	11
1749	9
1750	7
1751	7
1752	13
1753	12
1754	11
1755	10
1756	11
1757	7
1758	8
1759	8
1760	11
1761	18
1762	8
1763	12
1764	6
1765	9
1766	12
1767	10
1768	6
1769	8
1770	9
1771	10
1772	6
1773	12
1774	14
1775	5
1776	14
1777	9
1778	6
1779	7
1780	8
1781	9
1782	15
1783	9
1784	8
1785	10
1786	10
1787	13
1788	11
1789	11
1790	7
1791	6
1792	11
1793	8
1794	12
1795	17
1796	11
1797	9
1798	12
1799	5
1800	10
1801	9
1802	16
1803	5
1804	14
1805	2
1806	12
1807	4
1808	10
1809	11
1810	6
1811	10
1812	4
1813	10
1814	10
1815	6
1816	7
1817	12
1818	7
1819	15
1820	10
1821	5
1822	12
1823	9
1824	10
1825	7
1826	12
1827	14
1828	6
1829	7
1830	12
1831	10
1832	10
1833	6
1834	6
1835	2
1836	5
1837	13
1838	15
1839	4
1840	5
1841	11
1842	10
1843	9
1844	15
1845	7
1846	8
1847	11
1848	7
1849	9
1850	10
1851	19
1852	9
1853	12
1854	5
1855	6
1856	8
1857	10
1858	16
1859	10
1860	13
1861	11
1862	4
1863	8
1864	16
1865	10
1866	13
1867	8
1868	11
1869	6
1870	11
1871	12
1872	8
1873	9
1874	8
1875	14
1876	5
1877	14
1878	9
1879	9
1880	9
1881	10
1882	5
1883	12
1884	7
1885	7
1886	16
1887	11
1888	9
1889	5
1890	5
1891	9
1892	14
1893	8
1894	5
1895	7
1896	7
1897	9
1898	11
1899	14
1900	5
1901	8
1902	8
1903	6
1904	12
1905	6
1906	9
1907	11
1908	15
1909	7
1910	9
1911	10
1912	8
1913	7
1914	9
1915	8
1916	9
1917	6
1918	4
1919	9
1920	14
1921	16
1922	11
1923	7
1924	10
1925	4
1926	11
1927	7
1928	8
1929	11
1930	8
1931	9
1932	13
1933	10
1934	9
1935	7
1936	12
1937	7
1938	9
1939	9
1940	10
1941	14
1942	7
1943	9
1944	7
1945	4
1946	10
1947	7
1948	15
1949	15
1950	8
1951	8
1952	11
1953	10
1954	10
1955	12
1956	12
1957	12
1958	6
1959	8
1960	12
1961	7
1962	7
1963	8
1964	10
1965	12
1966	11
1967	12
1968	8
1969	10
1970	11
1971	10
1972	8
1973	9
1974	13
1975	7
1976	9
1977	3
1978	7
1979	8
1980	13
1981	10
1982	7
1983	18
1984	6
1985	13
1986	4
1987	11
1988	10
1989	11
1990	5
1991	15
1992	6
1993	9
1994	14
1995	12
1996	7
1997	6
1998	9
1999	8
2000	10
2001	9
2002	7
2003	6
2004	11
2005	9
2006	10
2007	10
2008	6
2009	7
2010	12
2011	18
2012	12
2013	4
2014	8
2015	12
2016	3
2017	9
2018	9
2019	7
2020	6
2021	10
2022	14
2023	7
2024	10
2025	7
2026	7
2027	5
2028	11
2029	9
2030	7
2031	10
2032	6
2033	8
2034	9
2035	8
2036	8
2037	7
2038	4
2039	9
2040	11
2041	12
2042	10
2043	10
2044	12
2045	8
2046	4
2047	7
2048	4
2049	8
2050	10
2051	5
2052	8
2053	13
2054	9
2055	10
2056	8
2057	4
2058	11
2059	8
2060	12
2061	9
2062	6
2063	8
2064	10
2065	4
2066	7
2067	15
2068	5
2069	12
2070	16
2071	8
2072	6
2073	7
2074	11
2075	8
2076	3
2077	10
2078	11
2079	8
2080	10
2081	11
2082	10
2083	15
2084	10
2085	8
2086	13
2087	8
2088	11
2089	6
2090	7
2091	6
2092	11
2093	5
2094	6
2095	6
2096	9
2097	5
2098	13
2099	12
2100	9
2101	8
2102	10
2103	5
2104	11
2105	10
2106	10
2107	14
2108	6
2109	11
2110	10
2111	14
2112	8
2113	11
2114	12
2115	12
2116	6
2117	9
2118	13
2119	10
2120	9
2121	9
2122	9
2123	5
2124	8
2125	10
2126	10
2127	9
2128	10
2129	12
2130	8
2131	3
2132	9
2133	6
2134	16
2135	8
2136	10
2137	14
2138	5
2139	9
2140	12
2141	6
2142	4
2143	11
2144	5
2145	8
2146	6
2147	11
2148	7
2149	12
2150	6
2151	12
2152	9
2153	8
2154	8
2155	8
2156	5
2157	12
2158	5
2159	7
2160	4
2161	2
2162	7
2163	5
2164	13
2165	5
2166	9
2167	12
2168	8
2169	7
2170	7
2171	10
2172	10
2173	3
2174	7
2175	10
2176	6
2177	12
2178	18
2179	12
2180	6
2181	6
2182	9
2183	8
2184	4
2185	11
2186	8
2187	9
2188	6
2189	6
2190	7
2191	11
2192	7
2193	4
2194	6
2195	2
2196	10
2197	2
2198	6
2199	5
2200	9
2201	5
2202	10
2203	11
2204	7
2205	9
2206	8
2207	10
2208	4
2209	7
2210	10
2211	10
2212	9
2213	6
2214	5
2215	7
2216	13
2217	13
2218	13
2219	5
2220	8
2221	8
2222	4
2223	14
2224	4
2225	10
2226	1
2227	9
2228	6
2229	8
2230	6
2231	5
2232	10
2233	9
2234	8
2235	14
2236	9
2237	6
2238	4
2239	11
2240	13
2241	13
2242	10
2243	7
2244	11
2245	6
2246	7
2247	5
2248	9
2249	10
2250	17
2251	5
2252	9
2253	10
2254	3
2255	4
2256	11
2257	14
2258	5
2259	4
2260	7
2261	9
2262	8
2263	7
2264	6
2265	6
2266	10
2267	9
2268	9
2269	7
2270	5
2271	9
2272	4
2273	7
2274	8
2275	12
2276	6
2277	6
2278	6
2279	12
2280	13
2281	6
2282	5
2283	8
2284	5
2285	8
2286	15
2287	9
2288	6
2289	10
2290	5
2291	6
2292	5
2293	11
2294	9
2295	13
2296	5
2297	9
2298	7
2299	14
2300	3
2301	8
2302	5
2303	5
2304	4
2305	8
2306	8
2307	7
2308	6
2309	10
2310	5
2311	3
2312	8
2313	9
2314	6
2315	6
2316	9
2317	13
2318	9
2319	12
2320	7
2321	8
2322	7
2323	5
2324	8
2325	8
2326	5
2327	5
2328	6
2329	8
2330	5
2331	9
2332	7
2333	12
2334	6
2335	4
2336	3
2337	5
2338	7
2339	16
2340	11
2341	10
2342	10
2343	5
2344	6
2345	9
2346	9
2347	9
2348	5
2349	10
2350	8
2351	6
2352	10
2353	13
2354	5
2355	6
2356	14
2357	5
2358	7
2359	15
2360	9
2361	7
2362	5
2363	9
2364	6
2365	6
2366	10
2367	7
2368	10
2369	8
2370	7
2371	10
2372	8
2373	4
2374	7
2375	6
2376	12
2377	9
2378	8
2379	5
2380	3
2381	7
2382	4
2383	8
2384	9
2385	10
2386	12
2387	9
2388	6
2389	14
2390	7
2391	8
2392	10
2393	10
2394	13
2395	7
2396	9
2397	7
2398	10
2399	7
2400	9
2401	10
2402	10
2403	5
2404	13
2405	9
2406	8
2407	8
2408	4
2409	7
2410	8
2411	6
2412	8
2413	2
2414	6
2415	5
2416	4
2417	10
2418	9
2419	7
2420	6
2421	5
2422	11
2423	7
2424	9
2425	12
2426	4
2427	5
2428	7
2429	3
2430	11
2431	5
2432	7
2433	4
2434	3
2435	5
2436	7
2437	7
2438	7
2439	8
2440	10
2441	5
2442	5
2443	9
2444	5
2445	9
2446	8
2447	13
2448	7
2449	11
2450	5
2451	5
2452	5
2453	8
2454	11
2455	5
2456	10
2457	6
2458	3
2459	4
2460	9
2461	4
2462	3
2463	9
2464	6
2465	9
2466	6
2467	5
2468	8
2469	8
2470	10
2471	8
2472	1
2473	6
2474	7
2475	6
2476	7
2477	7
2478	4
2479	8
2480	9
2481	11
2482	5
2483	4
2484	7
2485	12
2486	9
2487	5
2488	14
2489	2
2490	10
2491	12
2492	10
2493	4
2494	12
2495	6
2496	7
2497	13
2498	9
2499	5
2500	12
2501	3
2502	2
2503	5
2504	19
2505	12
2506	7
2507	5
2508	4
2509	8
2510	8
2511	10
2512	10
2513	14
2514	8
2515	9
2516	8
2517	4
2518	5
2519	7
2520	13
2521	6
2522	7
2523	6
2524	6
2525	9
2526	7
2527	7
2528	3
2529	6
2530	1
2531	10
2532	6
2533	4
2534	9
2535	9
2536	7
2537	8
2538	2
2539	5
2540	6
2541	8
2542	12
2543	5
2544	7
2545	12
2546	6
2547	11
2548	4
2549	6
2550	8
2551	8
2552	9
2553	8
2554	5
2555	6
2556	4
2557	8
2558	8
2559	6
2560	8
2561	5
2562	5
2563	9
2564	8
2565	3
2566	10
2567	4
2568	7
2569	7
2570	8
2571	5
2572	4
2573	8
2574	6
2575	6
2576	8
2577	5
2578	8
2579	8
2580	8
2581	8
2582	8
2583	7
2584	9
2585	5
2586	4
2587	4
2588	12
2589	3
2590	10
2591	5
2592	10
2593	4
2594	10
2595	4
2596	6
2597	9
2598	10
2599	8
2600	7
2601	3
2602	3
2603	9
2604	6
2605	5
2606	9
2607	4
2608	8
2609	3
2610	8
2611	6
2612	2
2613	3
2614	9
2615	3
2616	3
2617	5
2618	6
2619	4
2620	5
2621	10
2622	11
2623	9
2624	3
2625	4
2626	7
2627	4
2628	10
2629	7
2630	8
2631	4
2632	9
2633	5
2634	7
2635	10
2636	8
2637	4
2638	11
2639	12
2640	10
2641	8
2642	6
2643	12
2644	9
2645	13
2646	13
2647	4
2648	12
2649	8
2650	7
2651	6
2652	6
2653	12
2654	10
2655	7
2656	6
2657	4
2658	5
2659	10
2660	9
2661	10
2662	4
2663	4
2664	5
2665	3
2666	8
2667	5
2668	11
2669	8
2670	12
2671	11
2672	3
2673	11
2674	6
2675	5
2676	8
2677	8
2678	8
2679	7
2680	7
2681	10
2682	6
2683	9
2684	7
2685	10
2686	10
2687	5
2688	14
2689	5
2690	5
2691	8
2692	4
2693	5
2694	2
2695	6
2696	10
2697	8
2698	8
2699	8
2700	9
2701	5
2702	6
2703	12
2704	5
2705	3
2706	10
2707	12
2708	9
2709	6
2710	10
2711	7
2712	3
2713	8
2714	12
2715	1
2716	4
2717	2
2718	10
2719	8
2720	6
2721	9
2722	11
2723	11
2724	8
2725	10
2726	13
2727	11
2728	8
2729	7
2730	3
2731	3
2732	4
2733	8
2734	9
2735	8
2736	8
2737	7
2738	3
2739	9
2740	6
2741	5
2742	8
2743	6
2744	10
2745	7
2746	9
2747	7
2748	8
2749	6
2750	6
2751	4
2752	4
2753	7
2754	6
2755	9
2756	2
2757	6
2758	3
2759	6
2760	5
2761	13
2762	9
2763	7
2764	8
2765	9
2766	4
2767	2
2768	6
2769	14
2770	5
2771	9
2772	9
2773	6
2774	7
2775	9
2776	10
2777	5
2778	10
2779	4
2780	8
2781	8
2782	7
2783	7
2784	6
2785	2
2786	7
2787	7
2788	6
2789	11
2790	6
2791	13
2792	6
2793	8
2794	6
2795	9
2796	5
2797	3
2798	9
2799	6
2800	8
2801	6
2802	6
2803	8
2804	9
2805	8
2806	11
2807	8
2808	4
2809	7
2810	7
2811	11
2812	4
2813	9
2814	4
2815	3
2816	3
2817	7
2818	7
2819	9
2820	4
2821	2
2822	3
2823	8
2824	7
2825	6
2826	6
2827	9
2828	5
2829	10
2830	6
2831	3
2832	6
2833	9
2834	4
2835	5
2836	4
2837	8
2838	10
2839	8
2840	3
2841	5
2842	5
2843	6
2844	15
2845	6
2846	9
2847	5
2848	6
2849	9
2850	10
2851	6
2852	7
2853	4
2854	6
2855	9
2856	9
2857	5
2858	6
2859	4
2860	8
2861	4
2862	7
2863	11
2864	7
2865	6
2866	8
2867	5
2868	4
2869	6
2870	4
2871	7
2872	7
2873	3
2874	7
2875	9
2876	6
2877	8
2878	6
2879	7
2880	7
2881	8
2882	13
2883	6
2884	5
2885	8
2886	8
2887	7
2888	4
2889	6
2890	1
2891	2
2892	6
2893	7
2894	4
2895	9
2896	10
2897	7
2898	4
2899	6
2900	6
2901	2
2902	7
2903	12
2904	4
2905	6
2906	4
2907	8
2908	10
2909	10
2910	9
2911	6
2912	8
2913	7
2914	8
2915	6
2916	7
2917	4
2918	3
2919	9
2920	7
2921	5
2922	13
2923	4
2924	6
2925	4
2926	7
2927	4
2928	8
2929	11
2930	5
2931	3
2932	6
2933	2
2934	9
2935	9
2936	11
2937	9
2938	9
2939	7
2940	6
2941	13
2942	10
2943	5
2944	13
2945	6
2946	5
2947	2
2948	7
2949	9
2950	9
2951	7
2952	8
2953	10
2954	7
2955	8
2956	9
2957	6
2958	3
2959	5
2960	9
2961	3
2962	7
2963	6
2964	13
2965	2
2966	4
2967	6
2968	7
2969	7
2970	8
2971	8
2972	6
2973	6
2974	3
2975	7
2976	6
2977	6
2978	4
2979	8
2980	7
2981	5
2982	6
2984	5
2985	8
2986	8
2987	4
2988	6
2989	8
2990	6
2991	5
2992	5
2993	4
2994	3
2995	9
2996	2
2997	8
2998	4
2999	2
3000	4
3001	6
3002	8
3003	4
3004	3
3005	8
3006	6
3007	14
3008	11
3009	6
3010	6
3011	7
3012	8
3013	6
3014	8
3016	7
3017	11
3018	6
3019	7
3020	6
3021	5
3022	7
3023	4
3024	6
3025	9
3026	8
3027	3
3028	9
3029	6
3030	7
3031	7
3032	6
3033	4
3034	8
3035	7
3036	9
3037	5
3038	5
3039	3
3040	5
3041	7
3042	9
3043	3
3044	7
3045	6
3046	3
3047	2
3048	10
3049	9
3050	8
3051	9
3052	7
3053	3
3054	13
3055	7
3056	6
3057	10
3058	3
3059	8
3060	8
3061	10
3062	6
3063	10
3064	9
3065	9
3066	10
3067	9
3068	5
3069	9
3070	5
3071	9
3072	11
3073	5
3074	6
3075	13
3076	6
3077	9
3078	8
3079	10
3080	8
3081	5
3082	7
3083	5
3084	7
3085	8
3086	7
3087	5
3088	8
3089	7
3090	6
3091	2
3092	9
3093	6
3094	6
3095	9
3096	12
3097	7
3098	9
3099	5
3100	4
3101	8
3102	6
3103	8
3104	6
3105	9
3106	5
3107	5
3108	8
3109	9
3110	4
3111	5
3112	6
3113	4
3114	6
3115	6
3116	8
3117	11
3118	5
3119	9
3120	6
3121	9
3122	8
3123	5
3124	13
3125	7
3126	7
3127	5
3128	5
3129	6
3130	8
3131	4
3132	3
3133	2
3134	13
3135	5
3136	2
3137	8
3138	4
3139	13
3140	4
3141	8
3142	1
3143	5
3144	8
3145	8
3146	6
3147	7
3148	6
3149	8
3150	9
3151	6
3152	7
3153	9
3154	7
3155	7
3156	10
3157	12
3158	4
3159	4
3160	5
3161	9
3162	9
3163	8
3164	2
3165	8
3166	9
3167	6
3168	8
3169	5
3170	9
3171	5
3172	6
3173	8
3174	4
3175	3
3176	12
3177	8
3178	8
3179	8
3180	10
3181	5
3182	6
3183	4
3184	5
3185	8
3186	5
3187	4
3188	2
3189	7
3190	5
3191	11
3192	6
3193	5
3194	6
3195	8
3196	6
3197	5
3198	3
3199	8
3200	10
3201	9
3202	9
3203	4
3204	2
3205	3
3206	9
3207	8
3208	8
3209	6
3210	5
3211	11
3212	7
3213	3
3214	3
3215	5
3216	6
3217	5
3218	7
3219	4
3220	6
3221	4
3222	2
3223	7
3224	10
3225	6
3226	9
3227	6
3228	3
3229	5
3230	5
3231	5
3232	8
3233	8
3234	2
3235	6
3236	6
3237	6
3238	5
3239	7
3240	11
3241	6
3242	3
3243	6
3244	10
3245	6
3246	5
3247	8
3248	8
3249	9
3250	2
3251	8
3252	11
3253	7
3254	7
3255	6
3256	6
3257	7
3258	6
3259	11
3260	10
3261	4
3262	5
3263	9
3264	4
3265	5
3266	2
3267	8
3268	9
3269	6
3270	3
3271	6
3272	5
3273	4
3274	6
3275	4
3276	5
3277	5
3278	3
3279	4
3280	8
3281	4
3282	8
3283	5
3284	6
3285	9
3286	1
3287	4
3288	6
3289	6
3290	7
3291	5
3292	4
3293	5
3294	7
3295	10
3296	7
3297	6
3298	3
3299	8
3300	5
3301	3
3302	3
3303	6
3304	2
3305	4
3306	8
3307	9
3308	4
3309	7
3310	7
3311	5
3312	6
3313	3
3314	6
3315	7
3316	4
3317	6
3318	6
3319	6
3320	9
3321	5
3322	5
3323	3
3324	11
3325	11
3326	9
3327	1
3328	4
3329	4
3330	6
3331	4
3332	10
3333	6
3334	2
3335	5
3336	4
3337	4
3338	3
3339	5
3340	9
3341	6
3342	9
3343	7
3344	8
3345	11
3346	7
3347	4
3348	6
3349	6
3350	11
3351	3
3352	9
3353	2
3354	3
3355	5
3356	4
3357	3
3358	11
3359	6
3360	4
3361	6
3362	8
3363	12
3364	4
3365	7
3366	8
3367	7
3368	4
3369	5
3370	7
3371	6
3372	2
3373	10
3374	4
3375	5
3376	5
3377	3
3378	7
3379	7
3380	9
3381	2
3382	5
3383	4
3384	6
3385	8
3386	3
3387	5
3388	6
3389	2
3390	2
3391	12
3392	5
3393	1
3394	9
3395	6
3396	5
3397	2
3398	10
3399	6
3400	2
3401	5
3402	3
3403	5
3404	9
3405	2
3406	5
3407	8
3408	5
3409	5
3410	9
3411	4
3412	9
3413	5
3414	6
3415	6
3416	5
3417	6
3418	6
3419	1
3420	6
3421	7
3422	4
3423	3
3424	3
3425	5
3426	7
3427	7
3428	5
3429	3
3430	4
3431	7
3432	3
3433	8
3434	2
3435	8
3436	1
3437	5
3438	7
3439	4
3441	10
3442	4
3443	6
3444	6
3445	5
3446	6
3447	6
3448	4
3449	4
3450	9
3451	2
3452	11
3453	7
3454	7
3455	5
3456	9
3457	9
3458	9
3459	6
3460	6
3461	8
3462	8
3463	6
3464	2
3465	11
3466	9
3467	4
3468	3
3469	2
3470	3
3471	6
3472	8
3473	2
3474	6
3475	3
3476	2
3477	3
3478	11
3479	5
3480	5
3481	6
3482	4
3483	6
3484	3
3485	4
3486	5
3487	5
3488	6
3489	4
3490	4
3491	10
3492	4
3493	8
3494	3
3495	3
3496	7
3497	2
3498	2
3499	2
3500	4
3501	6
3502	6
3503	6
3504	5
3505	2
3506	5
3507	5
3508	3
3509	7
3510	8
3511	9
3512	6
3513	8
3514	1
3515	4
3516	5
3517	5
3518	7
3519	4
3520	3
3521	5
3522	6
3523	8
3524	9
3525	4
3526	6
3527	6
3528	5
3529	4
3530	3
3531	5
3532	7
3533	5
3534	3
3535	6
3536	6
3537	8
3538	6
3539	5
3540	7
3541	3
3542	10
3543	6
3544	7
3545	4
3546	5
3547	7
3548	5
3549	6
3550	5
3551	3
3552	3
3553	7
3554	9
3555	5
3556	7
3557	4
3558	6
3559	8
3560	6
3561	7
3562	9
3563	4
3564	4
3565	3
3566	4
3567	3
3569	8
3570	6
3571	3
3572	6
3573	7
3574	6
3575	8
3576	8
3577	6
3578	9
3579	6
3580	2
3581	9
3582	9
3583	6
3584	4
3585	2
3586	2
3587	8
3588	4
3589	8
3590	10
3591	10
3592	6
3593	5
3594	5
3595	5
3596	10
3597	2
3598	12
3599	7
3600	2
3601	3
3602	4
3603	3
3604	8
3605	7
3606	4
3607	8
3608	3
3609	8
3610	7
3611	5
3612	4
3613	10
3614	4
3615	12
3616	6
3617	7
3618	3
3619	5
3620	3
3621	5
3622	6
3623	5
3624	7
3625	4
3626	11
3627	3
3628	9
3629	3
3630	5
3631	2
3632	4
3633	9
3634	9
3635	9
3636	8
3637	3
3638	4
3639	3
3640	6
3641	4
3642	3
3643	6
3644	7
3645	5
3646	2
3647	6
3648	5
3649	5
3650	8
3651	3
3652	5
3653	5
3654	4
3655	5
3656	7
3657	3
3658	7
3659	2
3660	5
3661	8
3662	7
3663	5
3664	4
3665	3
3666	3
3667	6
3668	6
3669	2
3670	4
3671	1
3672	3
3673	7
3674	5
3675	10
3676	6
3677	5
3678	3
3679	6
3680	2
3681	6
3682	7
3683	1
3684	5
3685	6
3686	3
3687	2
3688	3
3689	4
3690	2
3691	5
3692	9
3693	6
3694	4
3695	4
3696	5
3697	11
3698	5
3699	7
3700	7
3701	6
3702	7
3703	4
3704	5
3705	4
3706	4
3707	5
3708	6
3709	7
3710	4
3711	6
3712	6
3713	4
3714	5
3715	3
3716	6
3717	9
3718	5
3719	4
3720	5
3721	4
3722	4
3723	13
3724	4
3725	4
3726	5
3727	2
3728	7
3729	4
3730	4
3731	7
3732	7
3733	5
3734	7
3735	5
3736	2
3737	5
3738	4
3739	3
3740	8
3741	10
3742	9
3743	5
3744	7
3745	2
3746	5
3747	3
3748	5
3749	9
3750	7
3751	3
3752	3
3753	4
3754	3
3755	5
3756	1
3757	5
3758	6
3759	6
3760	5
3761	1
3762	2
3763	7
3764	10
3765	1
3766	10
3767	3
3768	7
3769	3
3770	3
3771	4
3772	6
3773	2
3774	5
3775	3
3776	6
3777	7
3778	4
3779	5
3780	6
3781	2
3782	3
3783	7
3784	8
3785	4
3786	6
3787	2
3788	4
3789	4
3790	8
3791	8
3792	7
3793	8
3794	4
3795	9
3796	8
3797	6
3798	7
3799	7
3800	5
3801	8
3802	7
3803	5
3804	3
3805	10
3806	5
3807	9
3808	1
3809	4
3810	7
3811	5
3812	3
3813	7
3814	2
3815	8
3816	7
3817	5
3818	3
3819	4
3820	6
3821	2
3822	5
3823	5
3824	2
3825	9
3826	5
3827	6
3828	4
3829	6
3830	5
3831	6
3832	2
3833	7
3834	8
3835	4
3836	6
3837	5
3838	5
3839	8
3840	7
3841	5
3842	5
3843	3
3844	9
3845	2
3846	2
3847	3
3848	2
3850	8
3851	7
3852	6
3853	5
3854	6
3855	5
3856	4
3857	9
3858	4
3859	6
3860	6
3861	7
3862	6
3863	5
3864	3
3865	4
3866	4
3867	4
3868	6
3869	6
3870	5
3871	3
3872	5
3873	4
3874	6
3875	6
3876	1
3877	4
3878	3
3879	4
3880	4
3881	4
3882	6
3883	2
3884	2
3885	4
3886	6
3887	7
3888	3
3889	6
3890	4
3891	11
3892	4
3893	5
3894	5
3895	6
3896	8
3897	2
3898	4
3899	6
3900	5
3901	3
3902	6
3903	3
3904	6
3905	3
3906	2
3907	8
3908	3
3909	6
3910	4
3912	6
3913	5
3914	4
3915	5
3916	5
3917	6
3918	10
3919	5
3921	2
3922	2
3923	7
3924	2
3925	3
3926	3
3927	6
3928	5
3929	5
3930	4
3931	5
3932	6
3934	4
3935	6
3936	8
3937	9
3938	7
3939	7
3940	7
3941	5
3942	10
3943	4
3944	2
3945	7
3946	6
3947	7
3948	4
3949	8
3950	7
3951	8
3952	8
3953	8
3954	7
3955	4
3956	8
3957	6
3958	11
3959	5
3960	8
3961	5
3962	5
3963	4
3964	5
3965	4
3966	7
3967	5
3968	3
3969	10
3970	1
3971	4
3972	1
3973	9
3974	6
3975	3
3976	5
3977	6
3978	4
3979	5
3980	5
3981	6
3982	8
3983	4
3984	5
3985	4
3986	4
3987	4
3988	7
3989	5
3990	2
3991	3
3992	6
3993	7
3995	7
3996	4
3997	6
3998	5
3999	3
4000	4
4001	8
4002	8
4003	3
4004	2
4005	6
4006	1
4008	4
4009	4
4010	14
4011	5
4012	4
4013	4
4014	2
4015	6
4016	4
4017	4
4018	4
4019	3
4020	3
4022	6
4023	4
4024	4
4025	3
4026	5
4027	13
4028	6
4029	6
4030	5
4031	6
4032	5
4033	5
4034	4
4035	3
4036	4
4037	3
4038	3
4039	6
4040	2
4041	6
4042	7
4043	7
4044	3
4045	3
4046	2
4047	1
4048	6
4049	8
4050	1
4051	3
4052	6
4053	5
4054	2
4055	7
4056	8
4057	8
4058	4
4059	4
4060	4
4061	5
4062	4
4063	5
4064	3
4065	3
4066	4
4067	3
4068	3
4069	5
4070	5
4071	5
4072	6
4073	4
4074	4
4076	4
4077	8
4078	3
4079	3
4080	7
4081	2
4082	1
4083	7
4084	2
4085	4
4086	4
4087	6
4088	5
4089	3
4090	3
4091	5
4092	6
4093	6
4094	2
4095	3
4096	5
4097	3
4098	9
4099	3
4100	4
4101	6
4102	3
4103	5
4104	6
4105	4
4106	8
4107	5
4108	1
4109	8
4110	6
4111	5
4112	2
4113	2
4114	3
4115	7
4116	7
4117	4
4118	5
4119	6
4120	9
4121	3
4122	3
4123	4
4124	3
4125	4
4126	5
4127	7
4128	3
4129	1
4130	6
4131	2
4132	3
4133	6
4134	6
4135	7
4136	7
4137	3
4138	2
4139	4
4140	5
4141	4
4142	2
4143	5
4144	7
4145	4
4146	3
4147	5
4148	2
4149	4
4150	5
4152	6
4153	5
4154	3
4155	5
4156	5
4157	3
4158	4
4159	5
4160	10
4161	8
4162	5
4163	2
4164	4
4165	6
4166	3
4167	7
4168	4
4169	5
4170	8
4171	5
4172	3
4173	7
4174	4
4175	4
4176	5
4177	4
4178	5
4179	6
4180	1
4181	4
4184	5
4185	5
4186	3
4187	10
4188	8
4189	5
4190	6
4191	7
4192	2
4193	7
4194	6
4195	2
4197	5
4198	3
4199	5
4200	5
4201	3
4202	2
4203	3
4204	7
4205	3
4206	5
4207	4
4208	5
4209	6
4210	3
4211	4
4212	5
4213	4
4214	4
4215	8
4216	5
4217	4
4218	4
4219	3
4220	3
4221	3
4222	6
4223	9
4224	4
4225	6
4226	1
4227	4
4228	5
4229	5
4230	2
4231	4
4232	4
4233	3
4234	4
4235	6
4236	7
4237	6
4238	5
4239	4
4240	6
4241	3
4242	4
4243	7
4244	1
4245	4
4246	4
4247	5
4248	3
4249	8
4250	2
4251	4
4252	7
4253	5
4254	1
4255	5
4256	4
4257	1
4258	3
4259	7
4260	2
4261	6
4262	3
4263	5
4264	2
4265	3
4266	7
4267	4
4268	1
4269	4
4270	2
4271	3
4272	2
4273	5
4274	6
4275	5
4276	3
4277	5
4278	2
4279	5
4280	3
4281	3
4282	4
4283	1
4284	4
4285	2
4286	4
4288	3
4289	1
4290	8
4291	6
4292	3
4293	7
4294	2
4295	5
4296	4
4297	6
4298	5
4300	4
4301	5
4302	7
4303	5
4304	8
4305	3
4306	3
4307	3
4308	8
4309	5
4310	9
4311	9
4312	7
4313	6
4314	5
4315	4
4316	5
4317	7
4318	5
4319	2
4320	3
4321	4
4322	9
4323	7
4324	6
4325	6
4326	7
4327	2
4328	2
4329	3
4330	1
4331	3
4332	4
4333	4
4334	1
4335	4
4336	4
4337	2
4338	4
4339	7
4340	3
4341	2
4342	7
4344	3
4345	3
4346	3
4347	1
4348	3
4349	4
4350	2
4351	6
4352	2
4353	5
4354	8
4355	5
4356	9
4357	6
4358	5
4359	6
4360	2
4361	1
4362	4
4363	5
4364	3
4365	5
4366	4
4367	5
4368	3
4369	3
4370	7
4371	3
4372	7
4373	6
4374	4
4375	8
4376	2
4377	4
4378	9
4379	4
4380	3
4381	7
4382	5
4383	5
4384	3
4385	8
4386	4
4387	4
4388	7
4389	4
4390	6
4391	4
4392	2
4393	4
4394	3
4395	6
4396	4
4397	3
4399	6
4400	9
4401	2
4402	5
4403	1
4404	8
4405	4
4406	2
4407	6
4408	1
4409	2
4410	5
4411	8
4412	2
4413	4
4414	7
4415	5
4416	4
4417	7
4418	8
4419	2
4420	4
4421	3
4422	2
4423	4
4424	3
4425	5
4426	6
4427	9
4428	3
4429	5
4430	9
4431	3
4432	10
4433	8
4434	3
4435	1
4436	2
4437	3
4438	4
4439	2
4440	5
4441	3
4442	4
4443	5
4444	4
4445	5
4446	5
4447	1
4448	4
4449	5
4450	5
4451	3
4452	3
4453	1
4454	2
4455	1
4456	5
4457	8
4458	1
4459	5
4460	3
4461	2
4462	8
4463	3
4464	7
4465	5
4466	5
4467	4
4468	4
4469	4
4470	2
4471	2
4472	5
4473	1
4474	8
4475	5
4476	6
4477	4
4478	3
4479	3
4480	4
4481	5
4482	1
4483	8
4484	2
4485	6
4486	2
4487	3
4488	3
4489	6
4490	7
4491	4
4492	2
4493	4
4494	7
4495	4
4496	8
4497	4
4498	3
4499	5
4500	4
4501	4
4502	3
4503	8
4504	3
4505	4
4506	2
4507	5
4508	6
4509	5
4510	4
4511	2
4512	5
4513	1
4514	3
4515	5
4516	6
4517	6
4518	3
4519	2
4520	8
4521	2
4522	3
4523	5
4524	8
4525	3
4526	8
4527	7
4528	6
4529	7
4530	5
4531	1
4532	3
4533	4
4534	5
4535	3
4536	2
4537	2
4538	3
4539	3
4540	4
4541	2
4542	6
4543	3
4544	3
4545	2
4546	4
4547	8
4548	4
4549	3
4550	7
4551	2
4552	5
4553	4
4554	1
4555	4
4556	2
4557	6
4558	3
4559	3
4560	3
4561	3
4562	4
4563	2
4564	3
4565	6
4566	2
4567	3
4568	5
4569	3
4570	4
4571	4
4572	2
4573	4
4574	9
4575	3
4576	4
4577	5
4578	4
4579	6
4580	3
4581	3
4582	6
4583	9
4584	3
4585	4
4586	4
4587	4
4588	4
4589	12
4590	6
4591	3
4592	4
4593	3
4594	2
4595	3
4597	2
4598	7
4599	6
4600	5
4601	3
4602	4
4603	1
4604	1
4605	4
4606	5
4607	6
4608	5
4609	3
4610	5
4611	3
4612	2
4613	3
4614	1
4615	9
4616	5
4617	6
4618	3
4619	3
4620	7
4621	6
4622	3
4623	6
4624	7
4625	5
4626	5
4627	1
4628	8
4629	2
4630	3
4631	5
4632	3
4633	5
4634	7
4635	4
4636	6
4637	4
4638	2
4639	9
4640	7
4641	2
4642	3
4643	7
4644	5
4645	3
4646	3
4647	7
4648	4
4649	6
4650	4
4651	6
4652	2
4653	3
4654	4
4655	4
4656	2
4657	2
4658	2
4659	3
4660	7
4661	5
4662	3
4663	4
4664	9
4665	2
4666	6
4667	11
4668	1
4669	3
4670	9
4671	3
4672	3
4673	8
4674	6
4675	8
4676	1
4677	4
4678	3
4679	5
4680	6
4681	1
4682	6
4683	2
4684	2
4685	3
4686	5
4687	4
4688	2
4689	5
4690	9
4691	2
4692	4
4693	6
4694	2
4695	4
4696	3
4697	3
4698	2
4699	4
4700	6
4701	7
4702	4
4703	7
4704	4
4705	2
4706	4
4707	4
4708	10
4709	2
4710	3
4711	2
4712	6
4713	1
4714	4
4715	6
4716	2
4717	1
4718	1
4719	2
4720	8
4721	5
4722	2
4723	4
4724	7
4725	3
4726	6
4727	5
4728	8
4729	5
4730	5
4731	3
4732	3
4733	9
4734	4
4735	8
4736	4
4737	4
4738	6
4739	2
4740	4
4741	5
4742	5
4743	2
4744	3
4745	5
4746	3
4747	2
4748	8
4749	7
4750	6
4751	1
4752	2
4753	2
4754	6
4755	6
4756	9
4757	6
4758	8
4759	8
4760	11
4761	2
4762	3
4763	3
4765	5
4766	4
4767	4
4768	3
4769	7
4770	6
4771	4
4772	7
4773	4
4774	4
4775	4
4776	4
4777	2
4778	1
4779	4
4780	7
4781	4
4782	2
4783	4
4784	5
4785	6
4786	3
4787	3
4788	2
4789	5
4790	5
4791	1
4792	4
4793	3
4794	1
4795	3
4796	3
4797	3
4798	3
4799	4
4800	3
4801	6
4802	5
4803	6
4804	1
4805	4
4806	1
4807	7
4808	1
4809	5
4810	2
4811	3
4812	4
4813	2
4814	5
4815	4
4816	6
4817	1
4819	5
4820	4
4821	5
4822	2
4823	1
4824	4
4825	7
4826	6
4827	3
4828	3
4829	1
4830	4
4831	5
4832	6
4833	4
4834	3
4835	3
4836	3
4837	3
4838	4
4839	5
4840	1
4841	4
4842	3
4843	4
4844	3
4845	4
4846	7
4847	4
4848	5
4849	5
4850	4
4851	2
4852	5
4853	4
4854	1
4855	2
4856	6
4857	9
4858	5
4859	6
4860	4
4861	5
4862	6
4863	6
4864	2
4865	4
4866	3
4867	4
4868	4
4869	6
4870	3
4871	4
4872	1
4873	3
4874	5
4875	6
4876	5
4877	3
4878	3
4879	8
4880	3
4881	1
4882	8
4884	2
4885	4
4886	10
4887	6
4888	4
4889	5
4890	5
4891	5
4892	8
4893	4
4894	4
4895	4
4896	5
4897	4
4898	3
4899	3
4900	5
4901	4
4902	3
4903	2
4905	4
4906	2
4907	4
4908	5
4909	3
4910	3
4911	4
4912	6
4913	2
4914	3
4915	6
4916	5
4917	10
4918	3
4919	3
4920	3
4922	4
4923	1
4924	3
4925	2
4926	6
4927	3
4928	5
4929	2
4930	5
4931	6
4932	2
4933	3
4934	2
4935	5
4937	3
4938	3
4939	1
4941	6
4942	5
4943	3
4944	5
4945	1
4946	2
4947	6
4948	5
4949	4
4950	2
4951	4
4952	5
4953	4
4954	7
4955	3
4956	3
4957	6
4958	3
4959	4
4960	2
4961	6
4962	4
4963	3
4964	4
4965	7
4966	6
4967	3
4968	3
4969	4
4970	4
4971	8
4972	3
4973	3
4974	4
4975	4
4976	4
4977	6
4978	4
4979	5
4980	3
4981	4
4982	3
4983	7
4984	5
4985	3
4986	3
4987	1
4988	3
4989	5
4990	7
4991	9
4992	2
4993	4
4994	4
4995	2
4996	2
4997	5
4998	3
4999	3
5000	5
5001	5
5002	2
5003	1
5004	7
5005	4
5006	3
5007	3
5008	4
5009	3
5010	4
5011	4
5012	5
5013	4
5014	4
5015	1
5016	4
5017	5
5018	3
5019	4
5020	5
5021	3
5022	2
5023	3
5024	1
5025	4
5026	2
5027	5
5028	7
5029	8
5030	2
5031	3
5032	4
5033	2
5034	6
5035	5
5036	1
5037	4
5038	4
5039	3
5040	3
5041	3
5042	1
5043	4
5044	4
5045	7
5046	3
5047	3
5048	2
5049	5
5050	2
5051	2
5052	4
5053	3
5054	4
5055	5
5056	5
5057	2
5058	4
5059	2
5060	2
5061	3
5062	2
5063	5
5064	2
5065	4
5066	4
5067	6
5068	4
5069	5
5070	3
5071	3
5072	4
5073	2
5074	3
5075	4
5076	3
5077	3
5078	1
5079	2
5080	5
5081	4
5082	4
5083	3
5084	3
5085	7
5086	7
5087	3
5088	4
5089	2
5090	5
5091	2
5092	1
5093	3
5094	3
5095	1
5096	2
5097	2
5098	3
5099	6
5100	4
5101	4
5102	8
5103	5
5104	6
5105	6
5106	4
5107	5
5108	3
5109	3
5110	5
5111	3
5112	2
5113	2
5114	1
5115	7
5116	3
5117	7
5118	3
5119	3
5120	3
5121	5
5122	5
5123	1
5124	1
5125	5
5126	9
5127	5
5128	1
5129	3
5130	3
5131	6
5132	1
5133	7
5134	5
5135	7
5136	3
5137	5
5138	4
5139	1
5140	4
5141	3
5142	3
5143	3
5144	2
5145	1
5146	3
5147	3
5148	4
5149	4
5150	3
5151	6
5152	3
5154	4
5155	2
5156	5
5157	1
5158	7
5159	6
5160	5
5161	3
5162	4
5163	3
5164	6
5165	1
5166	5
5167	2
5168	4
5169	4
5170	5
5171	3
5172	4
5173	5
5174	4
5175	3
5176	5
5177	3
5178	6
5179	4
5180	4
5181	4
5182	1
5183	3
5184	6
5185	2
5186	3
5187	2
5188	4
5189	2
5190	2
5191	4
5192	5
5193	4
5194	1
5195	5
5196	4
5197	3
5198	3
5199	1
5200	4
5201	3
5202	2
5203	9
5204	1
5205	2
5206	1
5207	4
5208	5
5209	5
5210	6
5211	5
5212	3
5213	4
5214	4
5215	4
5216	2
5217	5
5218	7
5219	3
5220	5
5221	1
5222	3
5223	4
5224	6
5225	4
5226	3
5227	4
5228	3
5229	4
5230	6
5231	4
5232	7
5233	1
5234	5
5235	3
5236	3
5237	1
5238	5
5239	3
5240	4
5241	4
5242	4
5243	3
5244	5
5245	4
5246	6
5248	4
5249	8
5250	3
5251	3
5252	2
5253	3
5254	3
5255	6
5256	5
5257	2
5258	4
5259	3
5260	1
5261	3
5262	4
5263	3
5264	8
5265	7
5266	3
5267	1
5268	4
5270	5
5271	6
5272	1
5273	6
5274	1
5275	2
5277	9
5278	3
5279	1
5280	5
5281	5
5282	3
5283	5
5284	3
5285	5
5286	4
5287	6
5288	2
5289	5
5290	3
5291	3
5292	4
5293	8
5294	3
5295	1
5296	2
5297	8
5298	3
5299	3
5300	2
5301	7
5302	4
5303	5
5304	4
5305	4
5306	4
5307	2
5308	1
5309	2
5310	2
5311	2
5312	4
5313	9
5314	2
5315	1
5316	5
5317	1
5318	5
5320	2
5321	2
5322	1
5323	6
5324	2
5326	4
5327	8
5328	2
5329	4
5330	1
5331	1
5332	4
5333	1
5334	3
5335	5
5336	1
5337	6
5338	1
5340	2
5341	5
5342	3
5343	1
5344	4
5345	3
5346	4
5347	1
5348	2
5349	5
5350	3
5351	4
5352	6
5353	2
5354	6
5355	8
5357	5
5358	5
5359	5
5360	1
5361	4
5362	2
5363	2
5364	3
5366	5
5367	3
5368	6
5369	2
5370	2
5371	4
5372	6
5373	2
5374	2
5375	9
5376	4
5377	3
5378	3
5379	3
5380	5
5381	1
5382	5
5383	1
5384	3
5385	3
5386	3
5388	2
5389	4
5390	4
5391	3
5392	5
5394	4
5395	6
5396	6
5397	4
5398	5
5399	2
5400	4
5401	4
5402	3
5403	2
5404	3
5405	3
5406	2
5407	6
5408	2
5409	3
5410	6
5411	7
5412	1
5413	3
5414	4
5415	1
5416	5
5417	2
5418	6
5419	6
5420	4
5421	2
5422	2
5423	3
5424	3
5425	4
5426	3
5427	1
5428	7
5429	4
5430	3
5431	5
5432	3
5433	7
5434	4
5435	3
5436	3
5437	3
5439	1
5440	3
5441	2
5442	2
5443	1
5444	3
5445	2
5446	2
5447	4
5448	1
5449	2
5450	3
5451	5
5452	2
5453	4
5454	7
5455	4
5456	1
5457	4
5458	1
5459	4
5460	5
5462	1
5463	2
5464	2
5465	2
5466	4
5467	2
5468	2
5469	3
5470	4
5471	2
5472	5
5473	4
5474	2
5475	3
5476	6
5477	6
5478	2
5479	3
5480	3
5481	7
5482	4
5483	7
5484	4
5485	4
5486	6
5487	2
5488	2
5489	1
5490	3
5491	1
5492	4
5493	2
5494	4
5495	6
5497	5
5498	3
5499	2
5500	4
5502	2
5503	2
5504	3
5505	2
5506	2
5507	2
5508	1
5509	3
5510	6
5512	4
5513	1
5514	3
5515	3
5516	1
5517	3
5518	3
5519	7
5520	5
5521	1
5522	5
5523	6
5524	4
5526	4
5527	4
5528	6
5529	1
5530	5
5531	2
5532	7
5533	1
5534	5
5535	7
5536	2
5537	2
5538	3
5539	6
5540	4
5541	2
5542	2
5543	3
5544	4
5545	2
5546	4
5547	4
5548	3
5549	3
5550	1
5551	5
5552	1
5553	4
5554	3
5555	5
5557	2
5558	4
5559	2
5560	3
5561	4
5562	6
5563	4
5564	1
5565	7
5566	2
5567	5
5568	4
5569	4
5570	6
5571	2
5572	2
5573	2
5574	5
5575	4
5576	3
5577	2
5578	3
5579	1
5580	6
5581	3
5582	3
5583	6
5584	1
5585	5
5586	1
5587	4
5588	7
5589	6
5590	1
5591	4
5592	7
5594	4
5595	2
5596	1
5597	5
5599	2
5600	4
5601	4
5602	6
5603	2
5604	1
5606	2
5607	4
5608	2
5609	6
5610	4
5611	5
5612	4
5613	1
5614	3
5615	4
5616	2
5617	2
5618	3
5619	7
5620	2
5621	4
5622	2
5623	6
5624	2
5625	1
5626	3
5627	2
5628	2
5629	2
5630	4
5631	3
5632	5
5633	4
5634	4
5635	3
5636	4
5637	3
5638	2
5639	3
5640	3
5641	2
5642	5
5643	1
5644	5
5645	1
5646	3
5647	1
5648	4
5649	4
5650	3
5651	1
5652	2
5653	2
5654	1
5655	3
5656	4
5657	2
5658	5
5659	3
5660	2
5661	2
5662	5
5663	2
5664	4
5665	2
5666	4
5667	6
5669	3
5670	4
5671	3
5672	4
5673	1
5674	4
5675	5
5678	1
5679	2
5680	2
5681	3
5682	4
5684	7
5685	5
5686	3
5688	2
5689	4
5690	5
5691	5
5692	7
5694	1
5695	1
5696	1
5697	3
5698	1
5699	4
5700	3
5701	3
5702	3
5703	3
5704	4
5705	1
5707	3
5708	5
5709	6
5710	6
5711	6
5712	6
5713	3
5715	3
5716	1
5717	3
5718	4
5719	3
5720	1
5721	2
5722	5
5723	3
5724	4
5725	1
5726	2
5728	4
5729	2
5730	3
5731	2
5732	6
5733	2
5734	4
5735	2
5736	7
5737	2
5738	3
5739	2
5740	1
5741	2
5742	4
5743	3
5744	3
5745	1
5746	5
5747	2
5748	4
5749	3
5750	4
5752	2
5753	3
5754	6
5755	2
5756	3
5757	4
5758	4
5759	3
5760	3
5761	3
5762	2
5763	1
5764	2
5768	1
5769	1
5770	2
5771	3
5772	7
5773	6
5774	4
5775	4
5776	3
5777	5
5778	5
5779	3
5781	3
5782	4
5783	9
5784	5
5785	2
5786	6
5787	2
5788	3
5789	4
5790	4
5791	5
5792	7
5793	7
5794	2
5795	2
5796	4
5798	3
5799	3
5800	4
5801	2
5802	2
5803	4
5804	2
5805	2
5806	4
5807	1
5808	2
5809	4
5810	2
5811	5
5812	3
5813	4
5814	5
5815	2
5816	3
5817	4
5818	4
5819	6
5820	4
5821	2
5822	3
5823	4
5824	1
5825	3
5826	1
5827	6
5828	5
5829	5
5830	6
5831	1
5832	3
5833	5
5834	1
5835	6
5836	1
5837	2
5838	4
5839	5
5840	1
5841	7
5842	5
5843	3
5844	4
5845	2
5846	2
5848	2
5849	2
5851	4
5853	1
5854	4
5855	3
5856	2
5857	3
5858	2
5859	2
5860	6
5861	2
5862	2
5863	3
5864	4
5865	2
5866	3
5867	1
5868	5
5869	3
5870	1
5871	3
5872	2
5873	3
5874	2
5875	6
5876	3
5877	2
5878	4
5879	4
5880	6
5881	1
5882	2
5883	1
5884	3
5885	1
5886	2
5887	4
5888	2
5889	1
5890	1
5892	1
5893	5
5894	3
5895	5
5896	3
5897	1
5898	1
5899	1
5900	3
5901	3
5902	2
5903	3
5904	5
5905	1
5906	3
5907	1
5908	1
5909	2
5910	1
5912	2
5913	2
5914	4
5915	2
5916	4
5917	6
5918	2
5919	1
5920	2
5921	1
5922	8
5923	2
5924	2
5925	3
5926	4
5927	1
5928	6
5929	3
5930	3
5931	1
5932	7
5933	4
5934	1
5935	2
5936	4
5937	2
5938	3
5939	4
5940	4
5941	1
5942	4
5943	3
5944	1
5945	2
5946	2
5947	1
5948	5
5949	2
5950	4
5951	2
5952	7
5953	4
5954	2
5955	4
5956	2
5957	2
5958	5
5959	2
5960	4
5961	1
5962	2
5963	2
5964	4
5965	7
5966	2
5967	5
5968	4
5969	3
5970	2
5971	2
5972	5
5973	4
5974	1
5975	3
5976	3
5977	4
5979	3
5980	3
5981	1
5982	3
5983	3
5984	2
5985	3
5986	1
5987	4
5988	3
5989	5
5991	5
5992	4
5993	1
5994	5
5995	1
5996	3
5997	2
5998	2
5999	1
6000	2
6001	6
6002	1
6003	1
6005	1
6006	1
6007	3
6008	2
6009	3
6010	3
6011	3
6012	4
6013	2
6014	2
6015	4
6016	2
6017	3
6018	4
6019	2
6020	3
6021	2
6022	1
6023	4
6024	5
6025	4
6026	4
6027	3
6028	7
6030	3
6031	6
6032	4
6033	7
6034	4
6035	1
6036	2
6037	5
6038	2
6039	4
6040	3
6041	1
6042	4
6045	2
6046	3
6047	3
6048	4
6049	4
6051	1
6052	4
6053	1
6054	1
6055	1
6056	4
6057	1
6058	4
6059	2
6060	2
6061	3
6062	9
6063	3
6064	2
6065	2
6066	2
6067	1
6068	4
6069	3
6070	7
6071	1
6072	1
6073	3
6074	2
6075	2
6076	4
6077	4
6078	1
6079	4
6081	3
6082	2
6083	4
6086	2
6087	4
6088	2
6089	4
6090	1
6091	5
6092	2
6093	2
6094	3
6095	2
6096	5
6097	2
6098	2
6100	2
6101	3
6102	2
6103	3
6104	3
6105	3
6106	1
6107	4
6108	3
6109	3
6110	5
6112	2
6113	6
6114	2
6115	4
6116	2
6118	3
6119	3
6121	1
6122	1
6123	1
6124	4
6126	5
6127	2
6128	3
6129	5
6130	1
6131	4
6132	3
6133	2
6134	2
6135	2
6136	1
6137	1
6138	2
6139	1
6140	6
6142	1
6145	1
6146	1
6147	3
6148	5
6150	3
6151	3
6152	4
6153	5
6154	2
6155	2
6156	5
6157	2
6158	2
6159	3
6160	2
6161	1
6163	1
6164	5
6165	6
6166	7
6167	1
6168	4
6169	3
6170	5
6171	4
6172	2
6173	4
6174	2
6175	2
6176	2
6177	2
6178	6
6179	3
6180	2
6181	2
6182	6
6183	6
6184	2
6186	5
6187	3
6188	1
6189	4
6190	3
6191	4
6192	4
6193	6
6194	2
6195	1
6196	7
6198	1
6199	2
6200	2
6201	3
6202	1
6203	4
6204	1
6205	3
6206	3
6207	3
6208	4
6209	2
6210	3
6211	3
6212	3
6213	2
6215	1
6216	6
6217	3
6218	2
6219	4
6220	2
6221	1
6222	1
6223	3
6224	2
6225	3
6226	2
6227	2
6228	1
6229	2
6230	1
6231	2
6232	1
6233	2
6234	1
6236	3
6237	7
6238	3
6239	3
6240	4
6241	2
6242	1
6243	1
6244	4
6245	8
6246	1
6247	1
6248	4
6249	3
6250	2
6251	1
6252	5
6255	2
6256	4
6258	3
6259	3
6260	3
6261	5
6262	4
6263	3
6264	4
6265	7
6266	3
6267	1
6268	3
6269	6
6271	2
6272	2
6273	4
6274	3
6277	2
6278	2
6279	3
6280	2
6282	2
6283	4
6284	4
6285	1
6287	3
6288	2
6290	1
6291	4
6292	3
6293	2
6294	1
6295	4
6296	4
6297	3
6298	4
6299	4
6300	2
6301	5
6302	3
6303	2
6304	1
6305	5
6306	3
6307	3
6309	1
6311	4
6312	1
6313	1
6314	1
6315	3
6316	1
6317	2
6318	7
6319	2
6320	1
6321	2
6322	4
6323	1
6324	2
6325	4
6326	1
6327	5
6328	3
6329	3
6330	2
6331	4
6332	1
6333	2
6334	4
6336	5
6337	1
6338	3
6339	1
6340	3
6342	2
6343	2
6344	3
6345	3
6346	3
6347	4
6348	3
6349	3
6350	6
6351	1
6352	2
6353	3
6355	4
6356	3
6357	3
6358	2
6360	5
6361	4
6362	2
6363	4
6364	5
6365	4
6366	3
6368	2
6369	3
6370	1
6371	3
6372	4
6373	4
6374	2
6375	1
6376	4
6377	5
6378	4
6380	2
6381	3
6382	1
6383	4
6384	3
6385	1
6386	1
6387	2
6388	1
6389	2
6390	2
6391	2
6392	4
6393	2
6394	4
6396	2
6397	1
6398	2
6399	4
6400	3
6401	4
6402	1
6403	3
6404	3
6405	2
6406	2
6407	2
6408	3
6411	2
6412	2
6413	2
6414	4
6415	1
6416	2
6417	3
6419	6
6420	6
6421	2
6422	4
6423	4
6424	5
6425	1
6426	2
6427	2
6428	3
6429	4
6430	3
6431	1
6433	2
6434	1
6435	2
6437	1
6438	4
6439	2
6440	2
6441	1
6442	2
6443	2
6444	2
6445	3
6446	4
6447	1
6448	4
6449	1
6450	1
6451	2
6452	1
6454	1
6455	4
6456	4
6458	1
6459	1
6460	3
6461	4
6462	3
6463	4
6464	2
6465	1
6466	1
6467	1
6468	3
6469	1
6470	2
6471	2
6472	2
6473	1
6474	1
6475	7
6476	4
6477	5
6478	3
6479	2
6480	2
6481	2
6482	2
6483	3
6484	1
6485	3
6486	6
6487	2
6488	2
6489	1
6490	3
6491	2
6492	4
6493	2
6494	4
6495	2
6496	7
6497	5
6499	4
6500	1
6501	5
6502	3
6503	1
6504	1
6505	3
6506	5
6507	1
6508	2
6509	2
6510	3
6511	2
6512	6
6513	2
6515	1
6516	1
6517	2
6518	5
6519	6
6521	3
6522	6
6523	2
6524	5
6525	2
6526	5
6527	1
6528	2
6529	5
6530	7
6531	2
6532	2
6533	2
6534	3
6535	1
6537	3
6538	3
6539	2
6540	1
6541	4
6542	1
6543	1
6544	1
6545	2
6546	2
6547	1
6548	4
6549	1
6551	5
6552	1
6554	3
6555	1
6556	2
6557	2
6558	6
6559	1
6560	5
6562	3
6563	5
6564	1
6565	1
6566	4
6567	1
6568	2
6569	4
6570	3
6571	4
6572	2
6573	2
6574	3
6575	3
6576	2
6577	3
6579	4
6580	2
6582	1
6583	2
6584	1
6585	5
6586	5
6587	2
6588	3
6589	5
6590	3
6591	1
6592	3
6593	5
6594	5
6596	1
6597	3
6598	1
6599	3
6600	3
6601	2
6602	4
6604	1
6605	2
6606	2
6607	1
6608	4
6609	4
6610	2
6611	2
6612	1
6613	3
6614	1
6615	1
6616	2
6617	6
6618	3
6619	5
6621	1
6622	1
6623	4
6624	4
6626	2
6627	1
6630	3
6631	2
6632	3
6633	2
6634	2
6635	3
6636	2
6637	5
6638	5
6639	3
6640	2
6641	2
6642	3
6643	2
6644	3
6645	4
6646	6
6647	3
6648	3
6650	5
6651	3
6653	4
6654	1
6655	3
6656	2
6657	3
6658	4
6659	4
6661	2
6662	1
6663	1
6664	4
6665	2
6667	4
6668	1
6669	1
6670	2
6671	5
6672	1
6673	2
6674	1
6675	1
6676	2
6677	5
6679	4
6681	2
6682	1
6684	1
6685	2
6686	4
6687	1
6688	3
6689	4
6690	3
6691	5
6692	5
6693	4
6694	5
6695	5
6697	2
6698	2
6699	1
6700	1
6701	1
6702	1
6703	3
6704	2
6705	2
6706	1
6708	2
6709	1
6710	3
6711	5
6712	3
6713	3
6714	2
6715	1
6716	3
6717	5
6720	3
6721	4
6722	3
6723	1
6724	2
6725	2
6726	2
6727	2
6728	3
6729	1
6730	1
6731	2
6732	2
6733	2
6735	4
6736	3
6737	3
6738	5
6739	2
6740	4
6742	3
6743	2
6744	3
6745	1
6746	4
6747	3
6748	2
6749	3
6750	1
6751	3
6752	1
6753	3
6754	3
6755	2
6756	1
6757	1
6758	8
6759	1
6761	5
6762	4
6763	2
6764	2
6766	4
6768	1
6769	4
6770	1
6771	1
6772	3
6773	1
6774	2
6775	1
6776	1
6779	7
6780	2
6781	1
6783	2
6784	1
6785	1
6787	1
6789	4
6790	2
6791	2
6792	2
6793	1
6794	3
6795	1
6796	1
6797	1
6798	1
6799	4
6800	1
6801	1
6802	3
6804	2
6806	1
6807	1
6808	3
6809	1
6810	6
6811	3
6813	2
6814	2
6815	1
6816	4
6817	3
6818	1
6819	3
6820	4
6821	3
6822	2
6823	4
6824	3
6825	3
6826	1
6827	1
6828	2
6829	1
6830	3
6831	1
6832	2
6833	1
6834	4
6835	1
6836	1
6837	3
6838	3
6840	1
6841	2
6842	3
6843	8
6844	1
6845	4
6846	2
6848	4
6849	1
6850	3
6851	3
6852	2
6853	5
6854	2
6855	1
6856	1
6857	1
6858	1
6859	1
6860	2
6861	2
6862	5
6863	1
6865	1
6867	1
6868	3
6869	2
6871	2
6872	4
6873	3
6874	4
6875	5
6876	5
6878	1
6879	1
6880	1
6881	5
6882	2
6883	3
6884	5
6885	2
6886	3
6887	2
6889	2
6890	2
6891	4
6892	1
6893	4
6894	2
6895	4
6896	2
6897	4
6898	2
6899	2
6900	3
6901	2
6902	1
6903	1
6904	2
6907	1
6908	2
6909	2
6910	4
6911	3
6912	2
6913	1
6914	6
6915	2
6916	4
6917	1
6918	2
6919	4
6920	1
6922	1
6923	4
6924	1
6925	2
6926	1
6927	3
6928	1
6929	2
6930	2
6931	2
6932	2
6934	2
6937	4
6938	4
6939	3
6940	3
6941	1
6942	2
6943	4
6944	3
6945	3
6946	2
6947	4
6948	1
6949	5
6950	1
6951	2
6952	4
6953	2
6954	2
6957	5
6958	1
6959	2
6960	3
6961	2
6962	2
6963	1
6965	7
6966	4
6967	2
6968	4
6969	4
6970	3
6971	1
6972	2
6973	3
6974	2
6975	2
6976	2
6977	2
6978	3
6979	1
6980	2
6981	1
6982	3
6984	3
6985	1
6986	3
6987	3
6988	1
6989	1
6990	1
6991	2
6992	1
6993	4
6995	3
6996	2
6997	1
6998	5
6999	3
7000	2
7001	2
7003	2
7004	1
7005	1
7007	4
7009	1
7010	1
7011	1
7013	4
7014	4
7015	3
7016	2
7017	5
7018	1
7019	2
7021	1
7022	1
7023	1
7024	3
7025	2
7027	3
7029	4
7030	2
7031	2
7032	3
7033	3
7034	2
7036	1
7037	2
7038	3
7039	2
7040	3
7041	2
7042	1
7043	1
7044	2
7045	3
7046	1
7048	5
7049	2
7050	4
7051	3
7052	4
7053	3
7054	2
7055	3
7056	2
7057	2
7058	1
7059	3
7060	2
7061	5
7064	2
7065	3
7066	1
7067	3
7068	1
7069	1
7070	1
7071	1
7072	4
7073	1
7076	2
7077	1
7078	1
7079	1
7080	1
7081	1
7084	4
7085	3
7086	2
7087	2
7088	1
7089	1
7090	1
7091	2
7092	2
7093	3
7094	4
7095	1
7096	2
7097	1
7098	3
7100	2
7102	3
7103	1
7104	2
7105	2
7106	2
7107	1
7108	2
7109	2
7110	2
7111	3
7112	1
7113	2
7114	3
7115	2
7116	5
7117	2
7118	2
7119	4
7120	5
7122	3
7123	1
7125	4
7126	3
7127	4
7128	2
7129	5
7130	2
7132	1
7133	3
7134	2
7135	3
7137	2
7138	2
7139	1
7140	2
7141	3
7142	2
7143	3
7144	3
7145	1
7146	1
7147	4
7149	1
7150	1
7151	2
7152	1
7153	2
7154	2
7155	5
7156	1
7157	3
7159	5
7161	5
7162	2
7163	2
7164	4
7165	2
7167	3
7168	4
7169	1
7170	1
7171	2
7172	2
7173	2
7174	2
7175	3
7176	3
7177	2
7178	2
7179	2
7180	2
7181	4
7182	1
7183	1
7184	1
7185	2
7186	3
7187	2
7188	1
7189	2
7190	5
7191	3
7192	2
7193	2
7194	2
7195	1
7196	3
7197	2
7198	2
7199	2
7200	2
7202	2
7203	2
7205	2
7206	1
7208	1
7209	3
7210	6
7213	2
7214	1
7216	2
7217	3
7218	2
7219	2
7220	4
7221	1
7222	1
7223	4
7224	3
7225	1
7226	1
7227	2
7228	3
7229	4
7231	4
7232	2
7233	1
7234	2
7235	1
7237	3
7239	2
7240	3
7243	2
7244	2
7245	2
7246	1
7247	1
7248	2
7249	3
7251	3
7252	1
7253	1
7255	1
7256	3
7257	2
7258	2
7259	1
7260	1
7261	2
7262	3
7263	2
7264	3
7265	2
7266	1
7267	2
7269	5
7270	2
7271	3
7272	2
7273	1
7274	2
7275	1
7276	2
7277	1
7278	1
7279	4
7281	2
7282	5
7283	3
7284	3
7285	2
7286	3
7287	2
7288	2
7289	2
7290	3
7291	4
7293	2
7294	2
7295	4
7296	3
7299	3
7300	1
7301	5
7302	1
7304	1
7305	3
7306	3
7307	1
7308	3
7309	3
7310	3
7311	5
7312	3
7313	1
7314	2
7315	4
7317	1
7318	1
7319	3
7320	2
7324	3
7326	3
7327	3
7328	6
7329	2
7330	2
7331	2
7332	4
7333	3
7334	1
7335	1
7336	4
7337	1
7338	2
7339	2
7340	4
7341	1
7342	2
7343	1
7344	3
7345	2
7346	2
7348	1
7350	3
7352	1
7353	1
7354	1
7357	1
7358	1
7359	1
7361	1
7362	2
7363	1
7364	1
7365	2
7366	1
7367	1
7368	1
7369	2
7370	3
7371	4
7373	3
7374	1
7375	2
7376	1
7377	3
7378	1
7379	4
7380	3
7381	3
7382	2
7383	2
7385	5
7386	4
7387	2
7388	1
7389	2
7392	1
7393	6
7394	2
7395	4
7396	2
7397	2
7398	1
7399	1
7400	3
7402	1
7403	1
7404	5
7405	5
7406	1
7407	5
7408	3
7409	1
7410	2
7412	3
7413	1
7414	3
7415	6
7416	4
7417	1
7418	2
7419	3
7420	1
7421	2
7422	2
7423	3
7425	2
7426	4
7427	1
7428	3
7429	1
7432	2
7433	2
7435	3
7436	1
7437	1
7438	3
7441	2
7442	1
7443	1
7445	2
7448	3
7449	1
7451	2
7452	2
7453	2
7454	1
7455	2
7456	3
7458	1
7459	2
7460	1
7461	2
7462	2
7465	4
7466	1
7467	2
7468	2
7469	1
7470	3
7471	1
7472	1
7473	3
7474	2
7476	2
7477	3
7478	1
7479	2
7481	2
7482	2
7483	3
7485	1
7486	2
7488	1
7489	3
7491	2
7492	1
7493	2
7494	3
7495	2
7496	2
7497	1
7500	2
7501	3
7502	3
7503	3
7504	4
7505	1
7506	2
7507	1
7508	6
7509	1
7510	2
7511	1
7512	3
7513	3
7516	2
7517	5
7518	1
7521	3
7523	1
7524	2
7525	3
7526	1
7527	1
7528	2
7529	3
7530	2
7531	3
7532	2
7533	2
7534	1
7535	1
7536	1
7537	3
7538	1
7539	3
7540	2
7541	2
7542	2
7543	5
7544	1
7547	1
7548	2
7549	1
7551	2
7552	4
7553	3
7554	2
7555	2
7556	3
7557	3
7558	5
7559	2
7560	3
7561	3
7562	3
7563	1
7565	2
7566	1
7567	1
7569	6
7570	1
7571	2
7572	4
7574	2
7575	2
7576	1
7577	3
7578	4
7579	1
7580	4
7581	3
7582	3
7583	1
7584	2
7585	1
7586	2
7587	2
7588	2
7589	1
7590	2
7591	5
7592	2
7593	1
7594	3
7596	4
7597	2
7598	5
7599	3
7601	2
7602	1
7603	2
7604	1
7606	5
7608	3
7609	1
7610	2
7611	3
7612	3
7613	1
7615	2
7616	1
7617	3
7618	5
7619	2
7620	2
7621	1
7622	1
7623	2
7624	1
7626	2
7627	2
7628	2
7629	2
7630	5
7631	2
7632	2
7634	1
7635	1
7636	1
7638	5
7639	1
7640	4
7641	1
7642	3
7643	2
7645	2
7646	1
7647	3
7648	6
7649	2
7651	5
7652	1
7653	2
7654	2
7655	3
7656	2
7658	1
7659	1
7660	2
7661	2
7663	2
7664	2
7666	2
7667	1
7668	2
7669	4
7670	1
7671	1
7672	2
7673	3
7674	2
7675	1
7677	2
7678	2
7679	3
7680	2
7681	2
7685	1
7686	1
7687	4
7688	1
7689	1
7690	2
7691	1
7692	1
7693	1
7694	1
7695	3
7696	1
7697	1
7698	6
7699	1
7700	1
7701	1
7702	3
7703	3
7704	3
7705	3
7706	2
7707	2
7708	2
7709	2
7710	4
7711	1
7713	2
7714	1
7715	1
7717	2
7719	2
7720	1
7721	2
7722	1
7724	3
7725	3
7726	1
7727	2
7728	1
7731	2
7732	2
7735	2
7736	2
7737	1
7738	2
7739	3
7740	2
7741	1
7743	2
7744	2
7745	2
7746	1
7747	1
7748	1
7749	2
7750	2
7751	3
7752	4
7753	4
7756	2
7758	1
7759	1
7760	1
7762	2
7763	2
7764	2
7765	3
7766	2
7767	2
7768	1
7769	4
7770	1
7772	5
7773	2
7774	2
7775	1
7776	2
7777	6
7778	1
7779	3
7780	2
7781	1
7782	1
7783	2
7785	2
7786	1
7787	4
7788	4
7789	3
7790	4
7791	2
7792	1
7793	2
7795	2
7797	3
7798	1
7800	3
7801	1
7802	1
7803	2
7804	1
7805	2
7806	1
7808	1
7809	1
7810	1
7813	2
7814	3
7816	1
7818	1
7819	1
7820	2
7822	3
7823	2
7825	1
7826	1
7827	1
7830	3
7832	6
7833	1
7835	2
7836	1
7838	3
7839	2
7840	5
7841	3
7842	1
7843	1
7845	3
7846	1
7847	1
7848	2
7849	1
7851	1
7852	1
7853	1
7854	1
7855	1
7856	3
7857	2
7858	2
7859	3
7860	1
7864	1
7865	1
7866	1
7867	2
7868	3
7869	3
7870	1
7871	2
7872	2
7873	1
7875	2
7876	1
7877	2
7878	2
7879	2
7881	2
7883	3
7884	1
7885	2
7886	2
7888	3
7889	2
7890	2
7891	1
7892	1
7893	4
7895	2
7896	1
7897	1
7898	3
7899	1
7900	5
7901	3
7902	1
7903	2
7904	3
7905	3
7906	2
7907	1
7908	2
7909	3
7910	1
7911	3
7913	3
7914	6
7915	1
7916	2
7918	3
7919	2
7920	1
7921	2
7922	4
7923	2
7924	1
7925	2
7926	2
7927	5
7928	2
7929	3
7930	2
7932	2
7933	2
7934	2
7936	1
7937	1
7939	3
7940	1
7941	2
7942	1
7945	1
7946	1
7948	1
7949	1
7950	1
7951	3
7952	2
7953	2
7954	2
7955	1
7956	1
7957	2
7959	1
7960	3
7961	1
7962	1
7963	1
7965	2
7966	2
7967	1
7968	1
7970	1
7971	1
7972	2
7973	1
7974	2
7975	1
7976	1
7977	4
7979	2
7980	2
7981	2
7982	2
7983	3
7984	2
7985	2
7986	1
7987	2
7988	3
7989	1
7990	4
7991	1
7992	1
7994	3
7995	1
7996	1
7997	2
7998	2
7999	3
8000	2
8001	4
8004	1
8005	1
8006	3
8007	1
8008	1
8009	2
8011	1
8012	1
8014	3
8015	1
8018	3
8020	4
8023	1
8024	1
8025	3
8027	1
8028	1
8029	4
8031	2
8032	3
8034	4
8035	2
8036	2
8037	1
8038	2
8039	2
8040	2
8043	2
8044	1
8045	1
8046	1
8047	2
8048	1
8049	1
8051	1
8053	3
8054	1
8056	2
8057	2
8058	4
8059	1
8061	2
8062	1
8063	1
8064	1
8065	2
8066	1
8068	1
8069	1
8070	1
8071	4
8072	4
8074	2
8075	4
8076	3
8077	3
8078	1
8079	3
8080	3
8081	4
8082	1
8083	2
8084	2
8085	1
8086	1
8087	2
8089	1
8090	2
8091	1
8092	1
8093	1
8094	3
8095	1
8096	3
8097	4
8098	1
8099	2
8100	1
8102	3
8103	2
8106	2
8107	1
8108	2
8110	2
8111	3
8112	1
8113	3
8115	1
8117	2
8118	1
8119	4
8120	1
8121	2
8123	3
8125	4
8127	2
8129	2
8130	2
8131	1
8132	2
8133	2
8134	3
8135	3
8136	1
8137	2
8139	1
8141	1
8142	2
8143	2
8144	3
8145	2
8146	3
8148	1
8149	2
8150	2
8151	1
8152	1
8153	2
8154	1
8155	3
8156	1
8157	3
8159	3
8160	3
8161	1
8162	1
8163	1
8164	2
8166	1
8167	3
8168	1
8170	2
8171	2
8172	1
8173	2
8174	1
8175	1
8177	1
8178	2
8179	1
8180	2
8181	1
8182	1
8184	2
8186	1
8187	2
8189	2
8191	1
8192	2
8193	2
8194	3
8195	2
8196	2
8197	1
8198	2
8200	3
8201	1
8203	2
8204	2
8205	2
8206	4
8207	2
8208	1
8209	1
8210	2
8212	1
8214	1
8215	2
8216	2
8218	1
8219	1
8220	2
8221	3
8222	2
8226	1
8227	2
8228	2
8229	1
8230	1
8231	2
8232	1
8233	2
8237	3
8239	1
8240	3
8241	1
8242	1
8243	1
8245	1
8246	1
8247	2
8248	2
8249	2
8250	1
8251	3
8252	1
8253	3
8254	2
8255	1
8256	1
8257	2
8258	3
8259	1
8260	2
8261	2
8262	2
8263	2
8264	3
8266	2
8267	2
8268	1
8269	1
8270	2
8273	1
8274	1
8275	2
8276	1
8277	3
8279	1
8282	1
8283	2
8284	1
8285	2
8286	1
8287	2
8288	2
8289	1
8291	3
8292	3
8293	2
8295	3
8296	1
8298	1
8299	2
8300	4
8301	2
8302	2
8305	2
8306	3
8307	1
8308	3
8309	2
8310	1
8311	3
8312	1
8313	1
8315	1
8316	4
8317	4
8318	1
8319	4
8320	3
8322	2
8324	3
8327	1
8328	4
8329	2
8330	5
8332	3
8333	3
8336	1
8338	2
8339	1
8341	1
8342	1
8344	1
8345	3
8347	3
8348	2
8350	1
8351	1
8353	1
8356	1
8357	2
8358	2
8361	2
8365	1
8366	2
8367	2
8368	1
8369	1
8370	1
8371	1
8372	2
8373	1
8374	3
8375	3
8376	3
8379	2
8380	1
8382	1
8383	2
8385	2
8386	1
8387	1
8390	1
8391	3
8392	1
8393	1
8394	1
8395	1
8396	3
8397	1
8398	1
8399	5
8401	2
8402	1
8403	3
8404	3
8405	1
8407	2
8409	1
8411	3
8413	1
8414	1
8415	1
8416	2
8417	4
8418	3
8419	1
8421	1
8422	2
8424	1
8425	3
8426	1
8429	2
8430	2
8431	1
8434	1
8436	1
8438	1
8439	1
8440	2
8441	3
8443	1
8445	1
8446	3
8447	1
8448	1
8449	2
8450	1
8451	2
8452	2
8453	2
8454	2
8455	5
8456	1
8457	3
8458	1
8459	1
8460	2
8462	1
8463	1
8465	1
8467	1
8468	2
8469	1
8470	3
8472	1
8474	2
8476	1
8479	2
8482	1
8483	1
8486	4
8487	1
8488	1
8489	3
8490	1
8492	1
8493	1
8494	4
8496	1
8498	1
8500	3
8502	2
8503	3
8505	1
8506	1
8507	2
8508	1
8511	1
8512	5
8514	2
8516	2
8518	1
8519	1
8520	2
8522	1
8523	1
8524	2
8525	1
8527	5
8528	1
8529	1
8530	3
8531	3
8532	1
8533	2
8534	3
8535	1
8536	2
8537	4
8538	1
8539	3
8541	2
8542	1
8543	1
8544	1
8545	3
8547	1
8548	1
8550	1
8551	3
8552	1
8554	3
8555	2
8556	1
8557	2
8558	3
8559	1
8561	3
8562	1
8563	2
8564	3
8565	2
8566	2
8568	4
8569	1
8570	1
8571	1
8572	2
8574	3
8575	1
8576	3
8578	1
8579	1
8580	2
8582	3
8583	1
8586	2
8587	2
8588	2
8589	1
8590	3
8591	2
8592	2
8593	1
8594	1
8595	1
8596	2
8597	1
8599	2
8601	2
8604	1
8605	2
8606	2
8607	2
8608	2
8609	1
8610	1
8612	1
8613	1
8615	1
8616	2
8617	1
8619	2
8620	1
8621	1
8622	2
8623	1
8624	1
8625	2
8626	1
8627	3
8628	3
8629	1
8630	1
8632	3
8633	1
8634	2
8635	2
8636	4
8637	2
8638	4
8640	1
8641	2
8642	2
8643	3
8644	7
8647	1
8649	2
8651	1
8654	1
8655	2
8656	2
8657	2
8659	2
8660	1
8661	1
8662	1
8663	2
8664	2
8665	1
8667	3
8669	2
8672	4
8673	2
8674	2
8675	1
8676	1
8677	1
8678	1
8679	1
8680	2
8681	1
8683	3
8685	1
8686	2
8687	1
8688	1
8690	1
8691	1
8692	4
8693	1
8695	2
8697	2
8699	1
8701	1
8702	1
8703	3
8706	2
8707	2
8708	1
8709	3
8710	3
8712	1
8713	3
8715	1
8716	1
8717	1
8718	1
8719	2
8720	2
8721	1
8723	1
8724	1
8726	2
8727	1
8728	1
8729	1
8730	1
8731	2
8732	2
8734	1
8735	3
8736	1
8737	1
8738	2
8739	1
8740	2
8741	2
8742	1
8743	3
8744	1
8748	2
8750	1
8752	4
8753	2
8754	2
8755	1
8756	2
8758	1
8759	4
8760	2
8762	3
8763	3
8764	1
8765	2
8766	1
8767	2
8769	1
8770	2
8771	3
8772	1
8774	2
8776	2
8778	4
8780	1
8781	2
8783	3
8784	2
8786	1
8787	1
8788	1
8789	2
8790	3
8792	2
8793	1
8794	2
8795	1
8797	1
8798	2
8799	2
8800	4
8801	4
8803	3
8804	2
8805	1
8808	1
8809	2
8810	2
8813	2
8814	2
8815	2
8818	1
8819	3
8820	1
8821	1
8822	1
8823	2
8825	2
8827	1
8828	2
8829	2
8830	1
8832	2
8835	1
8837	2
8839	1
8840	1
8841	1
8843	1
8846	2
8849	2
8852	3
8853	2
8854	3
8855	3
8856	1
8857	1
8858	1
8859	1
8860	1
8861	1
8865	1
8872	2
8874	1
8875	3
8876	2
8877	2
8878	1
8879	2
8880	3
8883	2
8885	2
8887	1
8888	1
8889	2
8890	2
8891	1
8893	3
8894	1
8897	2
8898	2
8899	2
8901	2
8902	1
8903	1
8904	1
8906	2
8907	1
8908	2
8909	1
8911	2
8913	1
8914	1
8916	1
8917	1
8918	1
8919	1
8920	1
8921	1
8922	1
8924	1
8925	2
8926	2
8927	1
8928	2
8929	1
8930	2
8931	3
8932	2
8935	3
8937	2
8939	1
8940	1
8941	2
8942	2
8944	1
8945	3
8946	1
8947	2
8948	3
8949	2
8950	1
8951	2
8955	2
8956	1
8958	2
8959	1
8960	2
8961	3
8962	1
8966	3
8967	3
8968	2
8969	1
8970	4
8971	1
8972	1
8975	1
8977	1
8978	2
8980	1
8981	1
8982	1
8983	1
8988	1
8989	3
8990	2
8991	2
8993	1
8996	4
8998	1
8999	3
9001	1
9002	1
9003	1
9004	1
9005	1
9006	1
9007	2
9009	4
9010	1
9011	3
9012	1
9013	3
9014	1
9015	1
9017	1
9019	1
9022	1
9024	3
9025	2
9027	1
9029	2
9030	2
9031	3
9033	2
9034	1
9035	2
9037	1
9039	1
9040	2
9043	2
9045	1
9046	3
9047	1
9049	2
9051	1
9052	1
9053	4
9054	3
9055	1
9057	2
9060	1
9061	1
9064	2
9065	3
9066	2
9067	1
9068	1
9069	2
9070	2
9072	1
9073	3
9075	1
9076	1
9077	1
9078	1
9080	1
9081	1
9082	2
9084	2
9085	3
9086	1
9087	1
9088	2
9090	1
9091	1
9092	1
9094	1
9096	2
9098	1
9099	1
9101	2
9102	1
9103	4
9104	1
9105	4
9106	1
9108	1
9109	1
9110	1
9113	3
9114	3
9115	2
9116	2
9118	1
9122	1
9123	1
9125	3
9126	2
9127	2
9129	3
9130	1
9131	2
9133	1
9134	1
9136	2
9137	2
9138	3
9139	1
9141	5
9142	1
9144	2
9145	1
9146	1
9148	2
9149	1
9151	2
9152	1
9155	2
9156	2
9157	2
9158	2
9159	2
9160	2
9161	1
9162	1
9163	3
9166	3
9167	1
9169	1
9170	4
9171	2
9172	2
9176	1
9177	2
9178	1
9179	1
9180	1
9181	3
9182	1
9183	1
9184	2
9185	1
9186	3
9187	2
9188	1
9189	1
9191	1
9195	1
9197	1
9198	1
9200	1
9201	5
9203	2
9204	1
9205	1
9208	2
9210	1
9212	1
9214	2
9216	1
9217	3
9218	1
9219	2
9220	1
9221	2
9222	2
9226	1
9227	3
9228	1
9229	2
9230	1
9233	3
9234	2
9238	1
9239	1
9240	2
9241	2
9243	2
9244	2
9247	1
9249	2
9250	2
9252	1
9254	2
9255	2
9256	1
9257	1
9258	1
9259	1
9261	3
9263	1
9266	1
9268	1
9269	1
9271	2
9272	1
9274	2
9275	2
9276	2
9278	1
9279	1
9281	2
9282	2
9283	2
9285	2
9286	1
9287	1
9289	1
9290	2
9291	1
9292	3
9296	1
9299	2
9304	1
9306	4
9307	1
9309	3
9311	2
9312	2
9313	1
9314	1
9315	2
9316	3
9317	3
9318	1
9320	1
9321	1
9322	3
9323	1
9325	1
9326	1
9328	1
9330	1
9331	1
9332	1
9334	3
9336	1
9339	1
9340	1
9341	3
9345	1
9346	2
9352	1
9353	4
9354	2
9355	1
9356	1
9357	3
9358	3
9359	2
9361	1
9363	1
9364	2
9365	1
9366	1
9367	1
9368	1
9369	1
9370	3
9371	1
9372	2
9374	4
9375	2
9376	1
9378	2
9381	3
9382	1
9383	2
9384	1
9385	1
9386	1
9388	2
9389	2
9390	1
9391	1
9392	1
9393	1
9394	1
9395	1
9396	1
9398	1
9400	1
9401	2
9402	4
9403	1
9405	3
9406	2
9409	1
9410	1
9411	1
9413	2
9415	1
9416	4
9417	3
9419	2
9420	1
9421	1
9422	1
9424	1
9425	1
9427	2
9428	1
9429	1
9430	1
9431	3
9433	1
9435	2
9437	1
9439	1
9440	1
9441	2
9442	1
9444	2
9445	1
9446	1
9448	1
9449	1
9450	1
9451	3
9452	2
9453	1
9454	1
9455	3
9456	2
9457	1
9458	1
9459	1
9460	1
9463	1
9464	1
9465	2
9466	1
9467	3
9468	2
9469	2
9470	3
9473	2
9474	1
9475	2
9476	1
9478	2
9479	1
9480	4
9481	3
9482	1
9483	1
9485	2
9486	1
9490	1
9491	1
9492	1
9493	1
9494	1
9496	1
9498	2
9499	1
9500	1
9502	2
9505	3
9507	2
9509	1
9511	2
9513	1
9514	1
9515	1
9517	3
9519	1
9520	3
9522	1
9523	3
9528	1
9530	1
9531	1
9532	1
9535	1
9536	2
9538	1
9539	2
9540	3
9541	1
9543	2
9544	2
9545	1
9546	1
9547	1
9549	1
9550	4
9551	1
9552	2
9553	1
9554	1
9557	2
9560	3
9561	3
9563	1
9564	1
9565	1
9566	2
9568	2
9569	3
9570	2
9574	2
9576	2
9578	2
9579	3
9581	1
9583	2
9584	1
9586	1
9587	1
9589	1
9590	2
9591	1
9592	1
9595	1
9597	5
9599	1
9601	1
9604	2
9606	2
9608	1
9609	1
9610	1
9611	3
9612	1
9613	2
9616	1
9617	2
9618	2
9619	2
9622	1
9624	1
9625	1
9626	1
9628	3
9629	1
9632	1
9636	1
9637	2
9638	4
9640	2
9643	2
9644	1
9648	1
9650	1
9653	1
9656	1
9657	1
9659	1
9662	2
9665	1
9666	2
9667	1
9671	2
9673	4
9674	1
9678	1
9679	2
9680	1
9681	2
9682	1
9684	1
9686	1
9689	1
9691	2
9694	1
9696	2
9697	2
9698	1
9699	3
9700	1
9702	1
9703	1
9704	1
9705	1
9706	1
9709	3
9710	1
9711	2
9712	3
9713	2
9714	2
9718	1
9719	1
9720	3
9723	2
9726	1
9727	1
9728	1
9731	1
9732	1
9734	3
9735	2
9736	1
9737	1
9738	2
9739	2
9740	1
9741	1
9743	2
9744	1
9746	2
9748	1
9749	1
9750	1
9752	1
9755	2
9756	1
9757	2
9759	4
9762	2
9767	1
9769	1
9770	1
9771	1
9773	1
9775	1
9778	2
9780	2
9781	2
9782	2
9783	1
9784	2
9786	1
9787	1
9791	1
9792	1
9793	2
9794	1
9796	1
9797	1
9799	1
9800	1
9802	1
9806	1
9807	1
9810	1
9812	2
9814	1
9817	2
9818	2
9819	4
9820	3
9821	1
9823	1
9824	2
9825	3
9826	3
9828	1
9831	3
9832	1
9834	1
9835	1
9836	1
9837	1
9838	1
9840	1
9842	2
9843	3
9844	1
9849	1
9850	1
9851	2
9852	1
9854	2
9855	1
9857	2
9858	1
9859	1
9860	1
9861	2
9862	2
9863	2
9864	1
9865	2
9866	2
9868	1
9871	3
9873	2
9875	2
9879	3
9882	1
9883	2
9885	1
9886	1
9887	2
9889	2
9891	1
9892	1
9893	2
9895	1
9896	2
9898	1
9899	2
9902	1
9903	2
9906	3
9907	2
9908	2
9909	2
9910	1
9912	2
9913	1
9914	2
9916	1
9917	2
9918	1
9920	2
9924	1
9927	2
9929	2
9930	4
9931	1
9932	2
9935	2
9936	3
9938	3
9940	1
9941	1
9942	1
9943	3
9944	1
9946	1
9947	1
9948	1
9949	2
9950	2
9952	1
9953	1
9954	1
9955	2
9957	1
9959	1
9960	1
9961	2
9962	1
9964	1
9965	1
9966	1
9968	1
9969	2
9971	1
9975	3
9979	1
9980	1
9983	3
9984	1
9985	2
9987	1
9990	2
9992	2
9993	3
9994	1
9995	3
9997	2
9998	2
9999	1
10000	2
10001	1
10003	1
10005	1
10007	1
10009	1
10011	1
10014	1
10015	1
10016	1
10018	2
10019	2
10020	1
10023	1
10025	1
10026	1
10027	1
10030	2
10031	2
10033	1
10034	1
10037	2
10038	1
10039	4
10041	1
10042	1
10048	1
10049	1
10051	1
10052	2
10054	2
10056	1
10057	1
10058	2
10059	2
10061	2
10062	1
10064	2
10066	1
10067	1
10071	2
10072	1
10073	1
10075	1
10078	2
10079	2
10081	1
10082	2
10083	1
10086	1
10088	2
10089	1
10091	1
10093	1
10095	2
10097	1
10100	1
10101	1
10102	1
10103	3
10104	1
10106	1
10108	2
10110	1
10112	1
10114	1
10117	2
10121	2
10123	2
10124	2
10125	1
10127	2
10128	1
10129	1
10131	1
10132	1
10133	1
10134	1
10135	3
10136	2
10137	2
10138	2
10139	3
10140	3
10143	2
10144	2
10146	2
10151	2
10152	2
10153	1
10154	1
10155	2
10157	2
10158	1
10160	2
10161	1
10164	2
10165	1
10166	1
10168	1
10169	2
10170	1
10171	2
10172	3
10173	1
10176	3
10180	1
10181	1
10182	2
10183	3
10184	4
10189	2
10190	2
10194	1
10195	2
10196	1
10198	4
10200	2
10202	3
10208	1
10210	1
10211	2
10212	2
10213	1
10214	1
10215	1
10218	1
10219	2
10220	1
10222	2
10223	2
10224	1
10227	1
10228	1
10229	1
10232	2
10234	3
10235	2
10236	2
10239	2
10240	1
10241	1
10243	3
10244	2
10245	1
10246	1
10248	1
10249	1
10250	1
10254	2
10257	1
10260	1
10262	1
10263	3
10264	1
10265	1
10266	1
10267	1
10271	1
10274	2
10277	1
10278	2
10279	1
10280	3
10281	2
10284	2
10287	1
10289	2
10293	1
10295	1
10296	2
10297	1
10298	1
10299	2
10300	1
10304	1
10312	1
10314	1
10315	2
10316	3
10318	1
10319	1
10321	1
10324	2
10325	1
10327	1
10328	1
10330	1
10331	1
10333	1
10334	1
10335	1
10339	1
10341	1
10343	1
10344	1
10345	2
10347	1
10348	1
10349	1
10350	2
10351	1
10353	1
10354	2
10356	1
10357	1
10358	1
10359	1
10360	3
10362	1
10365	1
10367	3
10368	1
10369	3
10370	1
10371	1
10375	2
10377	3
10378	1
10379	2
10380	1
10381	2
10383	2
10384	1
10387	1
10388	3
10389	4
10390	1
10391	2
10396	2
10397	2
10398	1
10399	1
10400	1
10401	1
10402	1
10403	1
10407	1
10410	1
10411	1
10412	3
10413	2
10414	2
10419	1
10420	2
10423	1
10426	1
10428	2
10432	1
10433	1
10435	2
10436	1
10437	1
10438	2
10439	2
10440	1
10443	1
10444	1
10446	2
10448	1
10449	1
10450	1
10452	2
10453	6
10454	1
10455	2
10456	1
10458	2
10459	1
10461	2
10463	1
10464	1
10467	1
10471	1
10473	1
10474	1
10475	2
10478	1
10479	1
10480	1
10484	2
10485	1
10486	2
10488	2
10489	1
10491	1
10493	2
10494	1
10497	1
10500	4
10501	1
10502	4
10503	1
10504	1
10505	1
10506	1
10508	2
10509	2
10514	3
10515	1
10516	1
10517	1
10519	1
10523	1
10527	1
10529	1
10530	1
10531	1
10532	1
10536	2
10538	1
10539	1
10540	1
10541	1
10542	3
10543	1
10544	2
10546	1
10547	2
10549	1
10551	2
10552	3
10553	1
10554	1
10555	1
10556	1
10558	1
10559	1
10560	1
10561	1
10563	1
10564	1
10567	1
10569	1
10570	1
10573	1
10575	3
10576	1
10578	1
10579	2
10583	1
10584	1
10586	1
10588	1
10589	2
10591	2
10593	1
10594	1
10596	2
10597	1
10598	1
10600	2
10601	3
10602	1
10605	1
10606	1
10607	1
10608	1
10610	1
10611	1
10612	2
10614	1
10618	3
10621	1
10623	1
10624	2
10625	2
10627	2
10628	1
10631	1
10633	1
10638	1
10640	1
10643	1
10645	1
10646	1
10650	2
10651	2
10652	2
10653	2
10656	1
10658	1
10659	2
10660	1
10661	1
10662	1
10663	2
10665	2
10666	1
10667	1
10668	1
10670	1
10673	1
10674	1
10675	3
10676	1
10677	2
10681	1
10682	2
10683	1
10685	1
10689	1
10690	1
10692	2
10693	1
10694	1
10695	1
10696	3
10698	1
10699	1
10700	1
10702	1
10703	1
10704	1
10708	2
10709	2
10712	1
10714	1
10716	3
10718	2
10719	2
10723	2
10725	1
10726	2
10728	2
10730	1
10731	1
10734	3
10736	1
10739	1
10740	1
10742	3
10745	1
10747	2
10748	1
10749	2
10750	1
10751	1
10752	3
10753	2
10754	1
10755	2
10757	1
10758	2
10759	2
10760	1
10761	1
10765	1
10767	1
10769	3
10770	4
10773	2
10774	2
10775	1
10777	2
10780	1
10782	3
10783	1
10784	1
10786	2
10787	2
10790	1
10791	1
10794	2
10795	1
10796	1
10797	1
10799	1
10800	1
10802	1
10803	1
10804	1
10805	1
10808	2
10810	1
10812	2
10813	2
10816	1
10819	1
10820	1
10821	1
10822	2
10823	2
10825	1
10829	1
10830	1
10831	1
10836	1
10837	1
10839	1
10840	2
10842	1
10844	1
10845	2
10847	1
10848	1
10849	1
10851	1
10857	2
10859	2
10860	1
10862	1
10863	1
10864	1
10868	2
10871	1
10873	2
10874	1
10877	1
10878	1
10879	1
10882	2
10884	2
10886	1
10890	2
10894	1
10897	1
10899	2
10901	1
10903	1
10904	2
10905	1
10906	1
10910	1
10911	1
10912	2
10913	1
10914	1
10919	1
10923	1
10924	1
10926	1
10928	2
10929	1
10933	1
10934	1
10935	1
10937	1
10939	4
10941	1
10942	1
10946	2
10948	1
10949	1
10950	1
10951	1
10953	2
10954	1
10958	2
10959	1
10960	1
10964	1
10965	2
10966	1
10970	1
10973	1
10976	1
10979	2
10980	2
10982	1
10984	1
10986	2
10987	3
10989	2
10990	1
10991	1
10993	1
10995	1
10996	2
10997	1
10998	1
11000	1
11002	2
11005	1
11006	1
11007	2
11008	1
11010	1
11011	1
11015	1
11022	3
11024	1
11027	1
11028	2
11032	1
11033	3
11034	1
11036	2
11037	1
11043	1
11045	1
11046	1
11048	1
11049	1
11051	3
11052	2
11057	1
11060	1
11061	2
11064	1
11066	1
11067	1
11068	1
11070	1
11071	1
11074	2
11075	1
11076	3
11078	1
11083	1
11085	1
11088	1
11089	2
11090	3
11091	2
11092	1
11093	1
11094	2
11096	1
11099	2
11100	2
11101	1
11102	2
11103	1
11105	1
11106	2
11108	1
11110	1
11113	1
11119	2
11122	2
11123	1
11131	1
11132	1
11133	2
11134	1
11135	1
11144	4
11147	1
11153	1
11154	1
11156	1
11158	1
11159	1
11160	1
11163	1
11164	1
11165	1
11167	1
11168	1
11169	2
11170	1
11171	1
11174	2
11175	2
11176	1
11177	1
11179	2
11182	2
11187	1
11188	1
11190	1
11194	1
11198	1
11202	1
11203	1
11208	1
11210	1
11211	1
11212	2
11213	1
11215	1
11219	1
11220	1
11221	2
11222	1
11226	3
11231	1
11234	1
11235	1
11236	1
11244	2
11247	2
11250	2
11252	3
11254	2
11257	1
11262	1
11264	2
11266	2
11267	2
11268	1
11270	1
11271	1
11277	1
11279	1
11281	1
11284	2
11286	2
11288	2
11293	1
11297	1
11298	1
11299	1
11300	2
11301	2
11302	1
11303	1
11304	1
11305	2
11307	1
11308	2
11309	1
11312	3
11313	2
11314	3
11317	1
11320	1
11325	1
11331	2
11333	2
11335	1
11336	2
11340	2
11341	1
11343	1
11345	2
11347	1
11348	1
11349	2
11352	1
11354	1
11355	1
11357	4
11359	1
11361	1
11362	2
11366	1
11368	1
11369	1
11371	1
11372	1
11373	1
11378	1
11379	1
11385	2
11386	1
11387	1
11388	1
11389	1
11392	1
11396	1
11399	1
11400	1
11401	1
11404	2
11405	1
11408	2
11409	2
11413	1
11416	1
11419	1
11422	1
11423	3
11424	1
11425	3
11426	2
11427	2
11430	2
11433	3
11436	1
11438	1
11443	3
11444	2
11445	1
11448	1
11449	1
11451	2
11452	3
11459	1
11463	1
11464	4
11465	1
11467	1
11469	1
11471	1
11473	2
11478	1
11482	1
11483	2
11484	1
11485	2
11486	1
11487	1
11489	3
11490	1
11493	1
11495	1
11496	2
11498	1
11499	1
11502	2
11505	1
11506	1
11507	1
11514	1
11515	2
11518	1
11524	1
11526	1
11529	1
11530	1
11532	2
11536	1
11538	1
11542	1
11543	1
11544	1
11545	1
11546	1
11547	1
11548	3
11549	1
11552	3
11557	4
11558	1
11559	2
11561	2
11563	1
11571	1
11572	1
11573	1
11575	4
11576	1
11580	1
11582	1
11584	1
11585	3
11587	2
11588	1
11589	1
11592	1
11596	1
11598	1
11602	1
11604	1
11605	1
11607	1
11610	2
11611	1
11612	2
11619	1
11620	1
11622	1
11623	1
11624	1
11625	1
11629	1
11631	2
11632	1
11633	1
11636	1
11640	1
11643	1
11646	1
11649	1
11650	1
11652	3
11658	1
11662	1
11663	1
11664	1
11665	1
11666	1
11667	1
11668	2
11669	1
11670	1
11674	1
11676	1
11677	1
11678	1
11680	1
11683	1
11684	1
11687	1
11688	1
11692	2
11694	1
11695	1
11697	1
11700	3
11702	1
11706	1
11708	1
11709	4
11714	1
11720	1
11721	1
11725	2
11726	1
11727	1
11731	3
11735	2
11740	1
11745	1
11746	1
11747	2
11750	1
11751	1
11752	2
11753	1
11757	1
11763	1
11766	1
11768	1
11769	1
11772	2
11773	1
11778	1
11782	1
11784	2
11786	2
11787	2
11790	1
11791	1
11795	2
11796	1
11797	1
11798	1
11801	1
11803	2
11804	1
11806	1
11808	2
11810	1
11811	1
11812	1
11815	1
11820	1
11821	2
11822	1
11827	1
11833	1
11835	1
11840	1
11842	1
11844	2
11845	1
11851	1
11852	1
11858	1
11860	1
11861	4
11864	1
11871	1
11876	1
11878	1
11879	1
11880	1
11884	4
11887	1
11888	1
11890	2
11892	2
11894	2
11898	1
11900	1
11901	1
11902	1
11903	1
11905	1
11908	1
11909	1
11910	1
11911	1
11915	1
11917	1
11918	1
11919	1
11924	1
11926	1
11927	2
11936	1
11940	1
11948	1
11949	1
11950	1
11952	1
11953	1
11954	1
11956	1
11962	1
11966	1
11968	1
11970	1
11971	2
11972	1
11973	1
11976	1
11979	2
11984	2
11988	1
11989	1
11990	1
11991	1
11992	1
11995	1
11999	1
12003	2
12005	2
12007	1
12011	3
12012	1
12015	1
12017	1
12018	2
12023	1
12024	2
12025	1
12027	1
12033	1
12034	1
12035	1
12038	1
12044	1
12045	2
12046	1
12056	2
12060	1
12061	1
12062	1
12064	1
12065	1
12068	1
12069	1
12071	2
12073	2
12075	1
12076	4
12078	2
12080	2
12082	1
12084	2
12085	1
12088	2
12090	1
12091	1
12095	1
12099	1
12103	1
12104	2
12105	3
12106	1
12108	1
12109	1
12113	2
12115	1
12118	2
12119	3
12120	1
12122	1
12123	1
12127	1
12128	2
12130	4
12131	1
12135	1
12136	1
12138	2
12139	1
12140	1
12141	1
12143	1
12144	1
12146	1
12150	2
12151	1
12155	1
12157	1
12165	1
12168	1
12170	1
12174	1
12177	3
12180	2
12181	1
12183	1
12185	1
12188	1
12189	1
12190	1
12193	2
12194	1
12200	1
12203	1
12205	1
12206	2
12207	2
12208	1
12213	1
12216	1
12217	1
12219	1
12221	2
12224	1
12225	1
12239	1
12243	1
12246	1
12247	1
12251	1
12253	1
12260	1
12262	2
12263	1
12264	1
12266	2
12276	2
12279	2
12280	1
12281	1
12284	1
12291	1
12296	1
12297	1
12301	1
12305	1
12307	1
12308	2
12309	1
12314	1
12319	2
12321	1
12324	1
12325	2
12326	1
12327	1
12328	1
12331	1
12336	2
12338	1
12339	1
12341	1
12342	1
12345	1
12346	1
12347	2
12351	2
12354	1
12355	2
12357	2
12359	1
12362	2
12363	2
12364	1
12370	1
12372	1
12375	1
12378	1
12381	2
12382	2
12383	1
12390	1
12392	1
12393	3
12394	1
12396	2
12397	1
12398	2
12399	1
12404	1
12405	1
12407	1
12408	1
12409	1
12410	1
12412	1
12413	1
12418	1
12419	1
12423	1
12426	1
12428	2
12430	1
12431	1
12438	1
12439	1
12440	1
12444	1
12447	1
12449	1
12450	1
12451	2
12452	2
12454	1
12459	2
12464	1
12467	1
12468	1
12469	2
12473	3
12474	1
12476	1
12477	1
12478	1
12481	1
12482	1
12483	1
12485	1
12488	2
12493	1
12497	1
12498	1
12503	2
12505	1
12506	1
12508	3
12510	1
12514	2
12517	1
12518	1
12519	2
12524	1
12525	1
12535	1
12536	1
12537	1
12539	1
12540	1
12541	1
12544	1
12548	1
12552	2
12553	1
12554	2
12555	1
12556	1
12557	1
12558	1
12560	2
12561	1
12562	1
12563	1
12571	1
12572	1
12574	1
12579	2
12581	1
12585	1
12586	1
12589	1
12594	1
12595	1
12599	1
12601	1
12602	1
12603	2
12606	2
12607	1
12608	2
12610	2
12611	1
12613	1
12614	1
12617	1
12620	1
12622	1
12623	1
12625	1
12627	1
12643	3
12644	1
12645	2
12650	2
12654	2
12658	1
12667	2
12668	1
12669	1
12670	1
12673	1
12675	1
12676	1
12679	2
12690	2
12694	2
12695	1
12697	1
12699	1
12702	3
12704	1
12705	2
12706	1
12708	1
12713	2
12716	1
12718	3
12719	1
12721	1
12723	1
12725	3
12727	1
12729	1
12731	2
12733	1
12735	1
12737	1
12740	1
12741	1
12743	1
12746	1
12748	1
12750	1
12753	1
12754	1
12755	2
12757	1
12758	1
12759	2
12762	2
12763	1
12765	1
12766	1
12767	1
12768	1
12771	1
12774	1
12778	1
12779	1
12780	1
12787	1
12788	1
12795	2
12799	1
12803	1
12809	1
12811	1
12812	1
12813	1
12821	1
12822	2
12823	1
12826	1
12828	2
12829	1
12831	1
12837	2
12841	1
12842	1
12845	1
12847	1
12849	1
12851	2
12855	2
12857	2
12865	2
12867	1
12868	1
12875	2
12876	1
12879	1
12881	1
12883	1
12886	1
12890	1
12893	1
12894	1
12898	1
12901	3
12910	2
12917	1
12919	2
12931	1
12933	1
12934	1
12937	1
12938	2
12942	1
12943	1
12946	1
12947	1
12950	2
12951	2
12952	1
12957	1
12958	1
12961	2
12963	1
12964	1
12966	1
12968	1
12969	1
12975	2
12976	2
12978	1
12984	1
12986	1
12988	1
12992	1
12993	1
12995	1
12999	1
13002	1
13004	1
13006	1
13007	1
13008	1
13010	1
13011	1
13013	1
13014	1
13018	2
13020	1
13025	1
13031	1
13032	1
13035	1
13036	1
13037	1
13039	1
13044	1
13046	2
13050	2
13051	1
13052	1
13059	2
13065	1
13068	2
13069	1
13070	1
13071	1
13072	1
13075	1
13077	2
13081	1
13082	1
13087	1
13090	3
13091	1
13093	1
13094	1
13107	1
13109	1
13111	1
13118	1
13119	1
13131	1
13135	1
13139	1
13142	2
13143	1
13144	1
13145	1
13146	1
13154	1
13156	1
13161	1
13164	2
13168	1
13177	1
13178	1
13182	2
13194	1
13195	1
13196	1
13198	1
13200	1
13207	2
13209	2
13217	2
13221	1
13222	1
13223	1
13225	2
13230	1
13233	1
13236	1
13240	1
13241	1
13242	1
13244	1
13247	1
13249	2
13251	1
13259	1
13262	2
13263	1
13264	1
13266	1
13267	1
13271	1
13272	1
13273	1
13277	1
13278	1
13284	1
13285	1
13288	1
13290	2
13293	1
13295	1
13296	1
13298	1
13302	1
13303	1
13308	1
13310	2
13314	1
13317	2
13319	1
13320	1
13327	1
13329	1
13334	1
13335	1
13339	1
13344	1
13346	1
13349	1
13352	1
13355	1
13363	1
13369	1
13370	1
13373	1
13376	1
13378	1
13379	1
13381	1
13382	1
13384	1
13387	1
13391	2
13392	2
13397	2
13399	1
13401	2
13411	1
13412	1
13415	1
13416	2
13419	1
13420	3
13421	2
13423	1
13425	1
13429	1
13430	1
13431	1
13435	1
13443	1
13447	1
13449	1
13453	1
13454	1
13455	1
13456	1
13460	1
13467	2
13471	1
13472	2
13478	2
13480	2
13483	1
13484	1
13488	2
13490	1
13494	1
13499	1
13505	1
13506	1
13510	1
13511	2
13517	1
13520	1
13522	1
13532	1
13535	1
13537	1
13543	1
13544	2
13548	1
13550	2
13555	1
13556	1
13561	1
13565	1
13566	1
13569	1
13575	1
13584	1
13585	1
13586	1
13591	1
13593	1
13595	1
13597	1
13605	1
13613	2
13615	1
13628	1
13629	1
13635	1
13641	1
13648	1
13651	1
13653	1
13657	1
13660	2
13669	2
13672	1
13673	2
13674	1
13678	1
13681	2
13684	1
13685	1
13689	1
13692	1
13693	2
13695	1
13696	1
13699	1
13709	1
13712	1
13713	2
13721	1
13728	1
13730	1
13731	1
13738	1
13740	1
13742	1
13754	1
13757	1
13759	1
13760	1
13765	1
13767	1
13768	1
13772	1
13774	1
13775	1
13781	1
13792	2
13801	1
13802	1
13804	1
13805	1
13807	1
13808	1
13810	1
13813	1
13822	2
13823	1
13824	1
13827	1
13828	1
13831	2
13834	1
13837	1
13838	1
13841	2
13845	2
13846	2
13850	1
13855	2
13858	2
13859	1
13860	1
13865	1
13867	1
13870	1
13873	1
13875	1
13876	1
13883	1
13884	1
13886	1
13890	1
13891	2
13892	1
13894	1
13896	1
13909	1
13916	1
13924	1
13930	1
13931	1
13935	1
13942	1
13944	1
13950	1
13961	2
13962	1
13964	1
13967	1
13969	1
13971	1
13974	1
13975	1
13976	1
13979	1
13988	1
13992	2
13993	1
13995	1
13998	1
14001	1
14002	1
14003	1
14005	3
14009	1
14011	1
14023	1
14029	1
14031	1
14034	1
14037	1
14039	1
14042	1
14046	1
14050	1
14057	1
14062	1
14070	1
14072	1
14073	1
14089	1
14094	1
14096	1
14100	1
14101	1
14106	1
14108	2
14113	1
14116	1
14124	2
14125	1
14127	1
14128	1
14129	2
14131	3
14132	1
14134	1
14137	1
14144	1
14147	1
14148	2
14152	1
14160	1
14163	1
14170	1
14172	1
14173	1
14176	1
14188	1
14190	1
14195	1
14199	1
14205	1
14210	1
14215	1
14218	1
14220	1
14223	2
14228	1
14230	1
14235	2
14237	1
14239	1
14242	1
14244	1
14246	1
14251	1
14252	1
14261	1
14266	2
14267	1
14269	1
14276	1
14282	1
14286	1
14290	1
14292	1
14293	2
14295	1
14298	1
14303	1
14304	2
14308	1
14324	1
14326	1
14328	1
14329	1
14336	1
14339	1
14343	1
14349	2
14352	1
14356	1
14360	1
14369	1
14370	1
14379	1
14380	1
14382	1
14385	1
14386	1
14395	1
14397	1
14399	1
14411	1
14415	1
14417	1
14419	1
14422	1
14426	2
14427	1
14433	1
14436	1
14451	1
14454	1
14460	1
14462	1
14463	1
14467	2
14468	2
14473	1
14475	1
14477	1
14489	1
14493	1
14496	2
14499	1
14504	1
14505	1
14507	2
14512	1
14514	1
14522	1
14523	1
14527	1
14532	1
14533	1
14538	1
14539	1
14541	1
14542	3
14545	1
14555	1
14558	1
14559	1
14560	1
14574	1
14579	1
14581	1
14583	1
14584	1
14590	1
14595	1
14598	1
14624	1
14628	1
14633	1
14634	1
14645	2
14664	2
14665	1
14671	1
14672	1
14678	1
14686	2
14688	1
14692	1
14696	2
14700	1
14701	1
14707	1
14725	1
14726	1
14729	1
14730	1
14739	1
14741	2
14746	1
14751	1
14754	1
14758	1
14765	1
14769	1
14771	1
14774	1
14775	1
14777	1
14781	1
14783	1
14784	1
14790	1
14794	1
14797	1
14800	1
14807	1
14811	1
14812	1
14815	1
14817	1
14844	1
14851	1
14853	1
14855	1
14863	1
14869	1
14870	1
14872	1
14876	1
14877	1
14880	1
14881	1
14889	1
14893	1
14895	1
14902	1
14910	1
14911	1
14918	1
14925	1
14928	1
14931	1
14934	3
14935	1
14938	1
14941	1
14942	1
14945	1
14949	1
14952	2
14955	1
14956	1
14957	1
14959	1
14965	1
14968	2
14970	3
14971	1
14972	1
14980	1
14982	1
14999	1
15007	1
15010	1
15015	1
15023	1
15028	1
15031	1
15032	1
15035	1
15036	2
15041	1
15048	1
15055	1
15058	1
15063	2
15073	2
15078	1
15081	1
15082	1
15086	1
15090	1
15096	1
15101	1
15103	1
15106	1
15107	1
15108	1
15110	1
15112	1
15120	1
15121	1
15125	1
15126	1
15127	1
15129	1
15130	1
15139	1
15140	1
15146	1
15149	2
15151	2
15155	1
15157	1
15159	1
15160	1
15161	1
15181	1
15185	1
15189	1
15193	1
15197	1
15198	1
15199	1
15202	1
15206	1
15212	1
15213	1
15214	1
15218	1
15221	1
15242	1
15245	1
15246	1
15254	1
15255	1
15256	1
15271	1
15272	1
15276	1
15280	1
15293	1
15313	1
15315	1
15324	1
15328	1
15329	1
15334	1
15347	1
15354	1
15358	1
15362	1
15369	1
15370	1
15371	1
15389	1
15398	1
15405	1
15411	1
15419	1
15421	1
15427	1
15432	1
15438	1
15443	1
15449	2
15453	1
15455	1
15460	1
15465	1
15475	1
15495	1
15500	2
15501	1
15503	1
15507	1
15516	2
15518	1
15519	1
15532	1
15535	1
15540	1
15553	1
15556	1
15567	1
15571	1
15575	1
15581	1
15584	1
15589	1
15592	1
15593	2
15596	2
15598	1
15612	1
15616	2
15617	2
15618	1
15620	1
15627	1
15635	1
15638	1
15640	1
15643	1
15645	1
15649	1
15655	1
15656	1
15659	1
15663	1
15667	1
15669	1
15673	1
15674	1
15675	1
15678	2
15697	1
15707	1
15708	1
15722	1
15730	1
15735	1
15739	1
15746	1
15749	1
15750	1
15751	1
15759	2
15768	1
15769	1
15770	1
15771	1
15774	1
15784	2
15785	2
15791	1
15799	1
15810	1
15817	1
15819	1
15827	1
15832	1
15836	1
15841	1
15847	1
15850	1
15868	1
15872	1
15873	1
15874	1
15875	1
15880	1
15892	1
15896	1
15910	1
15919	1
15920	1
15923	1
15932	1
15937	1
15938	1
15943	1
15949	1
15957	1
15959	1
15965	1
15977	1
15982	1
16001	2
16006	1
16011	1
16016	1
16017	1
16022	1
16023	1
16024	1
16026	1
16035	1
16036	1
16037	1
16040	1
16043	1
16044	1
16048	1
16049	1
16052	1
16061	1
16078	1
16080	1
16084	1
16088	1
16094	1
16096	1
16097	1
16098	1
16101	1
16102	1
16103	1
16106	1
16114	1
16115	1
16116	1
16120	1
16124	1
16128	1
16148	1
16151	1
16153	1
16158	1
16168	2
16169	1
16175	1
16180	1
16182	1
16197	1
16206	1
16207	1
16223	1
16227	1
16229	1
16233	1
16238	1
16239	1
16256	1
16259	1
16265	1
16270	1
16274	1
16279	1
16286	1
16288	1
16290	1
16304	1
16308	2
16318	1
16319	1
16335	1
16346	1
16351	1
16352	1
16355	1
16357	3
16364	1
16381	1
16400	1
16401	1
16406	2
16413	1
16414	1
16418	1
16430	1
16433	2
16436	1
16444	1
16450	1
16465	1
16468	1
16473	1
16506	1
16519	1
16530	1
16532	1
16533	1
16534	1
16535	1
16547	1
16548	1
16550	1
16553	1
16564	1
16565	1
16567	1
16576	1
16579	1
16587	1
16595	1
16599	1
16608	1
16611	1
16620	1
16624	1
16630	1
16632	1
16652	1
16654	1
16658	1
16659	1
16665	1
16673	1
16675	1
16681	1
16685	1
16686	1
16688	1
16696	1
16709	1
16725	1
16727	1
16737	1
16752	1
16760	2
16762	1
16764	1
16767	1
16771	2
16778	1
16780	1
16783	1
16785	1
16788	1
16792	1
16795	1
16796	1
16801	1
16822	1
16825	1
16828	2
16834	1
16837	1
16844	1
16845	1
16851	1
16855	1
16857	1
16860	2
16875	2
16878	1
16879	1
16882	1
16886	1
16890	1
16906	1
16910	1
16918	1
16920	2
16922	1
16923	1
16934	1
16938	1
16949	1
16953	1
16954	1
16988	1
16990	1
16991	1
16992	1
16993	1
16998	1
17011	1
17016	1
17021	1
17024	1
17033	2
17035	1
17041	1
17047	1
17052	1
17053	1
17068	1
17072	1
17074	1
17088	1
17097	1
17101	1
17129	1
17132	1
17134	1
17145	1
17154	1
17155	1
17176	1
17177	1
17178	1
17183	1
17196	1
17207	1
17209	1
17211	1
17224	1
17227	2
17231	1
17260	1
17269	1
17270	1
17275	1
17278	1
17290	1
17295	1
17300	1
17302	1
17317	1
17325	1
17353	1
17354	1
17360	1
17363	1
17370	1
17382	2
17385	1
17386	2
17387	1
17394	1
17397	1
17410	1
17414	2
17421	1
17453	1
17470	1
17474	1
17478	1
17485	1
17498	1
17500	1
17527	1
17531	1
17540	1
17543	1
17545	1
17552	1
17573	1
17579	1
17606	1
17614	1
17619	1
17636	1
17645	1
17651	1
17657	1
17668	2
17672	1
17673	1
17683	1
17695	1
17699	1
17706	1
17708	1
17714	1
17721	1
17732	1
17746	1
17748	1
17749	1
17763	1
17781	1
17815	1
17816	1
17818	1
17819	1
17834	1
17853	1
17854	1
17859	1
17866	1
17871	1
17893	1
17915	1
17936	1
17953	1
17966	1
17968	1
17973	1
17988	1
18001	1
18011	1
18026	1
18071	1
18077	1
18099	1
18116	2
18129	1
18134	1
18138	1
18152	1
18153	1
18162	2
18163	1
18192	1
18199	1
18216	1
18218	1
18230	1
18238	1
18241	1
18242	1
18245	1
18265	1
18271	1
18274	1
18275	1
18287	1
18293	1
18294	1
18301	1
18316	1
18343	1
18349	1
18375	1
18387	1
18406	1
18409	1
18413	1
18415	1
18423	1
18442	1
18452	1
18459	1
18463	1
18474	1
18480	1
18489	1
18502	2
18510	1
18512	1
18518	2
18537	1
18540	1
18553	1
18573	1
18581	1
18591	1
18592	1
18615	1
18618	1
18627	1
18630	1
18653	1
18679	1
18682	1
18683	1
18734	1
18735	1
18755	1
18759	1
18772	1
18775	1
18779	1
18790	1
18792	1
18807	1
18808	1
18823	1
18830	1
18835	1
18839	2
18856	1
18863	1
18884	1
18890	1
18895	1
18899	1
18913	1
18927	1
18932	1
18937	1
18946	2
18976	1
19007	1
19031	1
19038	1
19040	2
19060	1
19061	1
19072	2
19077	2
19082	1
19084	1
19113	2
19122	1
19125	1
19135	1
19148	1
19149	1
19150	1
19151	1
19160	1
19172	1
19180	1
19183	1
19187	1
19195	1
19196	1
19203	1
19210	1
19214	1
19255	1
19276	1
19283	1
19307	1
19324	1
19337	1
19354	1
19373	1
19392	1
19397	1
19423	1
19441	1
19450	1
19456	1
19481	1
19496	1
19498	1
19500	1
19514	1
19533	1
19549	1
19551	1
19554	1
19558	1
19564	1
19592	1
19614	1
19625	1
19657	1
19661	1
19668	1
19682	1
19707	1
19727	1
19733	1
19752	1
19760	1
19776	1
19795	1
19806	1
19816	1
19827	1
19867	1
19889	1
19890	1
19893	1
19919	1
19950	1
19955	1
19968	1
19975	1
19981	1
20003	1
20010	1
20024	1
20031	1
20032	1
20045	1
20052	1
20054	1
20055	1
20087	2
20104	1
20105	1
20112	1
20133	1
20154	1
20185	1
20193	1
20196	1
20199	1
20209	1
20215	1
20228	1
20299	1
20311	1
20319	1
20326	1
20331	1
20334	1
20343	1
20356	1
20377	1
20387	1
20397	1
20401	1
20407	1
20437	1
20457	1
20467	1
20488	1
20490	1
20497	1
20501	1
20537	1
20541	1
20546	1
20549	1
20560	1
20567	1
20568	1
20626	1
20655	1
20694	1
20711	1
20717	1
20765	1
20778	1
20788	1
20807	1
20837	1
20869	1
20878	1
20883	1
20890	1
20896	1
20915	1
20917	1
20932	1
20951	1
20955	1
20984	1
20992	1
21012	1
21023	1
21040	1
21051	1
21084	1
21101	1
21119	1
21126	1
21150	1
21159	1
21189	1
21191	1
21216	1
21243	1
21247	1
21259	1
21267	1
21296	1
21330	1
21382	1
21397	1
21404	1
21407	1
21442	1
21454	1
21470	1
21472	1
21480	1
21506	1
21529	1
21546	1
21561	1
21615	1
21625	1
21670	1
21715	1
21730	1
21731	2
21758	1
21761	1
21768	1
21790	1
21842	1
21845	1
21849	1
21868	1
21876	1
21906	1
21948	1
21962	1
21981	1
22009	1
22023	1
22040	1
22125	1
22159	1
22166	1
22175	1
22223	1
22226	1
22258	1
22296	1
22343	1
22370	1
22438	1
22442	1
22455	1
22456	1
22464	1
22487	1
22490	1
22582	1
22586	1
22642	1
22650	2
22685	1
22713	1
22743	1
22779	1
22803	1
22816	1
22884	1
22909	1
22923	1
22954	1
22967	1
23013	1
23031	1
23053	1
23070	1
23101	1
23107	1
23135	1
23136	1
23180	1
23198	1
23253	1
23262	1
23291	1
23312	1
23354	1
23401	1
23421	1
23437	1
23475	1
23508	1
23540	1
23573	1
23605	1
23614	1
23690	1
23691	1
23813	1
23819	1
23865	1
23906	1
23928	1
23952	1
23958	1
23986	1
24016	1
24051	1
24085	1
24107	1
24116	1
24139	2
24141	1
24298	1
24301	1
24332	1
24339	1
24410	1
24431	1
24438	1
24487	1
24493	1
24559	1
24581	1
24587	1
24677	2
24678	1
24689	1
24820	1
24843	1
24887	1
24896	1
24915	1
24984	1
25001	1
25037	1
25041	1
25065	1
25213	1
25236	1
25238	1
25519	1
25668	1
25704	1
25715	1
25761	1
25803	1
25868	1
25902	1
25915	1
25932	1
26068	1
26126	1
26145	1
26223	2
26252	1
26316	1
26334	1
26379	1
26482	1
26522	1
26555	1
26562	1
26678	1
26680	1
26692	1
26746	1
26856	1
26860	1
26978	1
27015	1
27033	1
27037	1
27088	1
27184	1
27297	1
27401	1
27491	1
27510	1
27901	1
27954	1
28027	1
28303	1
28321	1
28361	1
28444	1
28515	1
28528	1
28641	1
28762	1
28782	1
28793	1
28925	1
28948	1
28956	1
29032	1
29420	1
29492	1
29600	1
29642	1
29644	1
29754	1
29760	1
29838	1
30005	1
30024	1
30068	1
30230	1
30305	1
30439	1
30481	1
31090	1
31317	1
31357	1
31607	1
31616	1
32093	1
32396	1
32397	1
32525	1
32557	1
32804	1
33147	1
33251	1
33587	1
33750	1
34252	1
34389	1
34786	1
34797	1
35279	1
35463	1
35597	1
35898	1
35995	1
36244	1
36363	1
37301	1
37706	1
37780	1
38141	1
38731	1
38980	1
39648	1
39874	1
41589	1
42149	1
42545	1
43623	1
44205	1
44220	1
44359	1
44436	1
44473	1
44595	1
45199	1
48763	1
48915	1
50581	1
50631	1
51089	1
51559	1
55927	1
60108	1
61093	1
66229	1
73792	1
78383	1
100263	1
100771	1
100819	1
106083	1
183843	1
3010629	1
