fragment_length	frequency
82	41
83	24
84	27
85	26
86	35
87	27
88	34
89	48
90	34
91	28
92	36
93	22
94	16
95	25
96	24
97	31
98	26
99	16
100	14
101	23
102	13
103	23
104	20
105	19
106	21
107	22
108	26
109	15
110	12
111	11
112	19
113	18
114	20
115	21
116	14
117	9
118	16
119	21
120	14
121	27
122	20
123	11
124	12
125	13
126	19
127	20
128	20
129	17
130	21
131	16
132	12
133	19
134	16
135	13
136	23
137	19
138	11
139	27
140	20
141	17
142	17
143	20
144	9
145	17
146	15
147	20
148	9
149	13
150	15
151	22
152	22
153	18
154	12
155	13
156	9
157	13
158	13
159	16
160	24
161	15
162	11
163	24
164	17
165	17
166	13
167	22
168	14
169	20
170	18
171	17
172	12
173	18
174	12
175	22
176	21
177	12
178	32
179	20
180	13
181	11
182	21
183	22
184	17
185	9
186	9
187	20
188	17
189	16
190	15
191	10
192	5
193	21
194	14
195	19
196	17
197	11
198	15
199	19
200	19
201	19
202	11
203	17
204	19
205	14
206	15
207	14
208	11
209	18
210	14
211	18
212	12
213	14
214	19
215	24
216	36
217	10
218	9
219	13
220	14
221	8
222	21
223	15
224	14
225	10
226	12
227	16
228	15
229	16
230	16
231	9
232	13
233	14
234	20
235	21
236	16
237	18
238	13
239	12
240	21
241	17
242	22
243	14
244	16
245	21
246	15
247	14
248	19
249	7
250	14
251	16
252	17
253	17
254	17
255	12
256	9
257	12
258	17
259	14
260	19
261	18
262	18
263	12
264	18
265	11
266	11
267	10
268	15
269	19
270	18
271	13
272	15
273	14
274	20
275	15
276	19
277	12
278	12
279	22
280	20
281	11
282	15
283	20
284	15
285	16
286	14
287	16
288	14
289	12
290	16
291	12
292	10
293	8
294	17
295	8
296	17
297	18
298	17
299	18
300	8
301	19
302	15
303	11
304	13
305	8
306	17
307	10
308	10
309	20
310	15
311	12
312	15
313	20
314	22
315	21
316	15
317	10
318	12
319	12
320	16
321	21
322	12
323	21
324	15
325	16
326	18
327	12
328	16
329	16
330	19
331	16
332	20
333	18
334	9
335	17
336	13
337	10
338	26
339	17
340	16
341	17
342	15
343	17
344	14
345	11
346	11
347	16
348	19
349	17
350	10
351	14
352	16
353	20
354	11
355	24
356	12
357	15
358	12
359	19
360	16
361	13
362	16
363	12
364	14
365	13
366	25
367	16
368	16
369	18
370	12
371	11
372	20
373	14
374	5
375	12
376	17
377	14
378	17
379	20
380	15
381	10
382	15
383	21
384	13
385	9
386	12
387	19
388	12
389	18
390	10
391	12
392	18
393	15
394	12
395	11
396	19
397	16
398	16
399	10
400	19
401	13
402	14
403	15
404	11
405	13
406	15
407	16
408	12
409	18
410	21
411	13
412	17
413	16
414	18
415	11
416	11
417	17
418	18
419	14
420	7
421	17
422	15
423	8
424	12
425	9
426	12
427	13
428	12
429	14
430	10
431	15
432	20
433	8
434	8
435	10
436	12
437	13
438	8
439	16
440	8
441	18
442	9
443	12
444	14
445	16
446	18
447	7
448	14
449	9
450	9
451	11
452	9
453	15
454	15
455	11
456	11
457	11
458	9
459	13
460	11
461	9
462	8
463	20
464	7
465	14
466	5
467	9
468	9
469	15
470	11
471	10
472	8
473	11
474	20
475	11
476	10
477	14
478	14
479	9
480	9
481	14
482	8
483	11
484	10
485	11
486	9
487	8
488	12
489	8
490	15
491	22
492	11
493	15
494	8
495	13
496	8
497	9
498	17
499	15
500	10
501	17
502	14
503	11
504	11
505	8
506	14
507	20
508	9
509	14
510	12
511	9
512	14
513	11
514	13
515	12
516	9
517	11
518	13
519	17
520	14
521	11
522	8
523	20
524	17
525	9
526	13
527	9
528	12
529	11
530	20
531	9
532	7
533	16
534	10
535	17
536	17
537	13
538	16
539	11
540	10
541	13
542	14
543	7
544	16
545	11
546	16
547	14
548	18
549	13
550	16
551	7
552	12
553	10
554	19
555	10
556	14
557	9
558	11
559	8
560	7
561	16
562	8
563	11
564	11
565	12
566	19
567	11
568	13
569	16
570	12
571	15
572	15
573	13
574	19
575	15
576	7
577	13
578	16
579	17
580	10
581	13
582	10
583	11
584	12
585	7
586	10
587	8
588	9
589	9
590	4
591	7
592	9
593	8
594	6
595	12
596	5
597	12
598	12
599	15
600	9
601	11
602	14
603	7
604	11
605	11
606	10
607	17
608	11
609	9
610	9
611	9
612	12
613	13
614	7
615	16
616	14
617	9
618	7
619	8
620	7
621	10
622	8
623	7
624	11
625	12
626	13
627	11
628	11
629	16
630	12
631	10
632	7
633	13
634	11
635	13
636	11
637	4
638	18
639	15
640	16
641	9
642	13
643	12
644	8
645	16
646	8
647	12
648	7
649	6
650	13
651	13
652	6
653	10
654	13
655	7
656	3
657	8
658	18
659	10
660	6
661	15
662	12
663	6
664	13
665	16
666	9
667	6
668	12
669	15
670	17
671	12
672	19
673	10
674	8
675	11
676	12
677	11
678	11
679	11
680	11
681	14
682	16
683	12
684	7
685	4
686	11
687	12
688	8
689	7
690	14
691	9
692	17
693	10
694	14
695	14
696	12
697	11
698	10
699	7
700	13
701	9
702	10
703	4
704	9
705	14
706	9
707	12
708	9
709	8
710	10
711	13
712	8
713	14
714	14
715	15
716	9
717	7
718	14
719	12
720	7
721	15
722	7
723	14
724	13
725	9
726	8
727	11
728	11
729	13
730	8
731	12
732	17
733	10
734	8
735	13
736	6
737	18
738	15
739	11
740	11
741	12
742	9
743	11
744	6
745	6
746	11
747	11
748	10
749	13
750	9
751	9
752	12
753	11
754	13
755	14
756	15
757	12
758	4
759	17
760	11
761	9
762	15
763	10
764	14
765	9
766	12
767	11
768	16
769	18
770	11
771	8
772	12
773	10
774	14
775	10
776	7
777	6
778	6
779	9
780	16
781	11
782	6
783	10
784	8
785	12
786	16
787	9
788	14
789	10
790	7
791	12
792	3
793	10
794	14
795	13
796	11
797	8
798	11
799	10
800	11
801	14
802	14
803	9
804	12
805	9
806	11
807	8
808	19
809	13
810	17
811	8
812	8
813	6
814	18
815	13
816	13
817	8
818	15
819	14
820	15
821	14
822	11
823	10
824	16
825	17
826	8
827	8
828	8
829	16
830	6
831	12
832	16
833	9
834	9
835	14
836	8
837	12
838	10
839	8
840	10
841	13
842	11
843	10
844	11
845	8
846	7
847	8
848	13
849	10
850	10
851	12
852	5
853	10
854	10
855	6
856	10
857	15
858	11
859	12
860	8
861	16
862	18
863	9
864	7
865	10
866	12
867	18
868	9
869	16
870	11
871	6
872	4
873	12
874	10
875	12
876	14
877	7
878	13
879	14
880	11
881	10
882	10
883	11
884	9
885	13
886	11
887	10
888	12
889	8
890	16
891	10
892	11
893	8
894	11
895	11
896	10
897	9
898	9
899	19
900	12
901	11
902	11
903	5
904	8
905	12
906	9
907	9
908	9
909	13
910	7
911	10
912	10
913	8
914	15
915	13
916	5
917	13
918	10
919	9
920	6
921	8
922	8
923	9
924	11
925	11
926	7
927	9
928	9
929	10
930	6
931	10
932	10
933	14
934	8
935	4
936	7
937	12
938	5
939	10
940	13
941	10
942	9
943	10
944	8
945	9
946	13
947	17
948	11
949	12
950	6
951	6
952	8
953	16
954	11
955	7
956	12
957	8
958	11
959	11
960	8
961	9
962	8
963	7
964	6
965	10
966	9
967	16
968	10
969	7
970	10
971	9
972	13
973	9
974	6
975	5
976	12
977	18
978	4
979	7
980	7
981	11
982	8
983	10
984	5
985	12
986	10
987	8
988	9
989	9
990	9
991	8
992	10
993	6
994	18
995	13
996	8
997	11
998	8
999	10
1000	11
1001	9
1002	11
1003	3
1004	10
1005	8
1006	10
1007	7
1008	10
1009	11
1010	11
1011	6
1012	15
1013	11
1014	11
1015	8
1016	13
1017	19
1018	11
1019	11
1020	11
1021	5
1022	7
1023	16
1024	4
1025	13
1026	14
1027	8
1028	9
1029	10
1030	6
1031	5
1032	9
1033	9
1034	15
1035	8
1036	12
1037	10
1038	14
1039	11
1040	10
1041	5
1042	14
1043	10
1044	10
1045	11
1046	10
1047	8
1048	10
1049	13
1050	5
1051	10
1052	9
1053	9
1054	14
1055	6
1056	9
1057	11
1058	14
1059	14
1060	9
1061	9
1062	13
1063	17
1064	12
1065	8
1066	4
1067	8
1068	6
1069	13
1070	9
1071	4
1072	10
1073	6
1074	6
1075	10
1076	12
1077	13
1078	9
1079	12
1080	8
1081	8
1082	14
1083	11
1084	6
1085	11
1086	6
1087	10
1088	5
1089	8
1090	7
1091	9
1092	8
1093	7
1094	11
1095	6
1096	9
1097	12
1098	8
1099	12
1100	9
1101	10
1102	5
1103	12
1104	4
1105	9
1106	13
1107	7
1108	11
1109	8
1110	11
1111	5
1112	6
1113	10
1114	11
1115	10
1116	13
1117	12
1118	12
1119	12
1120	13
1121	6
1122	11
1123	14
1124	7
1125	11
1126	11
1127	9
1128	9
1129	7
1130	20
1131	12
1132	7
1133	11
1134	10
1135	9
1136	10
1137	15
1138	8
1139	11
1140	12
1141	7
1142	11
1143	7
1144	8
1145	9
1146	13
1147	9
1148	7
1149	13
1150	15
1151	11
1152	6
1153	13
1154	9
1155	8
1156	7
1157	9
1158	4
1159	10
1160	7
1161	8
1162	7
1163	7
1164	6
1165	10
1166	12
1167	8
1168	9
1169	12
1170	9
1171	14
1172	10
1173	9
1174	11
1175	3
1176	7
1177	11
1178	10
1179	11
1180	8
1181	8
1182	9
1183	6
1184	13
1185	5
1186	12
1187	4
1188	10
1189	11
1190	10
1191	12
1192	13
1193	7
1194	14
1195	6
1196	12
1197	12
1198	14
1199	10
1200	10
1201	11
1202	8
1203	4
1204	10
1205	13
1206	6
1207	7
1208	9
1209	11
1210	8
1211	4
1212	12
1213	10
1214	9
1215	8
1216	7
1217	10
1218	6
1219	10
1220	7
1221	15
1222	10
1223	6
1224	9
1225	7
1226	5
1227	5
1228	10
1229	8
1230	16
1231	7
1232	12
1233	8
1234	12
1235	15
1236	8
1237	8
1238	7
1239	16
1240	13
1241	11
1242	17
1243	9
1244	3
1245	7
1246	8
1247	8
1248	12
1249	14
1250	7
1251	11
1252	10
1253	10
1254	5
1255	9
1256	5
1257	7
1258	12
1259	9
1260	4
1261	8
1262	8
1263	8
1264	11
1265	12
1266	8
1267	13
1268	8
1269	9
1270	13
1271	8
1272	12
1273	11
1274	10
1275	14
1276	14
1277	13
1278	12
1279	6
1280	8
1281	5
1282	13
1283	13
1284	8
1285	11
1286	12
1287	8
1288	9
1289	12
1290	14
1291	8
1292	4
1293	10
1294	7
1295	6
1296	9
1297	10
1298	11
1299	10
1300	12
1301	9
1302	6
1303	4
1304	11
1305	11
1306	10
1307	6
1308	8
1309	8
1310	10
1311	9
1312	12
1313	9
1314	4
1315	10
1316	12
1317	10
1318	7
1319	4
1320	7
1321	8
1322	8
1323	8
1324	11
1325	9
1326	9
1327	8
1328	8
1329	10
1330	8
1331	7
1332	5
1333	10
1334	11
1335	8
1336	12
1337	14
1338	5
1339	6
1340	5
1341	5
1342	6
1343	6
1344	8
1345	14
1346	6
1347	9
1348	6
1349	9
1350	8
1351	6
1352	9
1353	8
1354	12
1355	11
1356	8
1357	2
1358	7
1359	10
1360	12
1361	9
1362	4
1363	11
1364	4
1365	13
1366	13
1367	14
1368	7
1369	6
1370	9
1371	12
1372	3
1373	7
1374	13
1375	12
1376	7
1377	7
1378	8
1379	9
1380	8
1381	9
1382	8
1383	7
1384	7
1385	8
1386	4
1387	5
1388	8
1389	11
1390	6
1391	6
1392	9
1393	9
1394	5
1395	8
1396	6
1397	11
1398	5
1399	7
1400	11
1401	5
1402	11
1403	12
1404	8
1405	7
1406	10
1407	6
1408	12
1409	13
1410	6
1411	7
1412	6
1413	12
1414	9
1415	12
1416	3
1417	10
1418	11
1419	8
1420	13
1421	9
1422	7
1423	8
1424	8
1425	12
1426	7
1427	9
1428	8
1429	5
1430	6
1431	10
1432	3
1433	12
1434	5
1435	12
1436	7
1437	6
1438	17
1439	8
1440	10
1441	10
1442	6
1443	7
1444	6
1445	8
1446	11
1447	10
1448	9
1449	9
1450	9
1451	8
1452	5
1453	3
1454	4
1455	10
1456	8
1457	8
1458	11
1459	8
1460	7
1461	8
1462	10
1463	11
1464	8
1465	14
1466	6
1467	6
1468	9
1469	4
1470	7
1471	9
1472	12
1473	8
1474	8
1475	16
1476	8
1477	5
1478	9
1479	6
1480	11
1481	5
1482	6
1483	8
1484	4
1485	4
1486	9
1487	9
1488	12
1489	11
1490	14
1491	8
1492	7
1493	7
1494	3
1495	9
1496	7
1497	10
1498	8
1499	10
1500	8
1501	8
1502	11
1503	15
1504	4
1505	8
1506	15
1507	7
1508	9
1509	5
1510	11
1511	12
1512	11
1513	7
1514	13
1515	9
1516	9
1517	14
1518	8
1519	14
1520	7
1521	9
1522	8
1523	12
1524	12
1525	6
1526	3
1527	6
1528	6
1529	10
1530	2
1531	10
1532	6
1533	11
1534	7
1535	12
1536	10
1537	4
1538	9
1539	6
1540	6
1541	4
1542	8
1543	5
1544	13
1545	7
1546	6
1547	7
1548	10
1549	6
1550	10
1551	11
1552	14
1553	9
1554	6
1555	10
1556	5
1557	8
1558	11
1559	10
1560	5
1561	7
1562	8
1563	5
1564	10
1565	10
1566	8
1567	6
1568	4
1569	9
1570	10
1571	8
1572	5
1573	7
1574	7
1575	4
1576	6
1577	9
1578	3
1579	9
1580	6
1581	7
1582	7
1583	7
1584	10
1585	6
1586	8
1587	11
1588	4
1589	10
1590	9
1591	5
1592	8
1593	5
1594	7
1595	8
1596	8
1597	9
1598	10
1599	8
1600	6
1601	9
1602	5
1603	6
1604	8
1605	10
1606	9
1607	13
1608	6
1609	8
1610	5
1611	9
1612	5
1613	10
1614	8
1615	11
1616	9
1617	8
1618	9
1619	9
1620	7
1621	11
1622	8
1623	9
1624	3
1625	8
1626	9
1627	6
1628	9
1629	14
1630	13
1631	5
1632	6
1633	6
1634	9
1635	2
1636	6
1637	7
1638	7
1639	10
1640	9
1641	10
1642	9
1643	3
1644	14
1645	13
1646	6
1647	11
1648	5
1649	10
1650	3
1651	8
1652	4
1653	5
1654	7
1655	7
1656	10
1657	6
1658	6
1659	4
1660	8
1661	5
1662	7
1663	14
1664	15
1665	12
1666	8
1667	9
1668	13
1669	11
1670	15
1671	10
1672	6
1673	5
1674	12
1675	6
1676	9
1677	7
1678	11
1679	8
1680	5
1681	9
1682	8
1683	8
1684	4
1685	5
1686	7
1687	9
1688	10
1689	8
1690	7
1691	12
1692	5
1693	6
1694	7
1695	3
1696	8
1697	5
1698	4
1699	10
1700	9
1701	10
1702	7
1703	9
1704	11
1705	6
1706	8
1707	9
1708	5
1709	5
1710	9
1711	9
1712	7
1713	5
1714	6
1715	10
1716	8
1717	6
1718	9
1719	13
1720	5
1721	6
1722	6
1723	10
1724	10
1725	8
1726	9
1727	8
1728	10
1729	4
1730	5
1731	8
1732	10
1733	3
1734	3
1735	9
1736	10
1737	2
1738	8
1739	10
1740	6
1741	4
1742	9
1743	12
1744	8
1745	10
1746	5
1747	4
1748	11
1749	7
1750	8
1751	11
1752	13
1753	14
1754	8
1755	7
1756	10
1757	8
1758	7
1759	6
1760	8
1761	10
1762	3
1763	7
1764	12
1765	11
1766	8
1767	6
1768	7
1769	10
1770	10
1771	6
1772	7
1773	8
1774	7
1775	14
1776	6
1777	6
1778	15
1779	6
1780	6
1781	11
1782	9
1783	13
1784	8
1785	6
1786	5
1787	5
1788	7
1789	12
1790	9
1791	7
1792	5
1793	7
1794	12
1795	14
1796	6
1797	7
1798	5
1799	10
1800	7
1801	3
1802	13
1803	9
1804	5
1805	3
1806	3
1807	6
1808	7
1809	5
1810	10
1811	6
1812	7
1813	11
1814	8
1815	5
1816	10
1817	6
1818	5
1819	11
1820	9
1821	4
1822	10
1823	9
1824	9
1825	8
1826	10
1827	10
1828	3
1829	5
1830	4
1831	7
1832	6
1833	9
1834	5
1835	7
1836	7
1837	8
1838	12
1839	4
1840	6
1841	2
1842	6
1843	12
1844	10
1845	9
1846	10
1847	9
1848	11
1849	7
1850	2
1851	7
1852	6
1853	10
1854	6
1855	11
1856	6
1857	4
1858	3
1859	6
1860	8
1861	8
1862	7
1863	7
1864	7
1865	9
1866	6
1867	8
1868	9
1869	8
1870	6
1871	7
1872	11
1873	6
1874	6
1875	6
1876	10
1877	9
1878	11
1879	5
1880	5
1881	6
1882	8
1883	8
1884	12
1885	5
1886	8
1887	13
1888	2
1889	4
1890	13
1891	7
1892	11
1893	7
1894	4
1895	13
1896	6
1897	6
1898	6
1899	9
1900	8
1901	11
1902	5
1903	3
1904	10
1905	5
1906	7
1907	9
1908	8
1909	14
1910	3
1911	7
1912	9
1913	4
1914	8
1915	6
1916	6
1917	7
1918	4
1919	8
1920	7
1921	10
1922	6
1923	5
1924	6
1925	4
1926	7
1927	8
1928	8
1929	9
1930	7
1931	2
1932	7
1933	4
1934	9
1935	13
1936	11
1937	7
1938	6
1939	5
1940	10
1941	10
1942	7
1943	4
1944	6
1945	5
1946	8
1947	4
1948	4
1949	5
1950	9
1951	5
1952	8
1953	9
1954	6
1955	4
1956	11
1957	6
1958	9
1959	7
1960	5
1961	11
1962	7
1963	9
1964	7
1965	6
1966	6
1967	8
1968	4
1969	7
1970	8
1971	11
1972	6
1973	8
1974	10
1975	9
1976	14
1977	8
1978	8
1979	11
1980	7
1981	2
1982	8
1983	13
1984	9
1985	9
1986	7
1987	8
1988	8
1989	14
1990	5
1991	11
1992	8
1993	6
1994	4
1995	8
1996	9
1997	8
1998	8
1999	7
2000	9
2001	7
2002	8
2003	9
2004	11
2005	3
2006	9
2007	6
2008	5
2009	4
2010	9
2011	10
2012	6
2013	6
2014	10
2015	4
2016	6
2017	6
2018	2
2019	6
2020	6
2021	4
2022	10
2023	7
2024	7
2025	9
2026	9
2027	7
2028	4
2029	8
2030	8
2031	8
2032	7
2033	5
2034	10
2035	7
2036	8
2037	8
2038	4
2039	14
2040	6
2041	7
2042	5
2043	12
2044	11
2045	11
2046	3
2047	2
2048	6
2049	6
2050	7
2051	2
2052	7
2053	5
2054	7
2055	10
2056	11
2057	5
2058	9
2059	11
2060	5
2061	10
2062	12
2063	8
2064	8
2065	10
2066	9
2067	8
2068	11
2069	4
2070	6
2071	8
2072	7
2073	9
2074	8
2075	6
2076	6
2077	5
2078	6
2079	6
2080	6
2081	4
2082	8
2083	6
2084	5
2085	5
2086	11
2087	8
2088	6
2089	10
2090	7
2091	9
2092	10
2093	9
2094	12
2095	6
2096	2
2097	6
2098	7
2099	6
2100	5
2101	9
2102	8
2103	8
2104	6
2105	6
2106	10
2107	7
2108	7
2109	6
2110	10
2111	5
2112	4
2113	7
2114	5
2115	10
2116	10
2117	6
2118	5
2119	5
2120	7
2121	3
2122	6
2123	5
2124	6
2125	8
2126	14
2127	5
2128	3
2129	8
2130	5
2131	7
2132	7
2133	10
2134	13
2135	6
2136	5
2137	7
2138	7
2139	7
2140	9
2141	7
2142	6
2143	1
2144	6
2145	2
2146	5
2147	8
2148	8
2149	4
2150	10
2151	4
2152	3
2153	4
2154	8
2155	9
2156	3
2157	10
2158	2
2159	9
2160	5
2161	7
2162	11
2163	5
2164	8
2165	10
2166	10
2167	13
2168	6
2169	3
2170	6
2171	7
2172	10
2173	8
2174	8
2175	7
2176	4
2177	6
2178	9
2179	4
2180	4
2181	5
2182	7
2183	8
2184	4
2185	5
2186	5
2187	6
2188	8
2189	10
2190	9
2191	5
2192	6
2193	4
2194	7
2195	9
2196	8
2197	9
2198	8
2199	7
2200	13
2201	4
2202	3
2203	5
2204	8
2205	3
2206	3
2207	7
2208	3
2209	10
2210	5
2211	7
2212	7
2213	5
2214	5
2215	5
2216	4
2217	7
2218	9
2219	6
2220	3
2221	7
2222	5
2223	9
2224	4
2225	9
2226	9
2227	7
2228	7
2229	6
2230	7
2231	7
2232	9
2233	8
2234	8
2235	3
2236	6
2237	7
2238	4
2239	2
2240	6
2241	8
2242	6
2243	8
2244	4
2245	5
2246	12
2247	15
2248	5
2249	14
2250	10
2251	6
2252	5
2253	3
2254	6
2255	8
2256	6
2257	10
2258	9
2259	6
2260	5
2261	8
2262	6
2263	3
2264	4
2265	6
2266	3
2267	5
2268	7
2269	9
2270	12
2271	7
2272	3
2273	7
2274	11
2275	4
2276	6
2277	2
2278	8
2279	7
2280	6
2281	3
2282	4
2283	10
2284	8
2285	7
2286	12
2287	4
2288	6
2289	9
2290	5
2291	8
2292	6
2293	5
2294	3
2295	7
2296	9
2297	3
2298	11
2299	6
2300	5
2301	6
2302	5
2303	8
2304	9
2305	7
2306	10
2307	5
2308	6
2309	10
2310	6
2311	8
2312	3
2313	4
2314	5
2315	3
2316	9
2317	9
2318	11
2319	3
2320	2
2321	6
2322	7
2323	7
2324	7
2325	4
2326	4
2327	4
2328	3
2329	7
2330	4
2331	3
2332	4
2333	4
2334	5
2335	4
2336	5
2337	5
2338	5
2339	6
2340	4
2341	6
2342	2
2343	1
2344	8
2345	5
2346	5
2347	7
2348	4
2349	10
2350	9
2351	7
2352	8
2353	2
2354	6
2355	8
2356	3
2357	4
2358	7
2359	5
2360	7
2361	4
2362	5
2363	6
2364	3
2365	5
2366	6
2367	6
2368	12
2369	6
2370	7
2371	8
2372	5
2373	7
2374	7
2375	10
2376	3
2377	6
2378	1
2379	7
2380	5
2381	10
2382	3
2383	7
2384	5
2385	4
2386	7
2387	8
2388	7
2389	5
2390	9
2391	7
2392	6
2393	4
2394	9
2395	4
2396	4
2397	10
2398	7
2399	6
2400	3
2401	8
2402	9
2403	8
2404	5
2405	5
2406	2
2407	10
2408	7
2409	8
2410	6
2411	8
2412	3
2413	10
2414	4
2415	6
2416	5
2417	6
2418	3
2419	9
2420	7
2421	4
2422	8
2423	5
2424	2
2425	8
2426	4
2427	7
2428	4
2429	11
2430	4
2431	5
2432	5
2433	10
2434	6
2435	4
2436	5
2437	4
2438	4
2439	7
2440	7
2441	10
2442	9
2443	4
2444	5
2445	7
2446	7
2447	6
2448	7
2449	7
2450	8
2451	8
2452	9
2453	4
2454	3
2455	9
2456	5
2457	10
2458	12
2459	5
2460	3
2461	6
2462	2
2463	6
2464	5
2465	6
2466	11
2467	1
2468	7
2469	3
2470	6
2471	8
2472	9
2473	4
2474	4
2475	5
2476	8
2477	6
2478	7
2479	8
2480	13
2481	6
2482	7
2483	7
2484	4
2485	5
2486	11
2487	7
2488	7
2489	10
2490	6
2491	11
2492	7
2493	5
2494	6
2495	3
2496	7
2497	7
2498	6
2499	7
2500	8
2501	3
2502	6
2503	12
2504	5
2505	9
2506	7
2507	4
2508	3
2509	6
2510	7
2511	3
2512	6
2513	7
2514	4
2515	4
2516	5
2517	4
2518	7
2519	8
2520	8
2521	4
2522	4
2523	6
2524	8
2525	4
2526	7
2527	7
2528	9
2529	6
2530	5
2531	4
2532	5
2533	3
2534	7
2535	4
2536	5
2537	9
2538	7
2539	7
2540	4
2541	10
2542	7
2543	7
2544	3
2545	7
2546	7
2547	3
2548	3
2549	7
2550	8
2551	3
2552	6
2553	1
2554	10
2555	3
2556	3
2557	7
2558	5
2559	6
2560	8
2561	4
2562	5
2563	6
2564	8
2565	8
2566	6
2567	3
2568	7
2569	4
2570	9
2571	8
2572	3
2573	9
2574	4
2575	5
2576	4
2577	9
2578	5
2579	4
2580	6
2581	1
2582	5
2583	4
2584	2
2585	12
2586	1
2587	6
2588	5
2589	8
2590	5
2591	3
2592	4
2593	7
2594	7
2595	8
2596	4
2597	11
2598	11
2599	5
2600	3
2601	8
2602	11
2603	7
2604	3
2605	4
2606	8
2607	6
2608	10
2609	5
2610	8
2612	6
2613	8
2614	5
2615	5
2616	4
2617	10
2618	5
2619	9
2620	2
2621	7
2622	8
2623	9
2624	6
2625	3
2626	2
2627	1
2628	3
2629	6
2630	6
2631	7
2632	6
2633	5
2634	5
2635	5
2636	12
2637	5
2638	8
2639	4
2640	5
2641	5
2642	5
2643	5
2644	6
2645	7
2646	5
2647	7
2648	9
2649	3
2650	9
2651	6
2652	8
2653	7
2654	8
2655	8
2656	9
2657	3
2658	6
2659	6
2660	3
2661	4
2662	5
2663	10
2664	8
2665	7
2666	2
2667	7
2668	7
2669	4
2670	8
2671	2
2672	9
2673	5
2674	14
2675	6
2676	7
2677	7
2678	8
2679	4
2680	3
2681	9
2682	3
2683	5
2684	3
2685	4
2686	5
2687	5
2688	5
2689	11
2690	3
2691	6
2692	7
2693	3
2694	3
2695	10
2696	2
2697	5
2698	6
2699	7
2700	7
2701	3
2702	5
2703	9
2704	7
2705	5
2706	8
2707	4
2708	5
2709	2
2710	4
2711	4
2712	3
2713	4
2714	8
2715	2
2716	4
2717	5
2718	4
2720	2
2721	8
2722	6
2723	10
2724	5
2725	7
2726	3
2727	6
2728	6
2729	3
2730	5
2731	4
2732	2
2733	3
2734	4
2735	6
2736	4
2737	5
2738	5
2739	1
2740	4
2741	5
2742	8
2743	5
2744	10
2745	2
2746	3
2747	5
2748	8
2749	4
2750	7
2751	7
2752	8
2753	7
2754	8
2755	2
2756	3
2757	8
2758	11
2759	6
2760	4
2761	5
2762	4
2763	9
2764	3
2765	4
2766	3
2767	6
2768	4
2769	6
2770	6
2771	9
2772	4
2773	7
2774	5
2775	5
2776	8
2777	4
2778	1
2779	4
2780	4
2781	4
2782	3
2783	4
2784	10
2785	2
2786	10
2787	2
2788	11
2789	5
2790	6
2792	6
2793	9
2794	8
2795	5
2796	10
2797	1
2798	5
2799	6
2800	4
2801	4
2802	4
2803	1
2804	4
2805	6
2806	7
2807	7
2808	5
2809	6
2810	6
2811	7
2812	7
2813	7
2814	6
2815	2
2816	8
2817	11
2818	11
2819	4
2820	7
2821	6
2822	2
2823	6
2824	6
2825	8
2826	11
2827	1
2828	1
2829	5
2830	9
2831	7
2832	6
2833	9
2834	9
2835	8
2836	5
2837	1
2838	6
2839	4
2840	7
2841	14
2842	3
2843	7
2844	2
2845	4
2846	3
2847	5
2848	5
2849	8
2850	4
2851	5
2852	1
2853	5
2854	2
2855	6
2856	11
2857	3
2858	5
2859	8
2860	3
2861	7
2862	7
2863	6
2864	9
2865	7
2866	1
2867	4
2868	7
2869	4
2870	8
2871	7
2872	7
2873	4
2874	6
2875	5
2876	1
2877	3
2878	4
2879	8
2880	3
2881	5
2882	8
2883	6
2884	1
2885	6
2886	6
2887	6
2888	6
2889	9
2890	11
2891	4
2892	9
2893	4
2894	4
2895	5
2896	2
2897	11
2898	2
2899	5
2900	6
2901	9
2902	2
2903	6
2904	4
2905	5
2906	8
2907	7
2908	7
2909	3
2910	8
2911	9
2912	8
2913	5
2914	5
2915	2
2916	9
2917	3
2918	4
2919	7
2920	5
2921	8
2922	9
2923	7
2924	8
2925	4
2926	7
2927	4
2928	9
2929	6
2930	5
2931	7
2932	5
2933	3
2934	4
2935	7
2936	2
2937	1
2938	4
2939	4
2940	3
2941	6
2942	7
2943	5
2944	8
2945	5
2946	4
2947	3
2948	6
2949	6
2950	3
2951	5
2952	5
2953	5
2954	6
2955	5
2956	3
2957	4
2958	5
2959	4
2960	2
2961	3
2962	6
2963	2
2964	3
2965	3
2966	7
2967	4
2968	4
2969	4
2970	3
2971	4
2972	3
2973	7
2974	2
2975	7
2976	4
2977	8
2978	4
2979	6
2980	5
2981	5
2982	8
2983	2
2984	3
2985	4
2986	2
2987	3
2988	5
2989	7
2990	4
2991	8
2992	5
2993	9
2994	6
2995	3
2996	5
2997	9
2998	5
2999	8
3000	7
3001	2
3002	6
3003	4
3004	12
3005	6
3006	7
3007	8
3008	6
3009	4
3010	5
3011	5
3012	7
3013	2
3014	1
3015	6
3016	7
3017	5
3018	4
3019	5
3020	2
3021	7
3022	6
3023	7
3024	7
3025	4
3026	7
3027	7
3028	2
3029	7
3030	11
3031	4
3032	4
3033	4
3034	5
3035	5
3036	2
3037	4
3038	7
3039	2
3040	6
3041	4
3042	4
3043	7
3044	2
3045	9
3046	6
3047	8
3048	8
3049	9
3050	6
3051	3
3052	5
3053	7
3054	7
3055	4
3056	7
3057	4
3058	2
3059	7
3060	6
3061	7
3062	8
3063	8
3064	4
3065	1
3066	8
3067	4
3068	5
3069	7
3070	3
3071	8
3072	5
3073	5
3074	8
3075	4
3076	3
3077	5
3079	5
3080	10
3082	6
3083	6
3084	2
3085	7
3086	6
3087	1
3088	4
3089	2
3090	7
3091	6
3092	10
3093	7
3094	5
3095	4
3096	4
3097	3
3098	2
3099	5
3100	7
3101	9
3102	4
3103	5
3104	4
3105	4
3106	8
3107	3
3108	3
3109	6
3110	4
3111	3
3112	4
3113	4
3114	4
3115	4
3116	5
3117	4
3118	5
3119	4
3120	8
3121	5
3122	2
3123	5
3124	5
3125	1
3126	8
3127	3
3129	5
3130	3
3131	5
3132	3
3133	10
3134	3
3135	4
3136	4
3137	3
3138	3
3139	7
3140	8
3141	9
3142	3
3143	4
3144	4
3145	7
3146	9
3147	5
3148	3
3149	9
3150	2
3151	5
3152	12
3153	5
3154	2
3155	5
3156	3
3157	4
3158	1
3159	4
3160	4
3161	8
3162	8
3163	1
3164	4
3165	1
3166	8
3167	8
3168	1
3169	3
3170	4
3171	5
3172	4
3173	4
3174	3
3175	5
3176	7
3177	4
3178	4
3179	4
3180	7
3181	4
3182	2
3183	4
3184	7
3185	5
3186	6
3187	6
3188	2
3189	3
3190	3
3191	3
3192	4
3193	11
3194	7
3195	3
3196	13
3197	5
3198	5
3199	5
3200	4
3201	4
3202	1
3203	4
3204	3
3205	7
3206	2
3207	5
3208	3
3209	9
3210	4
3211	7
3212	3
3213	4
3214	3
3215	5
3216	4
3217	7
3218	9
3219	5
3220	11
3221	3
3222	7
3223	2
3224	2
3225	7
3226	5
3227	5
3228	5
3229	7
3230	5
3231	6
3232	7
3233	4
3234	6
3235	3
3237	5
3238	4
3239	7
3240	2
3241	6
3242	4
3243	8
3244	4
3245	5
3246	5
3247	3
3248	8
3249	3
3250	4
3251	4
3252	1
3253	3
3254	4
3255	2
3256	5
3257	5
3258	4
3259	7
3260	5
3261	4
3262	5
3263	3
3264	1
3265	6
3266	7
3267	5
3268	5
3269	8
3270	2
3271	4
3272	5
3273	4
3274	4
3275	2
3276	4
3277	10
3278	5
3279	6
3280	4
3281	3
3282	5
3283	10
3284	4
3285	6
3286	1
3287	5
3288	4
3289	3
3290	2
3291	10
3292	8
3293	5
3294	6
3295	3
3296	6
3297	4
3298	5
3299	9
3300	5
3301	4
3302	7
3303	1
3304	7
3305	5
3306	3
3307	5
3308	2
3309	6
3310	6
3311	2
3312	3
3313	3
3314	8
3315	6
3316	9
3317	7
3318	4
3319	6
3320	4
3321	5
3322	5
3323	5
3324	5
3325	4
3326	3
3327	3
3328	3
3329	5
3330	8
3331	4
3332	8
3333	2
3334	3
3335	4
3336	5
3337	6
3338	8
3339	4
3340	4
3341	4
3342	7
3343	2
3344	5
3345	7
3346	3
3347	4
3348	1
3350	7
3351	1
3352	5
3353	4
3354	7
3355	8
3356	8
3357	7
3358	5
3359	5
3360	4
3361	2
3362	4
3363	5
3364	3
3365	8
3366	3
3367	4
3368	7
3369	5
3370	6
3371	2
3372	10
3373	7
3374	5
3375	5
3376	7
3377	7
3378	2
3379	5
3380	5
3381	3
3382	5
3383	8
3384	5
3385	9
3386	5
3387	3
3388	4
3389	4
3390	5
3391	3
3392	2
3393	7
3394	2
3395	7
3396	2
3397	4
3398	8
3399	4
3400	4
3401	9
3402	4
3403	5
3404	3
3405	3
3406	8
3407	7
3408	8
3409	5
3410	7
3411	3
3412	3
3413	3
3414	2
3415	6
3416	8
3417	6
3418	3
3419	2
3420	3
3421	9
3422	3
3423	3
3425	3
3426	4
3427	6
3428	3
3429	2
3430	7
3431	3
3432	1
3433	2
3434	2
3435	6
3436	12
3437	6
3438	3
3440	2
3441	4
3442	1
3443	3
3444	7
3445	4
3446	5
3447	3
3448	6
3449	3
3450	8
3451	6
3452	2
3453	4
3454	2
3455	6
3456	2
3457	9
3458	2
3459	6
3460	5
3461	5
3462	5
3463	7
3464	1
3465	2
3466	8
3467	2
3468	5
3469	6
3470	6
3471	2
3472	6
3473	3
3474	5
3475	4
3476	5
3477	9
3478	5
3479	9
3480	5
3481	5
3482	10
3483	9
3484	4
3485	11
3486	7
3487	5
3488	4
3489	3
3490	5
3491	4
3492	9
3493	7
3494	3
3495	3
3496	5
3497	6
3498	5
3499	6
3500	15
3501	4
3502	2
3503	6
3504	4
3505	4
3506	4
3507	5
3509	2
3510	5
3511	6
3512	5
3513	6
3514	5
3515	3
3516	5
3517	5
3518	8
3519	5
3520	3
3521	6
3522	8
3523	4
3524	3
3525	4
3526	3
3527	6
3528	10
3529	6
3530	5
3531	3
3532	7
3533	2
3534	5
3535	4
3536	3
3537	7
3538	3
3539	7
3540	3
3541	6
3542	6
3543	3
3544	1
3546	4
3547	7
3548	6
3549	6
3550	2
3551	5
3552	4
3553	6
3554	5
3555	4
3556	4
3557	3
3559	2
3560	6
3561	2
3562	4
3563	6
3565	4
3566	6
3567	2
3568	3
3569	3
3570	4
3571	7
3572	7
3573	3
3574	1
3575	9
3576	5
3577	4
3578	4
3579	5
3580	3
3581	6
3582	2
3583	3
3584	3
3585	9
3586	4
3587	2
3588	2
3589	5
3590	4
3591	5
3592	4
3593	4
3594	7
3595	5
3596	5
3597	3
3598	5
3599	6
3600	2
3601	4
3602	4
3603	2
3604	7
3605	4
3606	9
3607	3
3608	7
3609	6
3610	2
3611	3
3612	2
3613	4
3614	2
3615	3
3616	4
3617	2
3618	2
3619	6
3620	2
3621	7
3622	2
3623	4
3624	8
3625	3
3626	4
3627	5
3628	2
3629	3
3630	2
3631	3
3632	1
3634	4
3635	3
3636	4
3637	2
3638	3
3639	7
3640	3
3641	4
3642	6
3643	6
3644	5
3645	4
3646	5
3647	4
3648	3
3649	4
3650	2
3651	4
3652	3
3653	2
3654	5
3655	4
3656	10
3657	2
3658	4
3659	5
3660	2
3661	5
3662	5
3663	4
3664	2
3665	3
3666	5
3667	6
3668	5
3669	3
3670	5
3671	3
3672	3
3673	2
3674	2
3675	6
3676	3
3677	4
3678	4
3679	2
3680	2
3681	3
3682	3
3683	5
3684	5
3685	5
3686	4
3687	3
3688	3
3689	5
3690	2
3691	4
3692	2
3693	4
3694	6
3695	6
3696	6
3697	2
3698	5
3699	4
3700	7
3701	8
3702	3
3703	3
3704	5
3705	8
3706	6
3707	3
3708	2
3709	2
3710	6
3711	10
3712	3
3713	7
3714	6
3715	7
3716	3
3717	3
3718	2
3719	5
3720	6
3721	1
3722	10
3723	5
3724	2
3725	4
3726	1
3727	11
3728	4
3729	3
3730	2
3731	8
3732	4
3733	4
3734	4
3735	6
3736	8
3737	2
3738	4
3739	5
3740	5
3741	3
3742	2
3743	3
3744	2
3745	4
3746	6
3747	1
3748	8
3749	7
3750	4
3751	4
3752	6
3753	3
3754	4
3755	4
3756	2
3757	3
3759	3
3760	7
3761	3
3762	3
3763	6
3764	3
3765	3
3766	4
3767	3
3768	2
3769	3
3770	4
3771	4
3772	5
3773	2
3774	2
3775	2
3776	3
3777	2
3778	6
3779	2
3780	4
3781	3
3782	4
3783	4
3784	3
3785	2
3786	2
3787	3
3788	2
3789	3
3790	6
3791	6
3792	4
3793	6
3794	6
3795	6
3796	3
3797	5
3798	5
3799	5
3800	6
3801	3
3802	2
3803	5
3804	4
3805	4
3806	2
3807	5
3808	5
3809	3
3810	2
3811	3
3812	4
3813	2
3814	4
3815	4
3816	7
3817	4
3818	7
3819	4
3820	7
3822	5
3823	3
3824	5
3825	7
3826	6
3827	4
3828	1
3829	5
3830	5
3831	3
3832	9
3833	3
3834	7
3835	5
3836	4
3837	5
3838	3
3839	2
3840	3
3841	3
3842	4
3843	3
3844	1
3845	5
3846	5
3847	3
3848	2
3849	5
3850	1
3851	3
3852	5
3853	5
3854	3
3855	2
3856	4
3857	3
3858	2
3859	2
3860	7
3861	5
3862	3
3863	5
3864	4
3865	4
3866	3
3867	10
3868	3
3869	3
3870	3
3871	3
3872	8
3873	5
3874	5
3875	9
3876	5
3877	6
3878	4
3879	3
3880	3
3881	6
3882	3
3883	3
3884	4
3885	3
3886	6
3887	1
3888	4
3889	1
3890	5
3891	2
3892	6
3893	4
3894	8
3895	3
3896	2
3897	3
3898	7
3899	4
3900	4
3901	2
3902	3
3903	1
3904	5
3905	2
3906	1
3907	4
3908	5
3909	2
3910	7
3911	3
3912	7
3913	4
3914	1
3915	2
3916	3
3917	2
3918	2
3919	2
3920	6
3921	8
3922	7
3923	3
3924	3
3925	2
3926	5
3927	3
3928	4
3929	6
3930	4
3931	7
3932	5
3933	3
3934	4
3935	4
3936	3
3937	3
3938	8
3939	4
3940	3
3941	5
3942	4
3943	2
3944	4
3945	7
3946	7
3947	3
3948	5
3949	2
3950	4
3951	3
3952	4
3953	5
3954	7
3955	5
3956	3
3957	1
3958	3
3960	2
3961	3
3962	8
3964	7
3965	3
3966	4
3967	6
3968	5
3969	6
3970	2
3971	5
3972	1
3973	1
3974	2
3976	4
3977	5
3978	3
3979	4
3980	5
3981	6
3982	2
3983	4
3984	6
3985	5
3986	6
3987	1
3988	6
3989	6
3990	4
3991	2
3992	1
3993	5
3994	4
3995	1
3996	6
3997	2
3998	4
3999	4
4000	2
4002	3
4003	5
4004	7
4005	2
4006	4
4007	2
4008	6
4009	5
4010	6
4011	5
4012	3
4013	9
4014	3
4015	6
4016	1
4017	5
4018	5
4019	1
4020	4
4021	5
4022	2
4023	4
4024	7
4025	2
4026	3
4027	4
4028	5
4029	1
4030	3
4031	3
4032	2
4033	2
4034	6
4035	3
4036	3
4037	2
4038	1
4039	3
4040	1
4041	6
4042	2
4043	8
4044	6
4045	6
4046	3
4047	6
4048	2
4049	5
4050	4
4051	5
4052	3
4053	1
4054	3
4055	5
4056	6
4057	3
4058	6
4059	4
4060	4
4061	3
4062	4
4063	3
4064	6
4065	3
4066	2
4067	4
4068	4
4069	1
4070	6
4071	3
4072	4
4073	1
4074	5
4075	2
4076	4
4077	3
4078	5
4079	2
4080	5
4081	2
4082	6
4083	5
4084	2
4085	7
4086	4
4087	3
4088	2
4089	2
4090	6
4091	3
4092	5
4093	2
4094	2
4095	2
4096	3
4098	3
4099	5
4100	6
4101	3
4102	2
4103	2
4104	2
4105	2
4106	5
4107	5
4108	4
4109	10
4110	3
4111	6
4112	7
4113	1
4114	1
4115	1
4116	3
4117	4
4118	5
4119	5
4120	6
4121	4
4122	5
4123	4
4124	3
4125	2
4126	5
4127	2
4128	1
4129	3
4130	4
4131	3
4132	2
4133	3
4134	5
4135	3
4136	11
4137	5
4138	2
4139	6
4140	4
4141	3
4142	5
4143	1
4144	2
4145	3
4146	3
4147	2
4148	5
4149	8
4150	5
4151	6
4152	4
4153	3
4154	3
4155	2
4156	3
4157	4
4158	6
4159	3
4160	3
4161	6
4162	4
4163	4
4164	2
4165	7
4166	7
4168	3
4169	3
4170	5
4171	3
4172	8
4173	4
4174	7
4175	1
4176	2
4177	6
4178	4
4179	6
4180	3
4181	2
4182	7
4183	3
4184	2
4186	1
4187	2
4188	5
4189	1
4190	3
4191	4
4192	4
4193	4
4194	4
4195	3
4196	5
4198	2
4199	3
4200	2
4201	8
4202	7
4203	6
4204	6
4205	5
4206	4
4207	5
4208	1
4209	4
4210	6
4211	4
4212	4
4214	2
4215	3
4216	1
4217	8
4218	3
4219	4
4220	3
4221	1
4222	2
4223	4
4224	6
4225	1
4226	7
4227	4
4228	4
4229	5
4230	4
4231	2
4232	4
4233	5
4234	6
4235	3
4236	3
4237	6
4238	6
4239	2
4240	5
4242	6
4243	7
4244	6
4245	2
4246	9
4247	5
4248	4
4249	3
4250	8
4251	2
4252	4
4253	8
4254	2
4255	2
4256	4
4257	4
4258	5
4259	5
4260	2
4261	3
4262	2
4263	5
4264	3
4265	3
4266	3
4267	3
4268	3
4269	4
4270	4
4271	7
4272	4
4273	6
4274	2
4275	2
4276	5
4277	5
4278	5
4279	2
4280	5
4281	1
4282	3
4283	2
4284	2
4286	7
4287	3
4288	3
4289	7
4290	2
4291	5
4292	1
4293	6
4294	2
4295	6
4296	2
4297	3
4298	5
4299	2
4300	4
4301	4
4302	2
4303	4
4304	4
4305	2
4307	4
4308	4
4309	2
4310	6
4311	2
4312	3
4313	5
4314	1
4315	10
4316	6
4317	7
4318	4
4319	4
4320	4
4321	5
4322	4
4323	4
4324	5
4325	5
4326	8
4327	1
4328	3
4329	5
4330	2
4331	3
4332	3
4333	2
4334	2
4335	5
4336	5
4337	3
4338	2
4339	4
4340	2
4341	3
4342	4
4343	1
4344	4
4345	6
4346	5
4347	7
4348	5
4349	3
4350	2
4351	5
4352	3
4353	6
4354	4
4355	1
4356	4
4357	3
4358	3
4359	3
4360	1
4361	2
4362	7
4363	1
4364	8
4365	1
4366	1
4367	4
4368	9
4369	1
4370	3
4371	4
4372	3
4373	5
4374	6
4375	3
4376	5
4377	3
4378	4
4379	3
4380	4
4381	9
4382	3
4383	2
4384	2
4385	4
4386	4
4387	3
4388	5
4389	2
4390	5
4391	5
4392	6
4393	1
4394	5
4395	2
4396	4
4397	10
4398	6
4399	2
4400	3
4401	7
4402	2
4403	2
4404	1
4405	3
4406	3
4407	3
4408	5
4409	5
4410	3
4411	3
4412	2
4413	3
4414	5
4415	1
4416	3
4417	2
4418	3
4419	2
4420	4
4421	4
4422	3
4423	5
4424	1
4425	4
4426	3
4427	1
4428	3
4429	5
4430	3
4431	3
4433	1
4434	4
4435	1
4436	5
4437	3
4438	6
4439	2
4440	5
4441	4
4442	5
4443	2
4444	3
4445	3
4447	5
4448	2
4449	1
4450	2
4451	4
4452	3
4453	1
4454	4
4455	4
4456	3
4457	4
4458	3
4459	4
4460	4
4461	1
4462	5
4463	5
4464	4
4465	2
4466	2
4467	3
4468	10
4469	3
4470	5
4471	4
4472	6
4473	5
4474	6
4475	7
4476	2
4477	1
4478	6
4479	3
4480	4
4481	2
4482	4
4483	6
4484	4
4485	6
4486	1
4487	1
4488	2
4489	8
4490	6
4491	2
4492	2
4493	4
4495	3
4497	4
4498	2
4499	3
4500	3
4501	1
4502	3
4503	5
4504	2
4505	4
4506	3
4507	2
4508	5
4509	6
4510	2
4511	6
4512	4
4513	2
4514	4
4515	3
4516	4
4517	2
4518	5
4519	4
4520	4
4521	2
4522	6
4523	5
4524	4
4525	4
4526	6
4527	2
4528	2
4530	2
4532	1
4533	2
4534	1
4535	2
4536	3
4537	3
4538	5
4539	7
4541	5
4542	4
4543	4
4544	7
4545	3
4546	3
4547	1
4548	4
4549	6
4550	1
4551	2
4552	5
4553	4
4554	3
4555	2
4556	2
4557	5
4558	4
4559	3
4560	4
4561	3
4562	1
4563	3
4564	1
4565	2
4566	3
4567	4
4568	4
4569	2
4570	2
4571	6
4572	1
4573	4
4574	2
4575	5
4576	3
4577	5
4578	2
4579	2
4580	2
4581	3
4582	4
4583	2
4584	5
4585	3
4586	1
4587	5
4588	4
4589	2
4590	2
4591	5
4592	2
4593	4
4594	4
4595	4
4596	5
4597	1
4599	5
4601	5
4602	6
4603	2
4604	4
4605	3
4606	3
4607	2
4608	2
4609	4
4610	3
4612	5
4613	3
4614	2
4615	3
4616	2
4617	3
4618	1
4619	4
4620	4
4622	4
4623	2
4624	6
4625	3
4626	2
4627	3
4628	4
4629	2
4630	2
4631	2
4632	2
4633	1
4634	7
4635	4
4636	4
4637	2
4638	1
4639	1
4640	4
4641	6
4642	3
4644	3
4646	3
4647	6
4648	6
4649	5
4650	4
4651	1
4652	4
4653	7
4654	2
4655	2
4656	3
4657	7
4658	4
4659	5
4660	3
4661	6
4662	2
4663	3
4664	4
4665	6
4666	3
4667	2
4668	2
4669	2
4670	1
4671	2
4672	2
4673	2
4674	2
4675	3
4676	3
4677	5
4678	4
4679	3
4680	7
4681	6
4682	2
4683	1
4684	1
4685	6
4686	2
4687	3
4688	4
4689	3
4690	2
4692	4
4693	2
4694	4
4695	3
4696	3
4697	1
4698	6
4699	3
4700	2
4701	5
4702	5
4703	3
4704	6
4705	2
4706	7
4707	2
4708	2
4709	2
4710	2
4711	3
4712	1
4713	2
4714	2
4715	4
4716	2
4717	3
4718	3
4719	3
4720	2
4721	7
4722	3
4723	4
4724	6
4726	4
4727	2
4728	5
4729	2
4730	6
4731	2
4732	2
4733	2
4734	3
4735	4
4736	5
4737	4
4738	4
4739	4
4740	4
4741	3
4742	4
4743	3
4744	2
4745	3
4747	2
4748	1
4749	4
4750	7
4751	5
4752	4
4753	4
4754	4
4755	3
4757	5
4758	6
4759	5
4760	2
4761	5
4763	4
4764	2
4765	3
4766	4
4767	4
4769	1
4770	6
4771	3
4772	6
4773	2
4774	3
4775	3
4776	8
4777	1
4778	3
4779	4
4780	2
4781	1
4782	1
4783	2
4784	3
4785	2
4786	1
4787	3
4788	1
4789	5
4790	4
4791	1
4792	5
4793	5
4794	4
4795	6
4796	5
4797	3
4798	2
4799	2
4800	3
4801	4
4802	3
4803	3
4804	5
4805	2
4806	3
4808	2
4809	4
4810	1
4811	5
4812	3
4813	2
4815	4
4816	6
4817	7
4818	4
4819	3
4820	3
4821	3
4822	3
4823	3
4824	1
4825	5
4826	2
4827	3
4828	8
4829	5
4830	2
4831	4
4832	2
4833	2
4834	8
4835	2
4836	3
4837	5
4838	2
4839	1
4840	3
4841	6
4842	3
4843	1
4844	5
4845	2
4847	1
4848	3
4849	2
4850	1
4851	1
4852	5
4853	3
4854	2
4855	2
4856	2
4857	5
4858	2
4859	1
4860	1
4861	4
4862	2
4863	1
4864	2
4865	3
4866	3
4868	4
4869	3
4870	3
4871	2
4872	5
4873	2
4874	2
4875	2
4876	7
4877	5
4878	3
4879	3
4880	4
4881	3
4882	1
4883	2
4884	2
4885	1
4886	2
4887	1
4888	2
4889	3
4890	1
4891	7
4892	4
4893	1
4894	3
4895	1
4896	7
4897	2
4898	3
4899	1
4900	3
4901	1
4902	6
4903	3
4904	1
4905	4
4906	3
4907	5
4908	3
4909	2
4910	4
4911	1
4912	3
4913	5
4914	3
4915	1
4916	4
4917	3
4918	4
4919	2
4920	3
4921	6
4922	4
4923	6
4924	1
4925	3
4926	5
4927	3
4928	1
4929	3
4930	1
4931	5
4932	3
4933	4
4934	1
4935	2
4936	2
4937	3
4938	4
4939	2
4940	1
4941	4
4942	5
4943	4
4944	3
4945	4
4946	5
4947	3
4948	2
4949	1
4950	1
4951	3
4952	1
4953	5
4954	1
4955	1
4956	3
4957	3
4958	5
4959	1
4960	2
4961	5
4962	3
4963	2
4964	1
4965	5
4966	2
4967	1
4968	4
4969	3
4970	3
4971	3
4972	3
4973	6
4974	2
4975	3
4976	3
4977	5
4978	3
4979	2
4980	4
4981	3
4982	6
4983	3
4984	1
4985	3
4987	1
4988	2
4990	5
4991	4
4992	2
4993	3
4994	4
4995	5
4996	3
4997	2
4998	1
4999	2
5000	5
5001	5
5002	1
5003	4
5004	2
5005	2
5006	1
5007	7
5008	4
5009	4
5010	4
5011	5
5012	1
5013	6
5016	6
5017	5
5018	4
5019	3
5020	5
5021	3
5022	4
5023	1
5024	1
5025	3
5026	3
5027	4
5028	3
5029	4
5030	2
5031	3
5032	1
5033	1
5035	3
5036	4
5038	4
5039	3
5040	3
5041	4
5042	4
5043	3
5044	1
5045	5
5046	2
5047	5
5048	2
5049	2
5050	3
5051	4
5052	2
5053	5
5054	4
5055	3
5056	3
5057	3
5058	4
5059	2
5060	1
5061	2
5062	2
5063	1
5064	2
5065	2
5066	3
5067	1
5068	2
5069	3
5070	4
5071	4
5072	2
5073	1
5074	3
5075	1
5076	1
5077	3
5079	5
5080	3
5081	2
5082	4
5083	2
5084	1
5085	2
5086	2
5087	5
5088	3
5089	2
5090	3
5091	3
5092	3
5093	5
5094	3
5095	6
5096	4
5097	2
5098	4
5099	1
5100	6
5102	1
5103	2
5104	3
5105	1
5106	1
5107	2
5108	2
5109	3
5110	3
5111	4
5112	7
5113	2
5114	3
5115	7
5116	3
5117	2
5118	1
5119	2
5120	5
5121	4
5122	2
5123	4
5124	3
5125	4
5126	4
5127	2
5128	4
5129	6
5130	1
5132	6
5133	4
5134	3
5135	4
5136	4
5137	5
5138	3
5140	5
5141	3
5142	2
5143	2
5144	3
5145	3
5146	5
5147	1
5148	3
5149	3
5150	3
5151	4
5152	4
5153	1
5155	2
5156	3
5157	3
5158	1
5159	3
5160	5
5161	4
5162	4
5163	4
5164	2
5165	3
5166	3
5167	3
5168	4
5169	3
5170	3
5171	2
5172	5
5173	1
5174	2
5175	1
5176	5
5177	3
5178	5
5179	2
5180	2
5181	3
5182	2
5183	2
5184	9
5185	1
5186	2
5187	1
5188	3
5189	4
5190	3
5191	2
5192	1
5193	3
5196	4
5197	3
5198	2
5200	2
5201	2
5202	3
5203	2
5204	2
5205	1
5206	2
5207	1
5209	3
5210	4
5211	4
5212	3
5214	4
5215	1
5217	2
5218	5
5219	1
5220	5
5221	1
5223	2
5224	2
5225	2
5226	2
5228	3
5229	2
5230	3
5231	1
5232	2
5233	3
5234	2
5235	5
5236	3
5237	4
5238	5
5239	2
5241	3
5242	4
5243	3
5244	5
5245	2
5246	2
5247	2
5248	2
5249	4
5250	2
5251	2
5252	1
5253	4
5254	4
5255	5
5257	4
5258	5
5259	3
5260	4
5261	1
5262	3
5263	2
5264	1
5265	3
5266	4
5267	2
5268	3
5269	2
5270	2
5271	4
5272	5
5273	5
5274	3
5275	3
5276	4
5277	2
5278	4
5279	1
5280	3
5281	3
5282	4
5283	2
5284	1
5285	3
5286	3
5287	1
5288	3
5289	4
5290	3
5291	1
5292	1
5293	1
5294	2
5295	5
5296	2
5297	3
5299	1
5300	1
5301	3
5302	4
5303	4
5304	3
5306	3
5307	1
5308	6
5309	2
5310	2
5311	2
5312	6
5313	4
5314	3
5315	3
5316	6
5317	3
5318	2
5319	3
5320	2
5321	2
5322	2
5323	7
5324	3
5325	4
5326	6
5327	4
5328	1
5329	5
5330	2
5332	2
5333	1
5334	2
5335	3
5336	3
5338	5
5340	1
5341	2
5342	2
5343	3
5344	5
5345	3
5346	1
5347	5
5348	2
5349	4
5350	3
5351	2
5352	2
5353	3
5354	5
5355	2
5356	3
5357	3
5358	2
5360	4
5361	4
5362	3
5364	2
5365	4
5366	1
5367	1
5368	1
5369	1
5370	1
5371	4
5372	1
5373	3
5374	6
5375	2
5376	4
5377	4
5378	1
5379	1
5380	3
5381	4
5382	4
5383	3
5384	3
5385	2
5387	3
5388	3
5389	10
5390	4
5391	4
5393	1
5394	2
5395	3
5397	3
5399	2
5400	2
5402	2
5403	1
5404	3
5405	6
5406	3
5407	4
5408	1
5409	2
5410	2
5411	2
5412	2
5413	3
5414	3
5415	2
5416	5
5418	3
5419	3
5420	1
5421	3
5422	5
5423	1
5424	7
5425	3
5427	3
5428	4
5429	4
5430	2
5431	2
5432	1
5434	6
5435	2
5436	2
5437	3
5438	2
5439	3
5440	1
5441	3
5443	1
5444	3
5445	1
5446	2
5447	3
5448	1
5449	2
5450	2
5451	4
5452	5
5453	2
5454	5
5456	2
5457	1
5458	3
5459	1
5460	2
5461	1
5462	5
5463	8
5464	5
5465	2
5466	3
5467	7
5468	3
5469	3
5470	5
5471	1
5472	6
5473	6
5474	2
5475	1
5476	3
5477	2
5478	2
5479	2
5480	3
5481	2
5482	1
5483	2
5484	3
5485	1
5486	1
5488	3
5489	2
5490	2
5492	2
5493	6
5494	2
5495	3
5497	3
5498	5
5499	3
5500	4
5501	3
5502	4
5503	1
5504	1
5505	1
5506	6
5507	3
5508	5
5509	2
5510	3
5511	1
5512	6
5513	3
5514	2
5515	3
5516	6
5517	4
5519	3
5520	1
5521	3
5522	1
5523	1
5525	4
5526	3
5527	3
5528	7
5529	3
5530	1
5531	2
5532	2
5533	2
5534	4
5535	2
5536	3
5537	1
5538	1
5539	1
5540	2
5541	3
5542	7
5543	5
5544	2
5545	5
5546	1
5547	4
5548	4
5549	2
5550	2
5551	3
5552	4
5553	3
5554	4
5555	4
5556	2
5557	6
5559	2
5560	2
5561	2
5562	2
5563	3
5564	3
5565	2
5566	1
5567	3
5568	1
5569	4
5570	2
5571	3
5572	1
5573	2
5574	1
5575	3
5576	2
5577	1
5578	1
5581	1
5582	1
5583	2
5584	1
5585	2
5586	3
5587	2
5588	2
5589	2
5591	3
5592	4
5593	1
5594	6
5595	2
5596	5
5597	3
5598	5
5599	5
5600	2
5601	3
5602	3
5604	3
5605	1
5607	1
5608	3
5609	3
5610	3
5611	3
5612	3
5614	2
5615	5
5616	2
5618	6
5619	2
5620	3
5621	2
5622	3
5623	2
5624	2
5625	2
5626	2
5627	1
5628	5
5629	4
5630	1
5631	1
5632	1
5633	1
5634	2
5635	1
5637	1
5638	2
5639	4
5640	3
5641	3
5642	2
5643	2
5644	4
5645	2
5646	2
5647	2
5648	3
5649	1
5650	2
5651	2
5652	5
5653	1
5654	3
5655	1
5656	6
5657	2
5658	1
5659	1
5660	3
5661	3
5662	1
5663	1
5664	7
5665	1
5667	1
5668	3
5669	3
5670	3
5671	2
5672	3
5673	2
5674	2
5675	1
5676	9
5677	2
5678	4
5679	3
5680	1
5681	3
5682	1
5683	1
5684	3
5685	4
5686	1
5687	1
5688	4
5689	1
5690	4
5691	2
5692	1
5693	1
5694	2
5695	4
5696	1
5697	3
5698	2
5699	1
5700	1
5701	4
5702	2
5703	2
5704	1
5705	3
5706	1
5707	3
5708	4
5710	3
5711	3
5712	2
5713	2
5714	1
5715	8
5716	1
5717	1
5718	3
5719	1
5720	3
5721	2
5722	4
5723	1
5725	1
5726	1
5727	1
5728	5
5729	5
5730	3
5731	5
5732	3
5733	1
5734	1
5735	1
5737	3
5738	4
5739	2
5740	2
5741	3
5742	3
5743	2
5744	2
5745	2
5746	2
5747	6
5748	3
5749	3
5750	4
5752	1
5753	1
5755	5
5756	3
5757	1
5759	4
5760	5
5762	5
5763	5
5764	6
5765	2
5766	2
5767	2
5768	5
5770	1
5771	4
5774	3
5775	1
5776	2
5777	2
5778	4
5779	4
5780	3
5782	5
5783	2
5784	1
5785	1
5786	1
5787	3
5789	4
5790	3
5791	6
5792	3
5793	2
5794	4
5795	3
5796	3
5797	1
5798	2
5799	1
5800	3
5801	6
5802	2
5803	2
5804	4
5805	1
5806	2
5807	2
5808	2
5809	1
5810	3
5811	2
5812	2
5813	3
5814	1
5815	3
5816	2
5817	1
5818	3
5819	2
5820	2
5821	4
5822	1
5823	1
5824	3
5825	4
5826	3
5827	3
5828	7
5829	2
5831	2
5832	1
5833	2
5834	1
5835	1
5836	3
5837	1
5838	2
5839	2
5840	3
5842	1
5843	2
5844	3
5845	4
5846	2
5848	1
5849	3
5850	2
5851	6
5853	1
5854	1
5855	6
5856	5
5857	1
5858	3
5859	3
5860	3
5861	2
5862	2
5863	4
5864	2
5865	3
5866	4
5868	2
5870	4
5872	2
5873	4
5874	1
5875	1
5876	3
5877	4
5878	2
5880	1
5881	2
5882	4
5883	3
5884	4
5886	2
5887	3
5888	1
5889	3
5890	2
5891	4
5893	2
5894	4
5896	3
5897	4
5898	5
5899	1
5901	1
5902	4
5903	1
5904	3
5905	3
5906	4
5907	2
5908	2
5910	1
5911	5
5912	2
5913	3
5914	1
5915	3
5916	3
5917	4
5918	2
5919	3
5920	1
5921	1
5923	3
5925	1
5926	1
5927	4
5928	2
5929	4
5930	2
5931	2
5932	1
5933	1
5934	2
5935	4
5937	1
5938	2
5939	6
5940	6
5941	3
5942	2
5944	1
5945	3
5946	4
5947	2
5948	5
5949	2
5950	4
5951	2
5952	1
5953	4
5954	1
5955	2
5956	3
5957	1
5958	1
5959	2
5960	2
5961	1
5962	2
5963	2
5964	1
5965	3
5966	7
5967	1
5968	1
5969	1
5970	2
5971	2
5972	5
5973	3
5974	1
5975	4
5976	2
5977	1
5978	3
5979	2
5980	2
5982	2
5983	2
5984	2
5985	2
5986	1
5987	1
5988	2
5991	1
5992	5
5993	4
5994	2
5995	2
5996	1
5997	3
5998	1
6000	5
6001	1
6002	4
6003	5
6004	4
6005	3
6006	1
6008	3
6009	3
6010	1
6011	1
6012	2
6013	2
6014	1
6015	3
6016	3
6017	3
6021	4
6022	3
6023	4
6024	5
6025	3
6026	3
6027	3
6028	3
6029	4
6031	4
6032	3
6033	1
6034	2
6036	2
6037	3
6038	2
6039	1
6040	2
6041	1
6042	3
6043	3
6044	1
6045	1
6046	3
6047	6
6048	1
6049	3
6050	1
6051	3
6052	3
6053	4
6054	2
6056	2
6057	4
6058	1
6059	1
6060	2
6061	1
6062	1
6063	4
6064	6
6065	2
6066	2
6067	1
6068	1
6069	3
6070	2
6071	3
6072	3
6073	4
6077	4
6078	1
6079	1
6080	4
6081	2
6082	2
6083	3
6084	1
6085	1
6086	3
6087	2
6088	1
6089	1
6090	1
6091	1
6092	1
6093	1
6094	6
6095	1
6096	4
6098	1
6100	2
6101	2
6102	2
6103	2
6104	2
6105	2
6106	1
6107	3
6108	2
6110	1
6112	1
6113	3
6114	2
6115	1
6116	4
6117	4
6118	1
6119	3
6120	1
6122	1
6123	4
6124	2
6125	3
6126	1
6127	1
6128	2
6130	1
6131	2
6132	2
6133	2
6134	2
6135	6
6136	2
6137	3
6138	2
6139	2
6140	1
6142	2
6144	4
6145	4
6146	1
6148	2
6149	1
6150	3
6151	1
6152	1
6153	1
6154	6
6155	4
6156	1
6157	1
6158	2
6160	2
6161	4
6162	1
6163	3
6164	2
6165	2
6167	5
6168	1
6169	2
6170	2
6171	4
6172	2
6173	1
6174	2
6175	2
6176	4
6177	1
6178	2
6179	1
6180	2
6181	3
6182	2
6183	4
6184	1
6185	3
6186	1
6187	5
6188	2
6189	2
6190	1
6191	5
6192	2
6193	3
6195	3
6196	3
6197	1
6199	2
6200	1
6201	3
6202	6
6204	2
6205	2
6206	1
6207	5
6208	1
6209	1
6211	1
6212	2
6213	1
6214	2
6215	1
6216	3
6217	1
6218	2
6219	3
6220	4
6221	1
6222	2
6223	3
6224	1
6225	4
6226	3
6227	4
6228	2
6229	2
6230	1
6231	1
6232	2
6233	1
6234	3
6235	2
6236	1
6237	2
6239	1
6240	3
6243	1
6244	4
6245	4
6246	2
6247	1
6248	3
6249	1
6250	1
6251	1
6253	1
6254	4
6255	1
6256	1
6257	2
6258	4
6259	4
6260	1
6261	2
6262	4
6263	2
6264	2
6265	3
6266	1
6268	1
6269	3
6270	1
6271	2
6272	3
6273	1
6274	3
6275	1
6276	1
6277	2
6278	1
6279	3
6280	4
6282	4
6283	2
6284	2
6285	2
6286	2
6288	2
6290	3
6291	1
6292	5
6293	2
6295	1
6296	3
6297	2
6298	3
6299	7
6301	3
6302	1
6303	6
6304	2
6306	3
6307	3
6308	1
6309	2
6310	3
6311	2
6312	3
6313	2
6314	1
6316	3
6317	1
6318	3
6319	1
6320	2
6321	2
6322	2
6323	1
6324	1
6325	2
6327	1
6328	3
6329	1
6330	2
6332	4
6333	1
6334	4
6335	2
6336	1
6337	1
6338	1
6340	2
6341	4
6342	1
6343	3
6344	3
6345	1
6346	1
6347	4
6348	2
6349	2
6350	2
6351	3
6352	2
6353	1
6355	3
6356	1
6357	1
6358	1
6360	3
6361	1
6362	2
6363	4
6364	2
6365	3
6366	1
6367	1
6368	3
6369	2
6370	2
6371	3
6372	1
6373	1
6374	3
6375	2
6377	4
6378	2
6379	4
6380	2
6381	3
6383	2
6384	1
6385	5
6386	2
6387	2
6388	4
6389	1
6390	3
6391	1
6392	1
6393	3
6394	4
6395	2
6396	1
6397	2
6399	3
6400	4
6401	1
6402	2
6403	4
6405	2
6408	4
6409	2
6410	3
6411	1
6412	1
6413	1
6414	1
6415	4
6417	1
6420	2
6421	1
6422	2
6423	5
6425	1
6426	2
6427	2
6428	2
6429	1
6430	2
6431	1
6432	3
6433	2
6434	2
6435	2
6436	1
6437	3
6438	1
6439	1
6440	4
6441	2
6442	3
6443	3
6444	1
6446	3
6448	5
6449	1
6450	5
6452	2
6453	4
6454	2
6457	1
6458	3
6459	2
6460	7
6462	2
6463	5
6464	1
6465	2
6466	5
6467	6
6468	1
6469	1
6472	2
6473	4
6474	3
6475	2
6476	4
6477	1
6478	2
6479	2
6481	2
6482	3
6483	1
6485	3
6486	1
6487	1
6488	1
6490	1
6491	1
6494	1
6496	1
6497	1
6498	2
6500	4
6501	1
6502	2
6503	3
6504	3
6506	2
6509	1
6510	3
6511	1
6512	5
6513	4
6514	2
6515	2
6516	3
6517	1
6518	2
6520	2
6521	1
6522	3
6523	2
6524	1
6525	1
6526	2
6527	1
6528	1
6529	3
6530	2
6531	6
6532	1
6535	2
6536	2
6537	1
6538	2
6539	2
6540	2
6541	2
6542	3
6543	1
6544	1
6545	4
6546	1
6547	1
6548	1
6549	4
6550	2
6551	2
6552	2
6553	1
6554	3
6555	5
6556	3
6557	1
6558	1
6559	3
6560	2
6561	1
6562	1
6563	1
6564	2
6565	3
6566	2
6567	2
6569	2
6570	1
6571	2
6572	2
6573	2
6574	2
6575	4
6576	3
6577	1
6578	3
6579	1
6582	1
6583	1
6584	1
6585	2
6586	3
6587	2
6588	2
6589	1
6590	4
6591	3
6592	1
6593	5
6594	1
6595	2
6596	2
6597	1
6598	1
6599	2
6600	1
6601	1
6602	1
6603	3
6604	4
6605	1
6606	1
6607	1
6608	1
6609	4
6611	3
6612	3
6613	1
6614	1
6615	2
6616	1
6617	4
6618	1
6619	2
6621	2
6623	2
6624	3
6625	2
6628	2
6629	3
6630	1
6631	2
6633	1
6634	4
6635	3
6637	2
6638	5
6640	2
6643	1
6644	1
6645	1
6646	1
6647	3
6649	3
6650	1
6651	2
6652	1
6653	1
6654	1
6655	2
6656	1
6657	2
6658	1
6659	4
6661	4
6662	1
6663	3
6664	5
6665	2
6666	4
6667	6
6668	1
6669	4
6670	4
6671	2
6673	1
6674	2
6675	1
6677	1
6678	4
6679	1
6681	3
6683	2
6684	1
6685	3
6686	1
6687	2
6688	3
6689	5
6690	2
6691	4
6692	3
6693	1
6694	2
6695	1
6698	2
6699	3
6700	1
6701	3
6702	3
6703	3
6704	3
6705	1
6706	1
6709	2
6710	2
6712	4
6713	1
6714	1
6715	2
6716	2
6717	6
6718	3
6719	2
6720	3
6721	2
6722	1
6723	3
6725	1
6726	1
6728	1
6729	2
6730	5
6731	4
6733	2
6734	1
6735	1
6737	3
6738	1
6739	1
6740	3
6741	1
6742	1
6743	2
6744	1
6745	4
6747	1
6748	2
6749	2
6750	1
6751	1
6754	1
6755	1
6756	1
6757	2
6758	2
6760	2
6761	5
6762	1
6764	1
6765	4
6766	4
6767	2
6768	4
6769	1
6771	2
6772	3
6773	1
6775	1
6776	3
6777	2
6778	1
6780	4
6781	4
6782	4
6783	4
6784	1
6785	1
6786	3
6787	1
6788	1
6790	2
6791	2
6792	4
6793	1
6794	2
6795	1
6796	4
6797	1
6802	5
6804	2
6805	5
6806	4
6807	3
6809	1
6810	2
6812	1
6813	1
6814	1
6815	3
6816	3
6817	3
6818	3
6819	1
6820	3
6822	1
6825	1
6826	3
6827	2
6828	1
6829	1
6830	1
6831	1
6832	2
6833	2
6834	2
6836	2
6837	1
6838	2
6839	2
6840	3
6842	1
6843	3
6844	2
6845	1
6846	2
6847	2
6849	1
6850	2
6851	2
6855	1
6856	2
6857	4
6858	3
6859	3
6860	1
6861	2
6862	2
6863	3
6864	4
6865	1
6869	2
6872	2
6873	1
6874	1
6875	2
6876	3
6878	3
6879	2
6882	2
6883	3
6884	3
6885	4
6886	2
6887	4
6888	2
6889	2
6890	2
6891	1
6892	1
6893	2
6894	1
6896	1
6898	1
6899	2
6900	2
6901	1
6902	3
6903	2
6905	2
6906	1
6907	2
6909	3
6910	1
6911	1
6912	3
6913	1
6914	4
6915	1
6916	2
6917	2
6918	1
6919	1
6920	2
6921	1
6922	4
6923	2
6924	2
6925	1
6926	1
6928	1
6929	1
6930	2
6931	1
6932	1
6933	3
6934	2
6935	3
6936	1
6937	2
6938	2
6939	1
6941	2
6943	2
6944	2
6945	6
6946	1
6947	2
6948	1
6949	3
6950	6
6951	2
6952	1
6953	2
6956	2
6957	3
6958	2
6959	1
6960	2
6961	3
6962	1
6963	3
6964	1
6965	3
6966	3
6968	1
6970	2
6971	1
6972	2
6973	1
6974	4
6976	1
6978	2
6979	2
6980	1
6981	1
6982	4
6983	2
6986	3
6987	1
6988	1
6989	2
6990	3
6991	2
6992	3
6993	2
6994	1
6995	1
6996	3
6997	2
6998	1
7000	3
7002	3
7003	1
7004	3
7005	2
7007	2
7008	1
7009	4
7010	2
7011	3
7012	2
7013	1
7014	1
7016	2
7019	2
7020	1
7021	3
7023	1
7025	2
7026	5
7027	3
7028	4
7029	3
7030	2
7032	2
7033	4
7034	2
7035	3
7038	1
7039	1
7040	1
7043	2
7044	2
7045	1
7046	1
7047	2
7048	2
7050	1
7052	3
7053	1
7054	4
7055	1
7056	2
7060	2
7062	1
7063	2
7065	1
7066	2
7067	1
7068	2
7069	1
7071	1
7073	1
7074	2
7075	2
7077	2
7078	1
7079	2
7080	2
7081	1
7082	2
7083	2
7084	2
7085	1
7086	2
7087	2
7089	1
7091	3
7092	1
7093	2
7096	2
7097	1
7098	3
7099	1
7101	2
7102	1
7104	3
7107	3
7108	1
7109	4
7110	3
7112	2
7114	1
7115	3
7116	4
7117	1
7118	2
7119	4
7120	1
7121	1
7122	1
7123	2
7125	1
7126	6
7127	3
7129	2
7130	2
7131	2
7132	1
7133	2
7134	3
7135	3
7136	1
7137	2
7138	1
7139	2
7141	1
7142	2
7143	1
7144	1
7145	2
7146	2
7147	1
7148	1
7149	4
7150	3
7151	1
7152	3
7153	3
7154	1
7155	1
7156	2
7157	2
7158	1
7159	2
7160	2
7161	2
7162	1
7163	2
7164	1
7165	2
7166	2
7167	2
7168	2
7169	1
7172	3
7177	3
7178	4
7179	3
7180	3
7181	2
7182	5
7183	2
7185	1
7186	1
7188	2
7189	2
7190	3
7191	3
7192	4
7193	4
7194	2
7195	1
7196	2
7198	1
7199	1
7200	3
7201	1
7202	1
7203	4
7205	1
7207	5
7209	1
7210	4
7211	1
7214	5
7216	2
7217	1
7218	2
7220	4
7221	5
7222	2
7225	1
7226	1
7227	1
7228	2
7229	2
7230	2
7231	1
7232	2
7233	5
7234	2
7235	1
7236	1
7237	2
7238	2
7240	1
7241	3
7242	5
7243	3
7244	1
7245	1
7246	2
7247	5
7248	1
7249	2
7251	1
7252	2
7253	1
7254	1
7255	1
7256	1
7257	1
7259	2
7260	2
7261	2
7262	4
7263	1
7264	1
7265	1
7266	2
7267	1
7268	1
7269	2
7271	1
7272	2
7273	2
7274	1
7275	1
7278	1
7280	5
7281	4
7282	3
7283	2
7285	1
7286	3
7287	4
7288	1
7289	1
7290	4
7293	1
7296	1
7297	3
7298	1
7299	2
7300	2
7301	2
7302	2
7303	1
7304	2
7305	2
7306	2
7307	1
7309	2
7311	1
7312	3
7313	1
7314	3
7315	1
7316	1
7317	4
7319	1
7321	1
7322	1
7324	3
7325	2
7326	1
7327	2
7328	1
7329	1
7330	1
7333	2
7334	2
7335	2
7336	3
7337	1
7338	2
7340	2
7343	2
7345	1
7347	2
7348	2
7349	2
7350	3
7351	3
7353	2
7354	2
7355	1
7356	3
7358	3
7359	1
7360	2
7361	3
7362	1
7363	4
7364	2
7365	1
7366	3
7367	2
7368	4
7370	1
7374	1
7376	2
7377	4
7379	1
7380	2
7382	3
7383	1
7384	1
7385	1
7386	2
7388	3
7389	1
7390	2
7391	1
7392	1
7393	1
7394	3
7395	1
7396	1
7397	1
7398	1
7399	1
7400	3
7401	1
7402	3
7405	1
7406	4
7407	2
7409	3
7410	1
7411	1
7414	1
7416	3
7417	2
7418	1
7419	5
7420	2
7421	3
7422	3
7424	3
7425	1
7426	2
7428	1
7430	1
7431	1
7432	3
7433	1
7434	1
7435	1
7436	1
7437	2
7438	2
7439	2
7440	2
7441	1
7442	1
7444	2
7445	1
7446	3
7447	3
7449	1
7450	1
7451	5
7452	4
7454	1
7455	1
7457	1
7458	1
7459	1
7460	1
7461	5
7462	3
7463	1
7464	1
7467	2
7468	1
7469	4
7470	2
7471	4
7472	2
7473	2
7475	2
7476	1
7477	3
7478	1
7479	2
7480	2
7481	1
7483	5
7484	2
7485	2
7486	1
7487	2
7488	1
7490	1
7491	1
7492	4
7493	2
7494	2
7496	3
7499	1
7500	3
7501	1
7503	1
7504	2
7505	1
7506	2
7507	2
7508	1
7509	3
7510	5
7511	5
7512	1
7513	5
7515	3
7517	2
7518	1
7519	1
7520	1
7521	1
7524	3
7525	2
7526	3
7528	3
7529	3
7530	2
7531	1
7532	1
7533	2
7534	2
7535	3
7536	2
7537	2
7540	1
7541	1
7542	1
7545	3
7546	1
7548	2
7550	2
7551	3
7552	1
7553	3
7555	1
7556	1
7557	1
7558	2
7559	2
7560	2
7561	2
7562	1
7563	2
7564	2
7565	1
7566	4
7569	3
7570	2
7572	3
7573	1
7574	1
7575	1
7576	1
7577	1
7578	2
7579	2
7580	1
7581	1
7583	2
7584	1
7585	2
7586	1
7587	1
7589	1
7590	2
7591	1
7592	1
7593	1
7594	2
7596	1
7597	1
7598	1
7599	2
7602	2
7603	2
7606	4
7607	2
7608	1
7609	3
7610	1
7611	1
7612	1
7613	1
7614	2
7615	1
7616	2
7617	2
7618	1
7620	1
7622	1
7623	1
7625	1
7626	1
7627	2
7628	2
7629	3
7630	2
7631	1
7632	2
7633	3
7635	1
7637	2
7638	2
7639	1
7641	3
7642	2
7644	2
7645	2
7646	2
7647	2
7648	2
7652	1
7653	1
7655	1
7656	1
7657	3
7658	1
7659	3
7662	1
7663	1
7664	2
7665	1
7666	3
7668	1
7669	1
7670	1
7671	2
7674	3
7675	1
7676	2
7677	1
7678	1
7679	3
7680	1
7681	1
7682	2
7683	3
7684	1
7685	2
7686	2
7688	3
7689	2
7691	2
7692	1
7694	2
7695	2
7696	2
7697	1
7699	2
7701	2
7702	1
7703	1
7704	1
7705	2
7706	1
7707	6
7708	1
7710	4
7713	2
7714	3
7715	2
7717	2
7719	2
7720	3
7721	3
7722	3
7724	4
7725	4
7726	2
7729	1
7730	2
7731	3
7732	2
7733	1
7734	1
7735	1
7737	1
7738	1
7739	2
7741	3
7743	3
7745	1
7747	1
7748	2
7749	1
7750	1
7753	2
7756	3
7757	1
7758	1
7759	1
7760	1
7762	1
7763	2
7768	2
7769	3
7770	3
7771	3
7772	1
7773	3
7774	1
7775	1
7776	6
7779	4
7780	1
7782	2
7783	1
7784	1
7785	1
7790	4
7791	4
7793	1
7795	2
7796	1
7797	2
7799	1
7801	1
7803	4
7804	1
7805	2
7806	1
7807	1
7808	2
7811	1
7812	2
7813	1
7814	2
7815	5
7816	4
7817	3
7818	1
7819	1
7820	1
7821	3
7822	1
7823	2
7824	2
7825	3
7826	4
7827	4
7828	1
7831	3
7833	1
7834	2
7835	2
7836	2
7837	1
7839	1
7840	2
7843	2
7844	3
7846	1
7847	3
7848	1
7849	4
7850	1
7851	1
7852	2
7854	4
7856	1
7858	1
7860	2
7861	2
7863	3
7864	1
7865	1
7866	1
7868	1
7870	2
7871	2
7873	1
7875	2
7876	1
7877	1
7879	2
7882	3
7883	4
7885	3
7886	2
7887	1
7890	2
7892	2
7893	1
7894	1
7895	1
7896	1
7897	1
7899	2
7900	1
7902	2
7903	1
7904	3
7906	2
7907	1
7909	1
7911	1
7913	2
7918	1
7919	1
7920	1
7921	2
7925	5
7926	2
7927	1
7929	5
7931	1
7932	1
7934	1
7937	2
7939	3
7940	1
7941	1
7942	3
7944	4
7945	1
7946	2
7947	1
7948	2
7949	3
7950	3
7951	1
7953	1
7955	2
7957	2
7958	3
7959	2
7960	1
7962	2
7963	5
7964	1
7967	1
7969	1
7972	3
7974	2
7976	2
7977	3
7978	2
7980	2
7981	4
7982	1
7983	4
7985	1
7987	2
7988	1
7989	1
7990	7
7991	3
7993	2
7995	1
7998	1
7999	2
8001	1
8002	1
8003	1
8004	1
8005	1
8006	1
8007	1
8009	1
8010	1
8011	4
8018	2
8020	1
8021	2
8023	3
8024	1
8025	1
8026	3
8027	3
8028	2
8032	1
8033	2
8035	2
8036	1
8037	1
8039	2
8040	3
8041	3
8042	1
8043	1
8044	2
8045	1
8046	1
8048	1
8050	1
8051	1
8052	2
8054	1
8055	1
8057	2
8059	2
8060	1
8062	2
8063	2
8064	1
8065	1
8067	1
8068	1
8069	2
8073	2
8074	1
8077	1
8078	1
8079	2
8080	1
8082	1
8084	2
8085	1
8087	3
8088	1
8089	2
8090	1
8092	1
8094	3
8095	1
8096	1
8098	2
8100	3
8101	3
8102	1
8104	1
8105	1
8106	3
8108	1
8109	2
8110	1
8111	1
8114	2
8117	1
8118	1
8120	2
8121	2
8123	1
8125	1
8126	1
8129	2
8131	1
8132	1
8133	1
8135	2
8138	2
8139	2
8140	2
8141	2
8142	4
8143	2
8144	3
8145	3
8146	1
8147	2
8148	2
8149	2
8151	3
8154	2
8156	2
8157	1
8159	2
8160	2
8161	3
8162	2
8164	1
8165	2
8166	2
8167	2
8168	2
8169	1
8171	1
8172	1
8173	1
8175	1
8176	1
8178	3
8179	2
8181	3
8183	2
8184	2
8185	1
8186	3
8187	1
8190	2
8191	2
8192	1
8195	1
8197	1
8198	1
8199	3
8200	1
8201	1
8202	3
8204	1
8205	1
8206	3
8207	3
8209	2
8210	1
8213	3
8214	1
8216	1
8217	3
8218	1
8220	2
8221	1
8222	2
8225	1
8230	2
8231	1
8232	1
8233	5
8236	1
8237	1
8240	1
8241	1
8242	2
8243	1
8244	1
8245	2
8248	1
8249	1
8251	2
8252	1
8254	2
8255	1
8256	1
8257	1
8258	1
8259	1
8260	1
8261	1
8263	1
8264	2
8267	2
8269	1
8270	3
8271	1
8272	1
8273	1
8274	1
8275	2
8276	1
8277	1
8278	2
8279	1
8281	3
8282	1
8283	2
8284	1
8285	1
8286	2
8287	1
8288	4
8289	2
8290	2
8291	3
8292	2
8293	1
8294	5
8296	2
8297	3
8299	2
8300	1
8301	1
8302	2
8304	1
8305	1
8306	2
8308	1
8309	1
8310	2
8311	2
8312	2
8315	1
8316	3
8320	1
8322	4
8323	1
8324	2
8325	1
8326	1
8327	2
8328	1
8329	1
8330	1
8331	1
8332	1
8335	1
8336	1
8337	3
8341	1
8342	1
8343	2
8346	1
8350	2
8351	1
8353	1
8356	2
8358	1
8359	3
8360	2
8362	1
8364	1
8365	4
8366	3
8367	1
8368	2
8369	2
8371	1
8373	1
8374	1
8376	1
8378	1
8379	1
8381	2
8382	2
8383	1
8385	1
8387	3
8388	1
8389	3
8390	2
8391	1
8393	1
8394	2
8396	1
8397	3
8399	1
8401	1
8403	2
8405	2
8406	2
8407	1
8409	2
8411	3
8413	1
8414	3
8415	1
8416	2
8419	1
8422	1
8424	3
8425	1
8426	2
8427	1
8428	1
8430	2
8434	1
8435	1
8437	1
8439	1
8440	4
8441	2
8443	4
8444	1
8445	1
8446	1
8447	2
8448	2
8450	2
8451	2
8452	2
8453	2
8454	1
8455	1
8457	5
8458	1
8459	4
8460	1
8462	3
8464	1
8466	2
8467	1
8468	1
8469	1
8470	2
8471	1
8472	1
8476	1
8477	2
8478	1
8479	2
8480	3
8481	3
8483	2
8484	1
8485	2
8486	1
8487	2
8488	3
8489	3
8490	1
8491	1
8492	2
8493	2
8494	1
8495	2
8496	1
8497	1
8498	3
8499	1
8501	3
8502	1
8503	1
8505	2
8506	1
8507	1
8508	1
8509	2
8510	1
8511	2
8512	3
8513	2
8514	3
8515	2
8520	1
8521	1
8522	2
8523	1
8524	3
8525	1
8526	2
8527	1
8529	2
8530	2
8531	2
8532	2
8534	3
8535	2
8536	1
8537	3
8538	3
8539	2
8542	1
8543	2
8544	1
8545	2
8546	1
8547	4
8548	1
8549	1
8550	2
8551	1
8552	1
8554	2
8555	2
8557	3
8558	5
8560	1
8562	1
8563	1
8565	1
8566	1
8567	1
8569	1
8570	1
8571	1
8572	1
8574	3
8577	1
8579	2
8580	1
8583	1
8584	1
8586	1
8587	3
8588	1
8589	2
8590	1
8592	1
8595	2
8596	3
8597	1
8598	1
8599	1
8601	1
8602	3
8603	2
8604	1
8605	2
8607	1
8608	3
8609	3
8610	1
8615	2
8618	1
8619	3
8620	3
8622	2
8623	1
8624	3
8627	1
8628	4
8630	2
8631	1
8633	1
8634	2
8636	1
8637	1
8638	2
8641	2
8642	1
8644	1
8645	2
8646	3
8647	1
8648	1
8649	2
8650	1
8652	1
8655	2
8656	1
8657	1
8659	1
8661	1
8662	2
8663	1
8664	1
8665	2
8667	1
8669	1
8671	1
8672	2
8675	3
8676	1
8677	2
8678	2
8679	2
8680	1
8681	1
8682	1
8684	1
8685	3
8686	1
8687	1
8688	1
8689	1
8690	1
8693	1
8694	1
8695	1
8696	1
8698	2
8702	1
8703	1
8704	2
8705	1
8706	4
8707	1
8708	5
8709	2
8710	1
8711	3
8712	1
8713	1
8714	1
8716	1
8719	1
8720	2
8725	1
8731	1
8734	1
8737	3
8738	1
8740	2
8741	1
8742	1
8743	1
8749	1
8750	1
8752	2
8754	2
8756	1
8758	1
8760	1
8761	1
8763	1
8764	1
8765	2
8766	2
8767	3
8768	1
8770	2
8773	1
8774	1
8775	1
8776	2
8779	4
8780	2
8781	1
8782	1
8783	2
8784	3
8785	1
8787	2
8788	1
8789	1
8790	1
8791	2
8792	1
8793	3
8795	2
8797	1
8800	2
8802	1
8803	3
8804	1
8805	2
8808	3
8809	2
8811	1
8812	1
8813	2
8815	1
8816	4
8817	1
8819	1
8820	1
8822	1
8823	1
8824	2
8826	1
8827	2
8828	2
8831	1
8833	1
8834	2
8835	4
8836	2
8837	1
8839	1
8840	2
8841	2
8843	2
8844	3
8847	1
8848	1
8851	1
8852	2
8854	1
8855	1
8856	1
8857	2
8858	2
8859	1
8860	2
8861	2
8862	1
8867	1
8868	2
8869	2
8870	1
8871	2
8873	1
8874	1
8875	1
8876	2
8877	1
8879	1
8880	1
8881	1
8882	2
8883	1
8884	1
8885	1
8887	1
8889	2
8893	4
8895	2
8901	3
8902	1
8903	2
8904	2
8907	1
8908	1
8909	2
8910	1
8911	2
8913	2
8914	1
8915	1
8918	1
8920	3
8921	1
8923	1
8924	2
8925	2
8928	1
8929	1
8932	2
8933	2
8934	1
8935	2
8940	1
8943	2
8944	1
8946	1
8948	3
8951	1
8957	1
8958	2
8961	1
8962	2
8963	1
8968	2
8970	1
8972	2
8973	1
8977	1
8978	3
8979	2
8982	1
8983	3
8986	2
8987	2
8988	1
8989	1
8990	2
8992	2
8993	2
8995	2
8997	2
8998	1
9000	1
9001	1
9002	2
9003	1
9004	1
9005	2
9007	1
9009	1
9010	1
9011	1
9012	2
9013	2
9014	5
9018	1
9019	1
9021	1
9024	1
9026	4
9027	2
9029	1
9031	1
9034	2
9035	2
9036	3
9039	1
9042	2
9045	2
9046	1
9048	2
9049	1
9050	1
9051	1
9052	1
9055	2
9056	2
9060	1
9061	3
9065	2
9066	1
9069	1
9071	2
9073	2
9076	2
9077	1
9078	1
9079	2
9082	2
9083	2
9085	2
9088	2
9089	1
9093	1
9096	3
9097	1
9098	2
9099	4
9100	1
9101	1
9103	2
9105	1
9108	2
9110	1
9111	1
9113	2
9114	2
9115	3
9119	4
9120	4
9122	1
9124	1
9126	1
9127	1
9128	1
9129	1
9131	2
9132	1
9137	2
9138	2
9140	1
9141	2
9142	1
9147	3
9148	1
9149	1
9150	1
9151	1
9152	1
9153	2
9158	1
9160	2
9161	2
9163	1
9164	2
9165	1
9166	1
9170	1
9172	3
9173	1
9175	1
9178	1
9179	1
9180	2
9181	1
9182	1
9185	2
9186	4
9190	1
9191	3
9193	1
9195	1
9196	1
9197	2
9198	2
9202	2
9205	2
9206	2
9209	1
9210	1
9211	2
9215	2
9217	1
9218	3
9224	1
9226	1
9230	1
9231	3
9232	1
9233	1
9234	2
9235	1
9237	3
9239	2
9240	1
9241	1
9242	1
9245	2
9248	1
9250	3
9255	3
9256	2
9260	2
9262	1
9263	1
9265	2
9266	2
9267	2
9268	3
9269	1
9270	3
9271	1
9275	1
9276	1
9280	3
9284	1
9285	2
9286	1
9288	1
9290	2
9291	1
9293	1
9295	2
9297	1
9298	2
9299	1
9300	1
9302	1
9304	2
9307	1
9308	2
9309	3
9311	2
9312	2
9314	1
9315	1
9317	1
9319	1
9320	2
9321	1
9324	3
9326	1
9329	1
9330	2
9331	3
9332	3
9335	1
9337	1
9338	1
9339	2
9340	2
9341	2
9343	1
9344	1
9345	2
9346	2
9347	3
9348	2
9349	3
9351	1
9352	3
9354	1
9355	1
9356	2
9357	1
9358	1
9361	1
9363	2
9364	1
9367	3
9368	1
9370	1
9372	1
9374	1
9375	1
9376	1
9377	1
9379	1
9380	1
9381	2
9383	1
9384	1
9385	1
9387	2
9389	2
9390	2
9393	1
9394	2
9395	2
9396	1
9399	1
9400	1
9404	1
9408	1
9410	2
9411	1
9412	2
9413	1
9415	1
9416	1
9417	3
9418	1
9419	1
9421	3
9422	1
9427	3
9428	1
9429	1
9432	2
9434	1
9435	2
9441	1
9442	1
9447	5
9448	1
9449	2
9450	1
9453	2
9455	1
9458	2
9459	1
9460	1
9461	1
9464	2
9466	1
9467	1
9468	1
9469	1
9470	2
9473	2
9474	3
9477	2
9478	2
9486	3
9488	2
9489	1
9490	5
9491	1
9496	1
9497	1
9501	3
9503	1
9507	3
9508	3
9509	2
9510	1
9511	1
9512	2
9513	1
9514	2
9517	2
9519	1
9520	1
9523	1
9524	1
9526	1
9528	2
9529	1
9531	1
9532	2
9533	1
9534	1
9536	1
9538	1
9539	1
9542	1
9543	1
9544	1
9545	2
9547	2
9548	1
9549	1
9550	1
9551	1
9554	3
9556	2
9559	2
9560	1
9561	1
9562	1
9563	1
9567	1
9568	3
9571	1
9575	1
9576	3
9577	1
9578	3
9580	2
9581	1
9582	1
9583	1
9585	1
9586	2
9587	1
9591	1
9593	1
9596	1
9597	1
9600	2
9601	1
9602	1
9604	1
9606	1
9608	1
9610	2
9618	1
9621	1
9622	1
9623	1
9626	2
9627	2
9628	2
9629	2
9632	1
9634	1
9639	2
9644	1
9646	1
9648	3
9649	1
9651	2
9653	2
9654	2
9657	1
9658	1
9659	1
9660	1
9662	2
9664	3
9666	1
9671	3
9672	1
9675	1
9676	1
9677	4
9678	1
9680	1
9682	1
9683	1
9684	1
9685	1
9689	2
9691	1
9692	1
9693	2
9695	1
9696	1
9699	2
9700	2
9702	1
9709	2
9710	1
9711	1
9712	1
9713	1
9715	1
9716	3
9718	1
9719	1
9720	1
9722	3
9723	1
9724	1
9725	1
9726	1
9729	1
9730	2
9731	1
9733	1
9734	1
9736	1
9738	2
9739	1
9740	1
9742	1
9743	2
9744	1
9746	1
9752	3
9754	1
9755	2
9756	1
9758	2
9759	2
9762	1
9766	1
9767	1
9769	1
9770	1
9771	1
9774	2
9775	1
9777	1
9778	1
9781	1
9783	1
9784	1
9787	1
9789	2
9790	1
9791	2
9794	2
9796	2
9800	1
9803	1
9806	1
9812	1
9813	1
9816	1
9817	1
9819	1
9821	1
9823	2
9824	1
9826	1
9827	2
9828	1
9829	1
9833	1
9834	1
9836	1
9844	1
9845	1
9846	2
9847	2
9848	1
9849	2
9851	1
9855	1
9857	1
9858	1
9859	1
9860	1
9861	2
9862	1
9863	2
9865	1
9870	1
9872	2
9875	2
9878	1
9880	2
9881	2
9882	2
9883	1
9888	1
9889	1
9890	2
9893	1
9894	1
9895	1
9898	1
9899	1
9900	1
9901	1
9903	2
9904	1
9909	1
9910	2
9911	1
9912	1
9914	1
9915	3
9921	2
9922	1
9924	1
9928	1
9929	1
9932	1
9935	1
9936	1
9939	1
9941	3
9942	1
9943	1
9948	1
9949	1
9952	1
9953	2
9955	1
9958	1
9961	1
9963	1
9964	2
9965	1
9968	1
9969	1
9970	2
9971	1
9972	1
9973	1
9974	2
9975	3
9976	1
9977	3
9978	1
9981	1
9982	2
9983	1
9984	1
9985	2
9986	2
9989	1
9991	1
9992	1
9993	2
9995	1
9998	1
9999	1
10002	1
10005	1
10006	2
10008	1
10011	1
10012	2
10013	2
10014	2
10015	1
10016	1
10017	1
10019	1
10020	1
10024	2
10025	1
10026	2
10027	2
10028	2
10029	1
10030	1
10031	2
10033	1
10034	1
10035	2
10037	2
10038	1
10039	1
10040	2
10041	1
10042	1
10043	1
10044	1
10046	1
10048	1
10049	1
10051	1
10053	1
10055	1
10056	1
10057	1
10058	1
10064	1
10069	1
10070	1
10072	2
10073	1
10075	1
10076	1
10077	2
10078	1
10080	1
10082	1
10084	2
10085	3
10087	1
10088	1
10089	4
10090	1
10092	2
10096	1
10101	1
10102	2
10103	1
10104	1
10105	2
10107	1
10108	3
10110	1
10112	1
10114	1
10118	2
10122	1
10123	2
10124	1
10133	1
10135	1
10140	1
10141	1
10142	2
10143	2
10144	1
10146	1
10148	1
10153	2
10160	1
10161	1
10166	1
10170	1
10171	1
10176	1
10177	2
10178	1
10179	1
10187	1
10188	1
10191	1
10192	1
10198	1
10199	3
10204	1
10211	1
10212	1
10213	1
10214	1
10215	1
10216	2
10219	2
10221	2
10225	3
10227	1
10234	1
10235	1
10236	2
10237	1
10239	2
10240	1
10241	2
10243	1
10244	1
10248	1
10249	1
10253	1
10254	1
10255	1
10256	1
10257	3
10262	2
10263	1
10275	1
10276	1
10278	1
10280	1
10281	1
10282	3
10285	1
10286	1
10287	1
10288	2
10289	1
10290	1
10293	1
10294	1
10295	1
10298	1
10300	2
10302	1
10306	5
10313	1
10314	2
10315	3
10316	1
10317	1
10318	1
10321	1
10322	1
10323	2
10324	2
10325	1
10327	2
10329	2
10331	2
10334	1
10335	1
10337	1
10341	1
10343	2
10345	2
10353	4
10355	1
10356	1
10357	1
10361	1
10362	2
10363	1
10366	1
10368	1
10370	1
10371	1
10372	1
10373	1
10374	1
10380	2
10382	2
10385	2
10386	1
10388	4
10391	2
10396	1
10399	1
10402	1
10405	2
10406	1
10407	1
10414	2
10418	1
10420	1
10421	2
10424	1
10426	1
10427	1
10430	1
10431	1
10434	2
10437	1
10438	1
10441	2
10443	1
10447	1
10449	1
10450	1
10452	1
10454	1
10457	1
10458	1
10461	1
10470	1
10471	1
10472	2
10473	1
10474	1
10475	1
10476	2
10478	2
10479	2
10482	1
10485	1
10487	1
10497	1
10500	3
10502	1
10507	2
10509	2
10510	1
10511	1
10514	1
10516	1
10517	1
10518	4
10521	2
10525	1
10526	2
10529	2
10534	1
10541	1
10546	1
10548	2
10549	1
10554	1
10555	1
10557	1
10559	2
10560	4
10561	1
10563	1
10564	1
10565	1
10566	1
10568	1
10569	1
10571	1
10573	1
10575	2
10577	2
10582	1
10585	1
10598	2
10604	1
10607	1
10616	1
10617	1
10619	1
10620	2
10621	1
10623	1
10624	1
10625	2
10627	1
10628	1
10632	1
10633	1
10636	1
10639	1
10641	1
10642	1
10649	1
10650	1
10651	3
10655	1
10656	2
10658	1
10659	1
10660	2
10665	1
10667	1
10668	1
10673	1
10674	1
10675	1
10678	1
10679	1
10682	1
10684	1
10687	1
10688	1
10690	1
10694	3
10695	1
10696	1
10697	1
10704	1
10706	1
10709	1
10711	1
10713	3
10714	2
10723	1
10729	1
10731	1
10732	1
10735	1
10738	2
10739	1
10740	1
10741	1
10742	3
10745	1
10748	2
10752	1
10753	1
10756	2
10757	1
10759	2
10760	2
10761	2
10762	1
10763	2
10764	1
10766	1
10768	2
10769	1
10771	2
10772	1
10773	1
10780	2
10782	1
10783	1
10786	1
10790	2
10792	1
10794	1
10795	1
10804	1
10805	1
10807	1
10810	1
10812	1
10813	3
10814	1
10817	1
10821	1
10822	1
10824	1
10827	1
10828	1
10829	2
10830	2
10831	1
10836	1
10840	1
10842	1
10844	1
10846	2
10851	2
10853	1
10856	1
10858	3
10860	2
10866	3
10873	1
10874	2
10876	2
10881	1
10883	1
10884	2
10885	2
10889	1
10890	1
10899	1
10901	1
10903	1
10913	1
10914	1
10917	2
10918	1
10920	3
10922	1
10926	2
10929	1
10931	1
10932	1
10933	1
10937	2
10938	1
10942	1
10944	1
10947	1
10948	1
10951	1
10956	2
10960	1
10961	1
10964	1
10968	1
10970	1
10972	3
10973	1
10975	2
10979	1
10983	1
10984	1
10985	1
10988	1
10992	1
10994	1
10997	2
10998	1
10999	1
11001	1
11002	1
11003	1
11004	1
11005	1
11007	1
11010	1
11012	1
11017	2
11018	2
11019	2
11020	3
11024	2
11026	1
11028	2
11029	1
11034	1
11035	1
11037	2
11038	1
11039	1
11040	1
11044	1
11049	1
11050	1
11052	1
11056	1
11062	1
11063	2
11064	4
11066	3
11068	1
11070	1
11071	1
11072	1
11078	1
11083	2
11097	1
11098	2
11106	2
11109	1
11112	1
11113	1
11117	1
11126	1
11127	2
11129	1
11130	1
11133	2
11134	2
11135	1
11137	1
11138	1
11139	2
11141	2
11142	1
11143	1
11145	2
11148	3
11149	1
11154	1
11155	1
11156	1
11159	3
11161	2
11164	1
11165	1
11167	2
11175	1
11176	2
11177	1
11180	2
11183	2
11185	1
11188	2
11190	1
11192	2
11193	2
11195	2
11198	1
11201	1
11202	1
11206	1
11213	1
11214	1
11215	1
11218	1
11219	3
11222	2
11225	1
11228	1
11230	1
11232	1
11234	1
11236	1
11239	1
11240	1
11244	1
11245	1
11250	1
11252	2
11254	1
11256	1
11259	2
11260	2
11271	1
11278	1
11279	1
11280	1
11284	1
11285	2
11291	1
11294	1
11298	1
11303	1
11305	1
11306	2
11309	1
11312	1
11318	1
11320	1
11321	1
11324	1
11326	1
11332	2
11335	1
11336	1
11337	1
11338	2
11339	1
11344	2
11347	2
11350	1
11351	1
11352	1
11353	1
11354	1
11355	1
11356	1
11358	1
11362	1
11364	1
11369	1
11370	1
11377	1
11381	2
11383	1
11386	1
11390	1
11391	1
11392	1
11393	1
11394	2
11395	1
11405	4
11408	2
11409	1
11412	2
11413	2
11415	1
11416	1
11417	1
11419	1
11422	2
11423	1
11424	1
11426	1
11431	1
11439	1
11440	1
11444	1
11449	2
11451	1
11452	1
11454	1
11455	2
11458	1
11460	1
11463	1
11466	4
11467	1
11468	1
11469	2
11471	1
11475	1
11478	1
11481	1
11482	1
11483	1
11492	2
11498	1
11499	1
11500	2
11501	1
11510	1
11513	2
11514	2
11516	1
11517	2
11518	1
11521	1
11522	1
11523	1
11530	2
11534	2
11538	1
11540	1
11542	1
11549	1
11552	1
11553	1
11555	1
11559	1
11561	1
11565	2
11572	1
11573	1
11576	2
11577	3
11579	1
11580	1
11585	1
11589	1
11590	1
11594	1
11597	1
11598	1
11606	1
11610	1
11611	2
11613	1
11614	1
11616	1
11619	1
11620	2
11622	2
11626	1
11628	1
11630	2
11636	1
11638	2
11639	1
11640	3
11641	1
11650	1
11651	2
11653	1
11655	1
11661	2
11663	2
11665	1
11669	2
11676	1
11678	1
11679	1
11680	2
11681	2
11682	1
11684	1
11688	1
11689	1
11692	1
11700	1
11703	1
11704	1
11705	1
11706	1
11708	1
11717	1
11720	1
11722	1
11727	2
11728	1
11729	1
11730	1
11740	1
11742	1
11745	1
11749	1
11752	2
11756	1
11758	1
11764	1
11766	2
11767	1
11768	1
11770	1
11771	1
11772	1
11775	2
11779	1
11783	1
11792	2
11797	1
11800	1
11805	3
11807	1
11808	1
11809	2
11810	1
11816	1
11817	1
11818	1
11819	1
11821	2
11822	1
11823	2
11824	1
11826	2
11829	1
11837	2
11840	2
11843	1
11844	1
11845	1
11846	1
11848	2
11849	2
11851	1
11853	1
11856	1
11865	1
11866	1
11869	2
11870	1
11872	1
11876	1
11886	1
11887	2
11888	1
11894	1
11896	1
11900	2
11902	2
11905	1
11909	1
11910	1
11911	1
11919	1
11924	3
11927	1
11928	1
11929	1
11931	1
11934	2
11935	2
11936	1
11941	1
11942	1
11946	1
11956	1
11957	1
11959	1
11965	1
11967	1
11972	2
11973	2
11974	1
11976	1
11983	1
11985	1
11990	3
11998	1
11999	1
12000	1
12002	1
12003	1
12007	1
12008	2
12010	2
12012	1
12013	1
12015	1
12016	1
12021	1
12025	1
12026	1
12027	1
12031	1
12032	1
12034	1
12038	1
12045	1
12047	1
12052	1
12053	1
12057	1
12061	2
12062	2
12065	1
12066	1
12067	1
12070	1
12077	1
12078	1
12081	1
12082	1
12096	1
12098	1
12099	1
12100	1
12101	2
12103	1
12104	1
12107	1
12109	1
12113	1
12119	2
12126	1
12131	2
12132	1
12133	1
12138	1
12139	1
12142	1
12147	1
12148	1
12151	1
12154	1
12160	1
12162	1
12163	1
12167	1
12170	1
12171	1
12177	1
12178	1
12179	1
12180	1
12181	1
12190	2
12195	1
12196	1
12204	1
12209	2
12211	1
12212	1
12213	1
12220	1
12223	1
12224	1
12226	1
12232	1
12234	1
12236	1
12247	1
12248	2
12249	1
12252	1
12254	1
12256	1
12263	1
12268	1
12275	3
12277	2
12280	1
12286	1
12288	2
12290	1
12292	1
12294	3
12297	1
12298	1
12302	1
12303	1
12304	1
12305	1
12309	1
12310	1
12315	1
12321	1
12326	4
12327	1
12330	1
12331	1
12338	1
12341	1
12343	1
12344	2
12348	3
12349	3
12362	1
12364	1
12366	1
12368	1
12369	1
12371	1
12373	1
12374	1
12375	1
12376	1
12377	1
12378	1
12380	1
12382	1
12384	1
12388	1
12394	1
12396	2
12397	1
12399	2
12400	1
12406	1
12408	1
12415	1
12417	2
12420	1
12422	1
12425	1
12428	1
12430	1
12432	1
12436	1
12437	1
12441	1
12443	1
12444	1
12449	1
12452	2
12457	1
12458	1
12461	1
12473	1
12479	1
12480	1
12483	1
12484	2
12488	1
12494	1
12500	1
12501	2
12507	1
12508	2
12510	1
12511	2
12512	1
12514	1
12517	1
12518	1
12522	1
12532	1
12536	1
12543	1
12551	1
12553	1
12555	1
12557	2
12558	1
12572	2
12573	1
12574	1
12576	1
12577	1
12579	1
12582	1
12586	1
12590	3
12591	1
12593	1
12594	1
12595	1
12606	1
12607	1
12608	1
12611	1
12614	1
12615	1
12617	1
12624	1
12625	1
12628	1
12631	1
12632	2
12635	1
12638	1
12639	2
12643	1
12644	1
12652	2
12662	2
12664	1
12665	1
12668	4
12669	1
12670	3
12672	1
12677	1
12681	2
12683	1
12685	1
12686	1
12688	1
12690	1
12693	1
12695	1
12696	1
12697	1
12699	3
12702	1
12704	1
12720	1
12721	1
12722	1
12729	3
12730	1
12733	2
12736	1
12737	1
12741	1
12746	1
12749	1
12754	2
12756	1
12757	2
12762	4
12764	1
12765	1
12766	1
12768	1
12774	1
12777	1
12780	1
12783	1
12784	1
12785	1
12791	1
12795	1
12800	1
12804	2
12805	3
12809	1
12810	1
12815	1
12822	1
12825	1
12828	1
12830	2
12832	1
12840	1
12846	1
12849	1
12853	1
12855	1
12860	1
12862	2
12873	1
12874	1
12880	3
12882	1
12885	1
12887	2
12893	1
12896	1
12899	2
12902	1
12906	1
12910	1
12913	1
12920	2
12926	1
12929	1
12931	1
12934	1
12941	2
12943	1
12945	1
12951	1
12958	2
12962	1
12963	2
12964	1
12969	1
12970	1
12976	1
12982	1
12992	1
12996	1
13000	1
13001	1
13004	1
13013	1
13030	1
13033	2
13038	2
13044	1
13046	1
13048	1
13049	2
13065	1
13066	1
13069	1
13071	1
13075	1
13078	1
13094	1
13095	2
13104	1
13108	1
13112	1
13114	1
13119	1
13120	1
13121	1
13132	1
13133	1
13137	1
13138	1
13141	1
13142	1
13147	1
13154	1
13156	1
13158	1
13160	1
13162	1
13165	1
13175	2
13179	1
13182	2
13183	1
13185	2
13187	1
13193	1
13196	2
13198	1
13202	1
13205	1
13226	1
13227	1
13234	1
13235	1
13247	1
13249	1
13250	1
13259	1
13264	1
13266	1
13271	1
13272	1
13276	1
13278	1
13280	1
13282	1
13284	1
13287	1
13289	1
13295	1
13298	2
13304	1
13305	1
13320	1
13321	1
13322	1
13329	1
13331	1
13332	2
13335	1
13339	1
13345	1
13350	2
13351	1
13353	1
13354	2
13356	1
13357	1
13374	1
13385	1
13386	1
13396	1
13397	1
13399	4
13401	1
13404	1
13410	1
13418	1
13420	1
13421	2
13422	1
13426	1
13431	1
13438	1
13445	1
13448	1
13456	1
13459	1
13460	1
13462	1
13473	1
13476	1
13479	1
13481	1
13492	1
13497	1
13498	1
13500	1
13504	2
13505	1
13509	2
13512	1
13518	1
13529	1
13532	2
13536	1
13544	1
13547	1
13549	2
13551	1
13554	1
13561	1
13567	1
13568	1
13569	1
13575	1
13576	2
13579	1
13587	1
13590	1
13591	1
13600	1
13604	1
13606	2
13608	1
13611	2
13614	1
13617	1
13622	1
13629	1
13631	1
13633	1
13643	1
13647	1
13661	1
13669	1
13677	1
13680	1
13686	1
13692	1
13693	2
13696	2
13707	2
13713	1
13716	1
13718	1
13722	1
13727	1
13730	2
13738	2
13741	1
13742	1
13745	2
13752	1
13753	2
13764	1
13770	1
13779	1
13782	1
13792	1
13801	2
13804	1
13806	2
13811	2
13823	2
13825	1
13826	1
13833	1
13834	1
13836	1
13837	1
13839	1
13840	1
13842	2
13845	1
13847	1
13848	1
13856	1
13857	1
13859	1
13865	1
13867	1
13870	1
13878	1
13881	1
13884	1
13897	1
13899	1
13902	1
13904	1
13909	1
13913	2
13932	1
13939	1
13941	1
13952	2
13956	1
13960	1
13961	1
13968	1
13970	1
13972	1
13973	1
13974	1
13975	1
13976	2
13978	1
13980	1
13985	1
13997	1
13998	1
14001	1
14009	1
14010	1
14012	1
14018	1
14022	1
14028	1
14030	1
14034	1
14035	1
14044	1
14045	1
14047	1
14050	1
14052	1
14054	1
14056	1
14058	2
14062	2
14067	1
14071	2
14073	1
14079	1
14080	1
14085	1
14097	1
14100	1
14102	1
14109	1
14116	1
14118	1
14121	1
14128	1
14132	1
14137	2
14144	1
14153	1
14156	1
14158	1
14161	1
14168	1
14170	1
14177	1
14187	1
14191	2
14195	1
14209	1
14214	1
14221	1
14229	1
14232	1
14237	1
14243	1
14253	1
14263	1
14264	1
14269	1
14274	1
14279	1
14280	1
14281	1
14285	1
14288	1
14290	2
14295	1
14297	1
14298	1
14304	1
14306	1
14316	2
14320	1
14321	1
14325	1
14328	1
14329	1
14330	1
14333	1
14337	1
14344	1
14346	1
14350	1
14363	1
14371	1
14375	1
14383	1
14391	1
14402	2
14406	1
14410	1
14414	1
14418	1
14426	1
14427	1
14429	1
14430	1
14431	1
14453	2
14458	1
14470	1
14479	1
14484	1
14487	1
14496	1
14502	1
14509	1
14515	1
14517	1
14528	1
14530	1
14534	1
14541	1
14542	1
14550	1
14553	2
14565	1
14566	1
14576	1
14600	1
14608	1
14624	2
14625	1
14626	1
14629	1
14632	2
14637	1
14638	1
14648	1
14656	1
14670	1
14677	1
14678	1
14683	1
14685	1
14694	2
14716	1
14718	1
14723	1
14732	1
14735	1
14736	1
14738	1
14746	1
14748	1
14752	1
14754	1
14758	1
14759	1
14765	1
14767	1
14769	1
14776	3
14789	1
14798	1
14800	2
14804	1
14807	1
14808	1
14819	1
14835	1
14839	1
14842	1
14848	1
14857	1
14859	1
14860	1
14864	1
14870	1
14872	1
14918	2
14919	1
14933	1
14937	1
14944	1
14952	1
14953	1
14957	1
14965	1
14978	1
14983	1
14985	2
14986	1
14989	1
14999	1
15002	1
15016	1
15031	1
15032	1
15036	2
15039	1
15042	1
15062	1
15065	1
15067	2
15069	1
15088	1
15090	1
15092	1
15103	1
15110	2
15117	1
15118	1
15125	1
15135	1
15140	1
15142	1
15153	1
15161	1
15163	1
15169	1
15171	1
15174	1
15175	1
15176	1
15177	1
15187	1
15193	1
15197	1
15200	1
15203	1
15209	1
15226	1
15237	1
15247	2
15249	1
15252	1
15281	1
15286	1
15295	1
15297	2
15301	1
15302	1
15308	1
15312	1
15318	1
15322	1
15327	1
15334	1
15340	1
15343	1
15345	1
15346	2
15348	1
15349	1
15351	1
15359	1
15362	1
15379	1
15386	1
15388	1
15392	1
15402	1
15410	1
15417	1
15418	1
15428	1
15438	1
15447	1
15449	1
15450	1
15459	1
15471	1
15485	1
15491	1
15497	1
15505	1
15506	1
15522	1
15524	2
15530	1
15536	1
15539	1
15565	1
15566	1
15578	1
15580	1
15596	1
15617	1
15618	1
15639	1
15652	1
15678	3
15685	1
15721	1
15722	1
15727	1
15736	1
15740	1
15750	1
15755	1
15761	1
15762	1
15786	1
15807	2
15815	1
15822	1
15824	1
15825	1
15833	1
15841	2
15854	1
15870	1
15888	1
15896	1
15901	1
15908	1
15927	1
15929	1
15938	1
15940	1
15943	1
15957	1
15968	1
15979	1
15984	1
15990	2
15993	1
16001	1
16028	2
16039	1
16044	1
16049	1
16061	1
16063	2
16066	1
16068	1
16072	2
16075	1
16078	1
16082	2
16083	1
16095	1
16102	1
16113	1
16117	1
16149	1
16152	1
16156	1
16164	1
16166	1
16176	1
16181	1
16201	1
16213	2
16227	1
16236	1
16242	1
16244	1
16245	1
16247	1
16251	1
16286	1
16290	1
16315	1
16325	1
16338	1
16339	1
16346	1
16359	1
16370	1
16372	1
16374	1
16381	1
16383	1
16395	1
16396	1
16406	1
16423	1
16441	1
16468	1
16475	1
16479	1
16482	1
16484	1
16485	2
16487	1
16490	1
16496	1
16500	2
16584	1
16592	1
16595	1
16607	1
16614	1
16629	2
16630	1
16635	1
16686	1
16694	1
16697	1
16708	1
16711	1
16715	1
16719	1
16730	1
16739	1
16753	1
16764	1
16767	1
16769	1
16770	1
16780	1
16781	1
16804	1
16812	1
16820	1
16828	1
16829	1
16830	1
16835	1
16841	1
16847	1
16865	1
16884	1
16891	1
16895	1
16907	1
16912	1
16918	1
16925	1
16926	1
16933	1
16937	1
16939	1
16949	1
16966	1
16979	1
17000	1
17003	1
17008	1
17015	1
17018	1
17037	1
17045	1
17049	1
17067	1
17070	1
17078	1
17080	1
17082	1
17092	1
17095	2
17106	1
17107	1
17112	1
17134	1
17135	1
17140	1
17141	1
17147	1
17149	1
17164	1
17166	1
17168	1
17184	1
17206	1
17231	2
17241	1
17246	1
17262	1
17277	1
17300	1
17314	1
17318	1
17330	1
17334	1
17344	1
17363	1
17379	2
17390	1
17406	1
17411	1
17417	1
17434	1
17438	1
17442	1
17464	1
17466	2
17471	1
17473	2
17477	1
17484	1
17493	1
17500	1
17503	1
17506	1
17525	1
17538	1
17542	1
17551	1
17566	1
17569	1
17592	1
17598	1
17599	1
17621	1
17623	1
17640	1
17641	1
17650	1
17660	2
17714	1
17718	1
17727	1
17734	1
17759	1
17762	1
17765	1
17767	1
17793	1
17794	1
17810	1
17811	1
17833	1
17850	1
17856	1
17869	1
17873	1
17882	1
17883	1
17896	1
17904	1
17917	1
17920	1
17924	1
17936	1
17947	1
17949	1
17952	1
17953	1
17958	1
17989	1
18010	1
18011	1
18015	1
18023	1
18036	1
18040	1
18062	1
18064	1
18086	1
18094	1
18121	1
18123	1
18152	1
18153	1
18178	1
18237	1
18262	1
18275	1
18285	1
18287	1
18300	1
18323	1
18328	2
18331	1
18334	1
18376	1
18382	2
18390	1
18394	2
18395	1
18400	1
18402	1
18403	1
18424	1
18430	1
18457	1
18462	1
18465	1
18474	1
18485	1
18486	1
18487	1
18493	1
18497	1
18505	1
18513	1
18525	1
18530	1
18535	1
18579	1
18602	1
18614	1
18627	1
18641	1
18665	1
18677	1
18682	1
18686	1
18702	1
18708	1
18725	1
18741	1
18766	1
18776	1
18779	1
18793	1
18802	1
18820	1
18824	1
18839	1
18842	1
18846	1
18857	1
18897	1
18904	2
18911	1
18918	1
18935	1
18960	1
18964	1
18996	1
19011	1
19016	1
19039	1
19059	1
19060	1
19074	1
19143	1
19145	1
19153	1
19160	1
19177	1
19185	1
19219	1
19231	1
19245	1
19255	1
19270	1
19286	1
19290	1
19299	1
19301	1
19328	1
19342	1
19358	1
19360	1
19377	1
19384	1
19427	1
19449	1
19461	1
19465	2
19484	1
19496	1
19540	1
19541	1
19545	1
19586	1
19599	1
19600	1
19612	1
19613	1
19615	1
19631	1
19639	1
19690	1
19695	1
19700	1
19705	1
19730	1
19738	1
19764	1
19794	1
19825	1
19827	1
19846	1
19848	1
19875	1
19905	1
19912	1
19921	1
19937	1
19992	1
19995	1
20014	1
20032	1
20057	1
20100	1
20122	1
20131	1
20208	1
20209	1
20213	1
20217	1
20220	1
20253	1
20268	1
20314	1
20330	1
20337	1
20372	1
20416	1
20424	1
20425	1
20428	1
20430	1
20437	1
20467	1
20477	1
20478	1
20506	1
20520	1
20524	1
20572	1
20573	1
20586	1
20609	1
20627	1
20629	1
20638	1
20644	1
20645	1
20745	1
20760	1
20900	1
20960	1
21007	1
21020	1
21057	1
21059	1
21064	1
21108	1
21148	1
21150	1
21165	1
21171	1
21179	1
21193	2
21210	1
21280	1
21302	1
21317	1
21349	1
21382	1
21481	1
21487	1
21500	1
21517	1
21612	1
21643	1
21679	1
21746	1
21784	1
21790	1
21888	1
21958	1
21964	1
21968	1
22018	1
22024	1
22038	1
22072	1
22097	1
22122	1
22141	1
22148	1
22154	1
22178	1
22193	1
22228	1
22250	1
22308	1
22354	1
22385	1
22419	1
22450	1
22491	1
22548	1
22578	1
22584	1
22588	1
22647	1
22665	1
22687	1
22719	1
22737	1
22747	1
22755	1
22781	1
22792	1
22873	1
22893	1
22901	1
22905	1
23002	1
23027	1
23135	1
23159	1
23162	1
23208	1
23220	1
23283	1
23316	1
23360	1
23374	1
23386	1
23426	1
23430	1
23450	1
23470	1
23553	1
23587	1
23648	1
23659	1
23699	1
23710	1
23737	1
23755	1
23848	1
23893	1
23918	1
23924	1
24011	1
24055	1
24083	1
24109	1
24125	1
24153	1
24257	1
24292	1
24420	1
24427	1
24524	1
24542	1
24553	1
24612	1
24644	1
24657	1
24684	1
24740	1
24786	1
24810	1
24855	1
24890	1
24942	1
25185	1
25207	1
25272	1
25280	1
25373	1
25406	1
25529	1
25785	1
25815	1
25923	1
26110	1
26112	1
26367	1
26403	1
26432	1
26446	1
26699	1
26792	1
27232	1
27352	1
27376	1
27410	1
27416	1
27446	1
27520	1
27569	1
27641	1
27820	1
27861	1
28136	1
28186	1
28578	1
28737	1
28781	1
28849	1
28909	1
28934	1
29118	1
29308	1
29737	1
29742	1
30318	1
30450	1
30500	1
30557	1
30735	1
30884	1
31100	1
31350	1
31369	1
31494	1
31807	1
31835	1
31886	1
32123	1
32203	1
32704	1
32969	1
33266	1
33293	1
34203	1
34234	1
34275	1
34495	1
34855	1
35047	1
35105	1
36017	1
36137	1
37002	1
37092	1
37786	1
38321	1
38810	1
40113	1
40655	1
41074	1
41563	1
41883	1
42854	1
43122	1
43433	1
48133	1
49165	1
50179	1
50409	1
50588	1
51793	1
53048	1
55209	1
56386	1
57694	1
59132	1
59748	1
60131	1
62033	1
62347	1
65106	1
72847	1
112277	1
154809	1
3024796	1
