fragment_length	frequency
84	1
86	4
89	1
91	1
97	1
101	1
103	1
107	1
112	2
113	1
114	1
117	1
119	2
121	1
125	1
128	1
131	1
145	1
146	1
156	2
157	1
173	1
177	2
178	1
194	1
213	1
235	1
238	2
253	1
256	1
259	1
261	1
270	1
285	1
298	1
316	1
373	1
375	1
401	1
406	1
419	1
441	1
445	1
472	1
477	1
483	1
510	1
516	1
518	1
524	1
540	1
543	1
545	1
592	1
603	1
636	1
642	1
643	1
645	1
650	1
678	1
725	1
760	1
780	1
782	1
807	1
809	1
842	1
843	1
848	1
888	1
894	1
930	1
931	1
933	1
949	1
965	1
985	1
1006	1
1013	1
1021	1
1037	1
1051	1
1054	1
1056	1
1061	1
1064	1
1067	1
1080	1
1099	1
1182	1
1183	1
1188	1
1198	1
1218	1
1224	1
1232	1
1262	1
1267	1
1334	1
1345	1
1346	1
1391	1
1394	1
1395	1
1428	1
1447	1
1456	1
1460	1
1472	1
1493	1
1522	1
1535	1
1544	1
1559	1
1565	1
1571	1
1625	1
1634	1
1635	1
1706	1
1723	1
1744	1
1757	1
1798	1
1810	1
1842	1
1847	1
1850	1
1852	1
1882	1
1901	1
1913	1
1915	1
1921	1
1943	1
1987	1
1990	1
2001	1
2005	1
2008	1
2016	1
2032	1
2041	1
2053	1
2054	1
2060	1
2100	1
2191	1
2203	1
2235	1
2242	1
2250	1
2274	1
2277	1
2320	1
2352	1
2356	1
2414	1
2423	1
2446	1
2510	1
2540	1
2555	1
2605	1
2617	1
2623	1
2627	1
2634	1
2691	1
2718	1
2755	1
2777	1
2806	1
2855	1
2863	1
2909	1
2930	1
3022	1
3057	1
3070	1
3121	1
3133	1
3159	1
3162	1
3215	1
3353	1
3417	1
3556	1
3577	1
3730	1
3821	1
3837	1
3880	1
3887	1
3910	1
4034	1
4051	1
4090	1
4097	1
4192	1
4198	1
4201	1
4221	1
4267	1
4284	1
4330	1
4340	1
4424	1
4426	1
4441	1
4464	1
4486	1
4498	1
4510	1
4538	1
4541	1
4752	1
4768	1
4774	1
4903	1
5038	1
5109	1
5148	1
5223	1
5226	1
5347	1
5365	1
5373	1
5389	1
5458	1
5534	1
5558	1
5584	1
5636	1
5640	1
5709	1
5748	1
5881	1
6072	1
6131	1
6343	1
6350	1
6364	1
6457	1
6574	1
6605	1
6631	1
6680	1
6780	1
6843	1
6865	1
6961	1
7010	1
7033	1
7107	1
7122	1
7210	1
7244	1
7248	1
7291	1
7322	1
7448	1
7522	1
7641	1
7654	1
7741	1
7809	1
7828	1
7830	1
7857	1
8060	1
8105	1
8177	1
8180	1
8350	1
8544	1
8602	1
8627	1
8997	1
9021	1
9040	1
9344	1
9352	1
9646	1
9731	1
10267	1
10549	1
11449	1
11645	1
11698	1
11860	1
11979	1
12089	1
12450	1
12501	1
12958	1
14053	1
14726	1
14797	1
15821	1
16250	1
17088	1
19266	1
21584	1
