fragment_length	frequency
82	36
83	22
84	35
85	19
86	29
87	30
88	32
89	43
90	31
91	32
92	25
93	29
94	18
95	27
96	26
97	25
98	21
99	21
100	14
101	20
102	12
103	23
104	23
105	8
106	26
107	13
108	25
109	31
110	24
111	19
112	19
113	17
114	16
115	14
116	9
117	20
118	18
119	15
120	13
121	29
122	22
123	39
124	17
125	16
126	18
127	18
128	21
129	19
130	21
131	20
132	12
133	10
134	17
135	22
136	22
137	11
138	21
139	20
140	16
141	16
142	13
143	18
144	18
145	17
146	11
147	21
148	19
149	11
150	23
151	15
152	13
153	11
154	8
155	20
156	13
157	13
158	16
159	13
160	12
161	12
162	23
163	28
164	17
165	15
166	12
167	23
168	19
169	18
170	13
171	12
172	15
173	22
174	14
175	15
176	17
177	18
178	51
179	10
180	16
181	23
182	19
183	15
184	15
185	19
186	11
187	15
188	16
189	12
190	16
191	8
192	18
193	14
194	13
195	7
196	10
197	15
198	16
199	10
200	11
201	9
202	18
203	13
204	14
205	15
206	9
207	26
208	13
209	20
210	7
211	12
212	20
213	24
214	13
215	14
216	22
217	19
218	5
219	18
220	12
221	15
222	21
223	22
224	13
225	12
226	14
227	11
228	17
229	14
230	25
231	19
232	15
233	17
234	8
235	15
236	12
237	14
238	16
239	22
240	24
241	11
242	14
243	19
244	11
245	17
246	8
247	9
248	17
249	12
250	18
251	16
252	10
253	14
254	14
255	12
256	12
257	12
258	11
259	12
260	14
261	25
262	9
263	9
264	17
265	16
266	16
267	18
268	13
269	12
270	15
271	12
272	9
273	13
274	25
275	16
276	10
277	18
278	16
279	16
280	17
281	13
282	12
283	11
284	9
285	15
286	11
287	15
288	10
289	10
290	15
291	15
292	15
293	12
294	13
295	20
296	15
297	15
298	16
299	12
300	8
301	9
302	21
303	21
304	13
305	11
306	19
307	18
308	13
309	14
310	16
311	13
312	18
313	16
314	19
315	14
316	14
317	11
318	13
319	14
320	11
321	14
322	16
323	18
324	11
325	11
326	18
327	22
328	12
329	11
330	12
331	15
332	14
333	14
334	9
335	15
336	15
337	13
338	12
339	15
340	10
341	13
342	13
343	18
344	10
345	19
346	14
347	17
348	18
349	17
350	12
351	12
352	20
353	13
354	23
355	9
356	13
357	17
358	18
359	18
360	17
361	11
362	22
363	18
364	15
365	13
366	17
367	10
368	12
369	14
370	14
371	7
372	8
373	8
374	7
375	9
376	13
377	16
378	12
379	16
380	8
381	16
382	14
383	25
384	11
385	15
386	12
387	8
388	10
389	19
390	14
391	15
392	11
393	10
394	10
395	10
396	21
397	16
398	15
399	23
400	10
401	12
402	19
403	21
404	15
405	15
406	8
407	19
408	15
409	15
410	22
411	9
412	14
413	18
414	19
415	15
416	9
417	15
418	7
419	19
420	14
421	10
422	13
423	14
424	10
425	10
426	11
427	11
428	12
429	8
430	15
431	12
432	16
433	14
434	10
435	16
436	5
437	7
438	12
439	14
440	25
441	10
442	6
443	13
444	12
445	13
446	11
447	11
448	15
449	8
450	11
451	16
452	14
453	11
454	9
455	11
456	15
457	11
458	11
459	12
460	15
461	14
462	18
463	17
464	11
465	14
466	10
467	12
468	14
469	9
470	13
471	7
472	13
473	11
474	15
475	13
476	12
477	16
478	13
479	12
480	16
481	13
482	9
483	8
484	14
485	10
486	7
487	7
488	13
489	8
490	20
491	18
492	17
493	15
494	9
495	19
496	20
497	9
498	7
499	14
500	11
501	18
502	8
503	9
504	11
505	3
506	17
507	17
508	11
509	10
510	9
511	13
512	8
513	13
514	9
515	10
516	15
517	11
518	15
519	16
520	12
521	14
522	16
523	21
524	7
525	12
526	8
527	15
528	14
529	18
530	9
531	9
532	12
533	10
534	11
535	16
536	11
537	11
538	8
539	14
540	10
541	8
542	13
543	15
544	14
545	5
546	13
547	10
548	13
549	18
550	9
551	6
552	12
553	8
554	17
555	10
556	5
557	17
558	8
559	20
560	16
561	16
562	16
563	15
564	16
565	14
566	13
567	10
568	10
569	9
570	14
571	14
572	10
573	13
574	18
575	17
576	12
577	13
578	11
579	17
580	17
581	11
582	7
583	22
584	11
585	13
586	13
587	12
588	7
589	11
590	11
591	7
592	9
593	12
594	16
595	10
596	14
597	20
598	9
599	5
600	7
601	11
602	14
603	9
604	9
605	11
606	10
607	10
608	10
609	7
610	9
611	11
612	9
613	9
614	8
615	10
616	4
617	16
618	8
619	12
620	17
621	12
622	10
623	10
624	14
625	16
626	9
627	8
628	10
629	7
630	13
631	13
632	16
633	17
634	10
635	14
636	6
637	6
638	8
639	8
640	7
641	8
642	8
643	15
644	17
645	13
646	13
647	12
648	12
649	17
650	8
651	3
652	12
653	6
654	9
655	16
656	7
657	9
658	16
659	15
660	10
661	14
662	9
663	9
664	14
665	13
666	18
667	6
668	4
669	13
670	8
671	14
672	13
673	12
674	12
675	14
676	11
677	5
678	11
679	13
680	10
681	7
682	12
683	8
684	3
685	7
686	11
687	11
688	17
689	19
690	12
691	7
692	11
693	10
694	17
695	9
696	13
697	7
698	12
699	7
700	10
701	10
702	14
703	7
704	8
705	6
706	12
707	8
708	16
709	11
710	11
711	7
712	10
713	8
714	13
715	12
716	9
717	13
718	11
719	8
720	12
721	8
722	9
723	11
724	8
725	9
726	14
727	8
728	8
729	15
730	18
731	9
732	7
733	11
734	9
735	10
736	20
737	11
738	10
739	24
740	15
741	12
742	14
743	8
744	9
745	18
746	16
747	12
748	13
749	9
750	12
751	13
752	10
753	13
754	7
755	10
756	4
757	14
758	10
759	12
760	9
761	8
762	13
763	12
764	8
765	17
766	10
767	18
768	13
769	11
770	10
771	8
772	12
773	5
774	8
775	6
776	7
777	15
778	8
779	10
780	11
781	11
782	10
783	10
784	20
785	6
786	6
787	10
788	10
789	15
790	7
791	11
792	8
793	13
794	13
795	7
796	7
797	13
798	10
799	8
800	8
801	9
802	13
803	8
804	10
805	12
806	12
807	12
808	9
809	5
810	9
811	10
812	9
813	10
814	14
815	9
816	7
817	12
818	11
819	9
820	10
821	9
822	13
823	10
824	9
825	10
826	4
827	7
828	13
829	6
830	10
831	11
832	6
833	7
834	16
835	13
836	12
837	14
838	11
839	10
840	10
841	13
842	9
843	15
844	10
845	17
846	7
847	12
848	13
849	12
850	10
851	9
852	7
853	6
854	7
855	13
856	16
857	16
858	16
859	8
860	11
861	10
862	11
863	7
864	7
865	11
866	6
867	13
868	17
869	11
870	14
871	11
872	15
873	6
874	17
875	18
876	7
877	7
878	6
879	8
880	10
881	5
882	11
883	10
884	10
885	5
886	17
887	9
888	5
889	23
890	12
891	8
892	7
893	16
894	14
895	8
896	9
897	7
898	7
899	13
900	10
901	11
902	17
903	7
904	13
905	11
906	16
907	10
908	10
909	14
910	11
911	11
912	14
913	9
914	9
915	14
916	7
917	4
918	8
919	10
920	13
921	10
922	9
923	7
924	9
925	10
926	9
927	12
928	12
929	10
930	15
931	13
932	15
933	10
934	10
935	8
936	7
937	9
938	7
939	9
940	8
941	5
942	9
943	14
944	9
945	7
946	10
947	9
948	8
949	10
950	13
951	8
952	8
953	11
954	12
955	9
956	7
957	12
958	8
959	8
960	9
961	11
962	7
963	12
964	8
965	13
966	14
967	20
968	14
969	12
970	11
971	11
972	8
973	15
974	11
975	12
976	10
977	19
978	7
979	13
980	15
981	13
982	12
983	12
984	9
985	9
986	10
987	9
988	10
989	11
990	9
991	15
992	5
993	11
994	5
995	12
996	10
997	10
998	5
999	15
1000	12
1001	7
1002	7
1003	4
1004	5
1005	10
1006	5
1007	12
1008	7
1009	6
1010	17
1011	13
1012	11
1013	10
1014	8
1015	14
1016	11
1017	9
1018	11
1019	8
1020	9
1021	1
1022	16
1023	9
1024	10
1025	9
1026	10
1027	14
1028	7
1029	9
1030	10
1031	13
1032	9
1033	13
1034	13
1035	13
1036	9
1037	10
1038	3
1039	13
1040	10
1041	8
1042	11
1043	5
1044	19
1045	10
1046	9
1047	4
1048	8
1049	9
1050	14
1051	15
1052	11
1053	11
1054	10
1055	7
1056	9
1057	13
1058	7
1059	16
1060	9
1061	6
1062	10
1063	8
1064	9
1065	9
1066	8
1067	8
1068	9
1069	9
1070	14
1071	18
1072	5
1073	12
1074	7
1075	6
1076	15
1077	16
1078	9
1079	6
1080	10
1081	9
1082	7
1083	11
1084	11
1085	6
1086	8
1087	16
1088	11
1089	15
1090	16
1091	10
1092	17
1093	6
1094	6
1095	7
1096	18
1097	8
1098	7
1099	10
1100	9
1101	11
1102	8
1103	9
1104	11
1105	9
1106	7
1107	12
1108	12
1109	8
1110	6
1111	12
1112	6
1113	6
1114	10
1115	8
1116	12
1117	10
1118	13
1119	5
1120	14
1121	3
1122	13
1123	10
1124	10
1125	11
1126	9
1127	6
1128	7
1129	5
1130	25
1131	9
1132	9
1133	4
1134	8
1135	4
1136	6
1137	13
1138	7
1139	13
1140	11
1141	7
1142	8
1143	10
1144	7
1145	6
1146	9
1147	3
1148	4
1149	11
1150	12
1151	9
1152	6
1153	8
1154	9
1155	9
1156	11
1157	12
1158	9
1159	8
1160	5
1161	13
1162	18
1163	9
1164	9
1165	7
1166	11
1167	9
1168	7
1169	6
1170	11
1171	12
1172	6
1173	21
1174	13
1175	11
1176	10
1177	7
1178	12
1179	16
1180	7
1181	5
1182	11
1183	7
1184	10
1185	8
1186	6
1187	6
1188	16
1189	11
1190	8
1191	8
1192	7
1193	10
1194	11
1195	11
1196	14
1197	12
1198	12
1199	8
1200	11
1201	8
1202	8
1203	8
1204	3
1205	9
1206	5
1207	9
1208	11
1209	10
1210	12
1211	9
1212	9
1213	12
1214	11
1215	10
1216	3
1217	12
1218	7
1219	8
1220	8
1221	7
1222	7
1223	9
1224	8
1225	10
1226	11
1227	10
1228	16
1229	15
1230	15
1231	11
1232	5
1233	2
1234	8
1235	11
1236	4
1237	11
1238	9
1239	11
1240	5
1241	4
1242	9
1243	9
1244	4
1245	4
1246	13
1247	12
1248	4
1249	9
1250	12
1251	6
1252	8
1253	14
1254	8
1255	10
1256	9
1257	5
1258	11
1259	8
1260	7
1261	7
1262	7
1263	6
1264	9
1265	9
1266	6
1267	8
1268	5
1269	14
1270	8
1271	15
1272	11
1273	11
1274	7
1275	10
1276	13
1277	10
1278	9
1279	8
1280	10
1281	9
1282	10
1283	6
1284	8
1285	5
1286	6
1287	9
1288	13
1289	5
1290	8
1291	9
1292	3
1293	10
1294	10
1295	5
1296	8
1297	5
1298	13
1299	8
1300	4
1301	12
1302	8
1303	8
1304	6
1305	10
1306	11
1307	8
1308	12
1309	7
1310	12
1311	8
1312	10
1313	7
1314	9
1315	16
1316	5
1317	8
1318	10
1319	7
1320	12
1321	10
1322	11
1323	9
1324	9
1325	5
1326	9
1327	19
1328	8
1329	8
1330	6
1331	6
1332	14
1333	6
1334	6
1335	9
1336	3
1337	3
1338	7
1339	8
1340	6
1341	9
1342	10
1343	12
1344	6
1345	4
1346	6
1347	7
1348	7
1349	9
1350	11
1351	3
1352	10
1353	5
1354	11
1355	3
1356	9
1357	8
1358	9
1359	8
1360	5
1361	8
1362	8
1363	9
1364	6
1365	7
1366	16
1367	5
1368	9
1369	12
1370	12
1371	13
1372	13
1373	8
1374	10
1375	10
1376	8
1377	6
1378	10
1379	10
1380	5
1381	8
1382	9
1383	13
1384	8
1385	13
1386	7
1387	3
1388	7
1389	8
1390	5
1391	10
1392	10
1393	4
1394	8
1395	13
1396	2
1397	10
1398	6
1399	4
1400	9
1401	11
1402	8
1403	9
1404	9
1405	7
1406	6
1407	11
1408	12
1409	9
1410	11
1411	8
1412	9
1413	9
1414	9
1415	14
1416	7
1417	10
1418	12
1419	6
1420	11
1421	12
1422	12
1423	16
1424	5
1425	8
1426	11
1427	10
1428	9
1429	9
1430	7
1431	7
1432	8
1433	5
1434	11
1435	11
1436	8
1437	8
1438	9
1439	5
1440	8
1441	6
1442	6
1443	8
1444	6
1445	9
1446	9
1447	10
1448	4
1449	6
1450	12
1451	5
1452	6
1453	7
1454	8
1455	10
1456	8
1457	6
1458	15
1459	8
1460	9
1461	6
1462	5
1463	3
1464	11
1465	13
1466	7
1467	5
1468	7
1469	9
1470	7
1471	11
1472	5
1473	8
1474	12
1475	8
1476	6
1477	7
1478	8
1479	4
1480	10
1481	12
1482	9
1483	9
1484	14
1485	8
1486	5
1487	9
1488	7
1489	8
1490	7
1491	6
1492	9
1493	5
1494	10
1495	7
1496	6
1497	11
1498	12
1499	10
1500	6
1501	9
1502	4
1503	10
1504	9
1505	6
1506	7
1507	11
1508	8
1509	14
1510	6
1511	7
1512	8
1513	7
1514	6
1515	5
1516	8
1517	9
1518	9
1519	10
1520	6
1521	6
1522	9
1523	17
1524	6
1525	11
1526	7
1527	12
1528	9
1529	14
1530	7
1531	10
1532	11
1533	10
1534	5
1535	8
1536	7
1537	16
1538	9
1539	6
1540	11
1541	5
1542	10
1543	12
1544	12
1545	8
1546	12
1547	7
1548	6
1549	9
1550	11
1551	9
1552	10
1553	8
1554	8
1555	6
1556	3
1557	10
1558	6
1559	6
1560	10
1561	8
1562	6
1563	3
1564	3
1565	9
1566	7
1567	12
1568	6
1569	11
1570	8
1571	9
1572	9
1573	2
1574	6
1575	15
1576	12
1577	12
1578	3
1579	6
1580	8
1581	6
1582	5
1583	6
1584	6
1585	11
1586	4
1587	9
1588	8
1589	7
1590	7
1591	6
1592	6
1593	9
1594	9
1595	10
1596	5
1597	8
1598	10
1599	5
1600	6
1601	4
1602	7
1603	7
1604	6
1605	8
1606	5
1607	1
1608	12
1609	7
1610	8
1611	10
1612	5
1613	8
1614	5
1615	8
1616	10
1617	6
1618	8
1619	12
1620	6
1621	9
1622	8
1623	12
1624	7
1625	8
1626	10
1627	6
1628	7
1629	6
1630	3
1631	9
1632	4
1633	11
1634	7
1635	7
1636	11
1637	13
1638	8
1639	10
1640	12
1641	8
1642	5
1643	9
1644	6
1645	6
1646	8
1647	5
1648	7
1649	6
1650	9
1651	7
1652	7
1653	7
1654	2
1655	8
1656	7
1657	7
1658	8
1659	8
1660	7
1661	3
1662	1
1663	14
1664	12
1665	7
1666	13
1667	8
1668	4
1669	12
1670	6
1671	9
1672	10
1673	9
1674	7
1675	11
1676	7
1677	7
1678	12
1679	7
1680	8
1681	5
1682	5
1683	7
1684	9
1685	5
1686	6
1687	5
1688	8
1689	7
1690	3
1691	7
1692	11
1693	8
1694	6
1695	5
1696	8
1697	11
1698	4
1699	11
1700	5
1701	13
1702	8
1703	8
1704	6
1705	7
1706	7
1707	11
1708	15
1709	13
1710	9
1711	3
1712	7
1713	4
1714	8
1715	8
1716	8
1717	11
1718	5
1719	8
1720	6
1721	14
1722	6
1723	9
1724	12
1725	11
1726	10
1727	4
1728	5
1729	5
1730	10
1731	10
1732	5
1733	10
1734	6
1735	4
1736	4
1737	8
1738	11
1739	5
1740	11
1741	13
1742	6
1743	9
1744	10
1745	10
1746	11
1747	10
1748	9
1749	11
1750	5
1751	9
1752	7
1753	8
1754	11
1755	6
1756	5
1757	3
1758	4
1759	6
1760	7
1761	9
1762	9
1763	6
1764	7
1765	12
1766	4
1767	9
1768	2
1769	5
1770	6
1771	8
1772	10
1773	10
1774	10
1775	10
1776	3
1777	10
1778	8
1779	6
1780	6
1781	5
1782	3
1783	9
1784	13
1785	8
1786	8
1787	9
1788	12
1789	8
1790	7
1791	7
1792	12
1793	5
1794	10
1795	7
1796	6
1797	11
1798	5
1799	2
1800	9
1801	7
1802	5
1803	8
1804	12
1805	10
1806	4
1807	2
1808	7
1809	9
1810	4
1811	11
1812	11
1813	7
1814	7
1815	11
1816	6
1817	11
1818	4
1819	7
1820	7
1821	4
1822	6
1823	12
1824	6
1825	8
1826	9
1827	6
1828	7
1829	10
1830	7
1831	5
1832	5
1833	8
1834	11
1835	8
1836	8
1837	14
1838	6
1839	8
1840	5
1841	12
1842	8
1843	4
1844	10
1845	12
1846	6
1847	9
1848	5
1849	6
1850	4
1851	3
1852	5
1853	13
1854	5
1855	4
1856	9
1857	4
1858	4
1859	8
1860	7
1861	10
1862	8
1863	10
1864	5
1865	7
1866	3
1867	3
1868	2
1869	10
1870	5
1871	13
1872	10
1873	9
1874	8
1875	5
1876	6
1877	6
1878	6
1879	6
1880	7
1881	4
1882	10
1883	9
1884	6
1885	6
1886	6
1887	7
1888	5
1889	5
1890	5
1891	6
1892	9
1893	12
1894	3
1895	2
1896	4
1897	13
1898	7
1899	16
1900	13
1901	7
1902	7
1903	6
1904	7
1905	7
1906	7
1907	5
1908	4
1909	4
1910	5
1911	10
1912	8
1913	2
1914	6
1915	9
1916	8
1917	7
1918	8
1919	9
1920	7
1921	13
1922	5
1923	7
1924	6
1925	12
1926	15
1927	6
1928	5
1929	6
1930	10
1931	5
1932	8
1933	8
1934	3
1935	9
1936	13
1937	3
1938	9
1939	6
1940	5
1941	7
1942	9
1943	11
1944	6
1945	5
1946	9
1947	9
1948	10
1949	11
1950	9
1951	12
1952	10
1953	8
1954	8
1955	5
1956	15
1957	5
1958	8
1959	7
1960	6
1961	13
1962	6
1963	11
1964	10
1965	11
1966	11
1967	8
1968	3
1969	5
1970	6
1971	6
1972	8
1973	8
1974	7
1975	12
1976	11
1977	8
1978	8
1979	3
1980	5
1981	7
1982	5
1983	6
1984	7
1985	8
1986	5
1987	3
1988	7
1989	6
1990	10
1991	6
1992	9
1993	5
1994	5
1995	6
1996	7
1997	8
1998	14
1999	6
2000	4
2001	8
2002	7
2003	5
2004	8
2005	6
2006	7
2007	9
2008	4
2009	5
2010	8
2011	6
2012	17
2013	6
2014	6
2015	3
2016	8
2017	7
2018	9
2019	9
2020	8
2021	4
2022	8
2023	7
2024	4
2025	5
2026	9
2027	10
2028	4
2029	10
2030	4
2031	6
2032	13
2033	10
2034	5
2035	7
2036	5
2037	6
2038	4
2039	7
2040	4
2041	7
2042	8
2043	5
2044	11
2045	3
2046	5
2047	8
2048	9
2049	6
2050	6
2051	5
2052	11
2053	7
2054	6
2055	7
2056	7
2057	9
2058	7
2059	9
2060	6
2061	7
2062	7
2063	7
2064	8
2065	8
2066	7
2067	8
2068	3
2069	8
2070	9
2071	6
2072	7
2073	10
2074	6
2075	9
2076	6
2077	7
2078	7
2079	4
2080	9
2081	5
2082	3
2083	8
2084	5
2085	11
2086	2
2087	7
2088	6
2089	12
2090	6
2091	8
2092	4
2093	6
2094	12
2095	4
2096	8
2097	4
2098	10
2099	9
2100	5
2101	7
2102	11
2103	6
2104	9
2105	5
2106	5
2107	7
2108	12
2109	8
2110	10
2111	5
2112	8
2113	3
2114	3
2115	6
2116	4
2117	5
2118	7
2119	5
2120	8
2121	8
2122	2
2123	7
2124	11
2125	9
2126	5
2127	5
2128	7
2129	5
2130	13
2131	4
2132	7
2133	12
2134	5
2135	8
2136	6
2137	8
2138	7
2139	4
2140	6
2141	11
2142	10
2143	9
2144	6
2145	9
2146	1
2147	5
2148	5
2149	10
2150	6
2151	5
2152	5
2153	4
2154	5
2155	5
2156	12
2157	4
2158	7
2159	6
2160	7
2161	9
2162	10
2163	11
2164	11
2165	11
2166	7
2167	9
2168	6
2169	5
2170	8
2171	3
2172	7
2173	6
2174	4
2175	8
2176	10
2177	8
2178	9
2179	1
2180	5
2181	8
2182	5
2183	5
2184	6
2185	10
2186	5
2187	5
2188	6
2189	8
2190	6
2191	7
2192	7
2193	2
2194	3
2195	6
2196	10
2197	9
2198	6
2199	6
2200	3
2201	7
2202	13
2203	9
2204	9
2205	8
2206	9
2207	8
2208	6
2209	4
2210	7
2211	2
2212	7
2213	8
2214	7
2215	7
2216	3
2217	4
2218	3
2219	9
2220	9
2221	5
2222	8
2223	10
2224	6
2225	10
2226	4
2227	8
2228	9
2229	8
2230	10
2231	8
2232	9
2233	14
2234	5
2235	8
2236	5
2237	8
2238	4
2239	6
2240	10
2241	6
2242	3
2243	10
2244	4
2245	6
2246	11
2247	7
2248	12
2249	10
2250	8
2251	7
2252	9
2253	5
2254	6
2255	7
2256	6
2257	6
2258	5
2259	8
2260	8
2261	4
2262	10
2263	4
2264	8
2265	6
2266	5
2267	8
2268	3
2269	4
2270	7
2271	8
2272	5
2273	10
2274	9
2275	7
2276	8
2277	3
2278	9
2279	8
2280	9
2281	7
2282	9
2283	8
2284	3
2285	4
2286	8
2287	6
2288	9
2289	10
2290	6
2291	7
2292	7
2293	12
2294	6
2295	8
2296	1
2297	2
2298	7
2299	3
2300	4
2301	10
2302	7
2303	10
2304	7
2305	6
2306	13
2307	8
2308	12
2309	5
2310	9
2311	2
2312	13
2313	7
2314	11
2315	10
2316	10
2317	7
2318	4
2319	8
2320	4
2321	9
2322	10
2323	5
2324	7
2325	4
2326	7
2327	8
2329	6
2330	3
2331	9
2332	9
2333	8
2334	8
2335	7
2336	7
2337	3
2338	4
2339	5
2340	8
2341	5
2342	7
2343	2
2344	10
2345	4
2346	7
2347	6
2348	6
2349	5
2350	6
2351	9
2352	5
2353	10
2354	6
2355	7
2356	9
2357	6
2358	7
2359	2
2360	7
2361	9
2362	1
2363	8
2364	8
2365	11
2366	1
2367	6
2368	3
2369	5
2370	4
2371	3
2372	6
2373	8
2374	8
2375	4
2376	5
2377	7
2378	9
2379	5
2380	8
2381	9
2382	10
2383	7
2384	9
2385	7
2386	1
2387	4
2388	6
2389	5
2390	3
2391	8
2392	5
2393	5
2394	5
2395	9
2396	6
2397	5
2398	4
2399	6
2400	9
2401	9
2402	8
2403	7
2404	1
2405	8
2406	4
2407	7
2408	5
2409	6
2410	7
2411	7
2412	7
2413	4
2414	8
2415	10
2416	8
2417	5
2418	12
2419	10
2420	10
2421	7
2422	4
2423	3
2424	7
2425	6
2426	8
2427	5
2428	4
2429	8
2430	5
2431	10
2432	3
2433	4
2434	7
2435	1
2436	7
2437	8
2438	8
2439	12
2440	6
2441	2
2442	3
2443	8
2444	5
2445	6
2446	7
2447	9
2448	7
2449	5
2450	5
2451	4
2452	7
2453	6
2454	6
2455	4
2456	4
2457	9
2458	6
2459	2
2460	5
2461	6
2462	4
2463	5
2464	6
2465	8
2466	7
2467	12
2468	3
2469	5
2470	6
2471	7
2472	8
2473	9
2474	4
2475	5
2476	7
2477	2
2478	6
2479	8
2480	3
2481	3
2482	7
2483	11
2484	6
2485	6
2486	5
2487	7
2488	6
2489	4
2490	9
2491	5
2492	6
2493	6
2494	4
2495	2
2496	9
2497	5
2498	8
2499	8
2500	5
2501	7
2502	6
2503	6
2504	7
2505	6
2506	2
2507	7
2508	11
2509	6
2510	9
2511	6
2512	8
2513	9
2514	3
2515	7
2516	5
2517	7
2518	5
2519	11
2520	5
2521	5
2522	6
2523	6
2524	4
2525	6
2526	5
2527	9
2528	6
2529	12
2530	9
2531	7
2532	5
2533	6
2534	5
2535	3
2536	3
2537	8
2538	5
2539	4
2540	6
2541	10
2542	5
2543	4
2544	10
2545	6
2546	8
2547	4
2548	3
2549	7
2550	2
2551	1
2552	4
2553	2
2554	11
2555	11
2556	4
2557	4
2558	5
2559	7
2560	5
2561	9
2562	5
2563	10
2564	7
2565	7
2566	3
2567	8
2568	5
2569	3
2570	6
2571	6
2572	4
2573	5
2574	11
2575	3
2576	3
2577	5
2578	4
2579	5
2580	3
2581	5
2582	4
2583	5
2584	5
2585	4
2586	6
2587	8
2588	3
2589	6
2590	7
2591	7
2592	4
2593	3
2594	9
2595	3
2596	6
2597	11
2598	5
2599	7
2600	4
2601	8
2602	6
2603	8
2604	9
2605	4
2606	6
2607	6
2608	8
2609	6
2610	9
2611	5
2612	7
2613	7
2614	7
2615	4
2616	5
2617	6
2618	8
2619	16
2620	4
2621	5
2622	6
2623	10
2624	8
2625	5
2626	5
2627	5
2628	5
2629	8
2630	3
2631	7
2632	5
2633	7
2634	7
2635	4
2636	5
2637	4
2638	4
2639	5
2640	4
2641	8
2642	9
2643	6
2644	7
2645	8
2646	4
2647	9
2648	3
2649	10
2650	5
2651	9
2652	11
2653	6
2654	6
2655	6
2656	6
2657	8
2658	4
2659	5
2660	7
2661	5
2662	7
2663	8
2664	4
2665	2
2666	4
2667	9
2668	8
2669	4
2670	4
2671	8
2672	7
2673	8
2674	7
2675	7
2676	7
2677	5
2678	6
2679	4
2680	7
2681	8
2682	3
2683	8
2684	7
2685	6
2686	6
2687	4
2688	6
2689	6
2690	3
2691	5
2692	6
2693	4
2694	5
2695	3
2696	9
2697	9
2698	10
2699	6
2700	5
2701	7
2702	5
2703	9
2704	3
2705	5
2706	5
2707	4
2708	3
2709	7
2710	6
2711	5
2712	4
2713	2
2714	3
2715	6
2716	4
2717	4
2718	6
2719	5
2720	8
2721	4
2722	2
2723	6
2724	6
2725	7
2726	6
2727	10
2728	7
2729	5
2730	5
2731	6
2732	12
2733	5
2734	3
2735	6
2736	8
2737	9
2738	6
2739	5
2740	3
2741	2
2742	7
2743	6
2744	7
2745	7
2746	7
2747	3
2748	4
2749	4
2750	6
2751	9
2752	3
2753	4
2754	6
2755	6
2756	3
2757	12
2758	9
2759	6
2760	4
2761	7
2762	9
2763	1
2764	6
2765	6
2766	10
2767	4
2768	5
2769	3
2770	6
2771	7
2772	7
2773	7
2774	4
2775	2
2776	11
2777	3
2778	6
2779	5
2780	8
2781	10
2782	5
2783	4
2784	6
2785	9
2786	8
2787	4
2788	7
2789	8
2790	10
2791	8
2792	4
2793	5
2794	10
2795	5
2796	7
2797	4
2798	7
2799	10
2800	3
2801	6
2802	4
2803	6
2804	7
2805	4
2806	8
2807	8
2808	10
2809	6
2810	7
2811	4
2812	7
2813	2
2814	4
2815	2
2816	6
2817	4
2818	4
2819	9
2820	3
2821	5
2822	4
2823	8
2824	4
2825	4
2826	4
2827	12
2828	4
2829	5
2830	3
2832	5
2833	5
2834	2
2835	3
2836	6
2837	6
2838	4
2839	5
2840	4
2841	6
2842	3
2843	3
2844	4
2845	5
2846	4
2847	8
2848	3
2849	2
2850	4
2851	3
2852	10
2853	8
2854	8
2855	2
2856	4
2857	7
2858	4
2859	4
2860	5
2861	5
2862	6
2863	6
2864	3
2865	4
2866	9
2867	7
2868	4
2869	1
2870	6
2871	4
2872	3
2873	7
2874	9
2875	4
2876	7
2877	4
2878	3
2879	7
2880	5
2881	2
2882	6
2883	5
2884	1
2885	6
2886	3
2887	8
2888	8
2889	8
2890	6
2891	10
2892	2
2893	4
2894	10
2895	6
2896	5
2897	7
2898	7
2899	6
2900	7
2901	2
2902	4
2903	8
2904	5
2905	2
2906	6
2907	6
2908	4
2909	7
2910	8
2911	3
2912	10
2913	5
2914	6
2915	6
2916	2
2917	4
2918	8
2919	5
2920	4
2921	9
2922	6
2923	2
2924	9
2925	7
2926	7
2927	3
2928	7
2929	4
2930	3
2931	6
2932	11
2933	4
2934	7
2935	6
2936	5
2937	1
2938	5
2939	7
2940	8
2941	5
2942	3
2943	4
2944	9
2945	5
2946	7
2947	5
2948	3
2949	9
2950	5
2951	2
2952	8
2953	7
2954	6
2955	5
2956	2
2957	3
2958	9
2959	9
2960	3
2961	4
2962	7
2963	6
2964	3
2965	4
2966	2
2967	7
2968	5
2969	3
2970	11
2971	7
2972	4
2973	4
2974	6
2975	6
2976	3
2977	9
2978	5
2979	5
2980	6
2981	6
2982	9
2983	5
2984	3
2985	3
2986	5
2987	2
2988	5
2989	6
2990	6
2991	6
2992	7
2993	8
2994	5
2995	10
2996	7
2997	7
2998	8
2999	3
3000	6
3001	6
3002	7
3003	3
3004	7
3005	7
3006	3
3007	4
3008	4
3009	3
3010	4
3011	4
3012	4
3013	3
3014	2
3015	9
3016	8
3017	11
3018	6
3019	6
3020	1
3021	5
3022	5
3023	5
3024	10
3025	9
3026	3
3027	6
3028	3
3029	3
3030	6
3031	6
3032	7
3033	1
3034	3
3035	5
3036	6
3037	5
3038	4
3039	4
3040	8
3041	6
3042	6
3043	4
3044	6
3045	5
3047	2
3048	6
3049	12
3050	6
3051	5
3052	7
3053	5
3054	5
3055	5
3056	7
3057	6
3058	7
3059	7
3060	4
3061	2
3062	9
3063	6
3065	7
3066	4
3067	5
3068	10
3069	7
3070	8
3071	3
3072	7
3073	6
3074	7
3075	9
3076	7
3077	5
3078	7
3079	8
3080	11
3081	3
3082	7
3083	5
3084	6
3085	4
3086	5
3087	6
3088	4
3089	4
3091	8
3092	2
3093	10
3094	7
3095	3
3096	5
3097	7
3098	3
3099	4
3100	7
3101	4
3102	5
3103	4
3104	3
3105	5
3106	6
3107	4
3108	2
3109	5
3110	6
3111	5
3112	6
3113	8
3114	10
3115	4
3116	1
3117	7
3118	3
3119	5
3120	2
3121	4
3122	5
3123	4
3124	2
3125	2
3126	4
3127	3
3128	4
3129	4
3130	5
3131	5
3132	2
3133	8
3134	2
3135	2
3136	6
3137	5
3138	6
3139	9
3140	6
3141	3
3142	4
3143	6
3144	5
3145	6
3146	6
3147	5
3148	4
3149	2
3150	3
3151	3
3152	8
3153	3
3154	5
3155	4
3156	6
3157	5
3158	4
3160	2
3161	8
3162	5
3163	6
3164	1
3165	7
3166	10
3167	7
3168	5
3169	6
3170	5
3171	7
3172	5
3173	6
3175	5
3176	3
3177	4
3178	6
3179	5
3180	9
3181	8
3182	5
3183	5
3184	4
3185	5
3186	5
3187	5
3188	6
3189	6
3190	3
3191	4
3192	5
3193	2
3194	7
3195	3
3196	5
3197	8
3198	8
3199	5
3200	2
3201	4
3202	6
3203	5
3204	6
3205	3
3206	6
3207	3
3208	7
3209	6
3210	5
3211	3
3212	4
3213	6
3214	4
3215	7
3216	2
3217	5
3218	5
3219	4
3220	3
3221	6
3222	2
3223	5
3224	5
3225	6
3226	4
3227	7
3228	3
3229	4
3230	8
3231	4
3232	2
3233	7
3234	5
3235	6
3236	1
3237	2
3238	5
3239	7
3240	7
3241	6
3242	8
3243	3
3244	8
3245	3
3246	6
3247	6
3248	6
3249	3
3250	3
3251	7
3252	7
3253	5
3254	7
3255	9
3256	4
3257	3
3258	3
3259	5
3260	5
3261	4
3262	4
3263	6
3264	6
3265	7
3266	9
3267	7
3268	4
3269	3
3270	6
3271	4
3272	6
3273	4
3274	5
3275	3
3276	6
3277	5
3278	7
3279	3
3280	5
3281	3
3282	3
3283	3
3284	2
3285	2
3286	2
3287	2
3288	6
3289	9
3290	8
3291	5
3292	6
3293	6
3294	4
3295	4
3296	2
3297	9
3298	9
3299	2
3300	5
3301	3
3302	6
3304	3
3305	4
3306	8
3307	2
3308	4
3309	5
3310	2
3311	5
3312	1
3313	8
3314	2
3315	6
3316	9
3317	3
3318	8
3319	1
3320	3
3321	7
3322	5
3323	4
3324	2
3325	2
3326	7
3327	4
3328	5
3329	2
3330	7
3331	4
3332	5
3333	7
3334	4
3335	4
3336	2
3337	8
3338	3
3339	2
3340	3
3341	5
3342	4
3343	6
3344	2
3345	4
3346	4
3347	3
3348	6
3349	2
3350	4
3351	3
3352	8
3353	8
3354	3
3355	10
3356	6
3357	4
3358	2
3359	3
3360	4
3361	4
3362	8
3363	5
3364	5
3365	8
3366	3
3367	3
3368	3
3369	6
3370	4
3371	4
3372	4
3373	4
3374	9
3375	7
3376	7
3377	5
3378	5
3379	6
3380	5
3381	4
3382	8
3383	6
3384	5
3385	8
3386	4
3387	6
3388	5
3389	5
3390	6
3391	5
3392	5
3393	3
3394	9
3395	2
3396	8
3397	5
3398	6
3399	6
3400	7
3401	3
3402	4
3403	4
3404	6
3405	4
3406	8
3407	1
3408	2
3409	3
3410	7
3411	5
3412	1
3413	2
3414	1
3415	3
3416	3
3417	5
3418	2
3419	5
3420	4
3421	6
3422	6
3423	3
3424	7
3425	3
3426	6
3427	4
3428	1
3429	9
3430	5
3431	3
3432	2
3433	4
3434	3
3435	2
3436	5
3437	3
3438	3
3439	3
3440	2
3441	4
3442	5
3443	3
3444	4
3445	8
3446	4
3447	5
3448	8
3449	5
3450	5
3451	5
3453	1
3454	6
3455	2
3456	2
3457	6
3458	4
3459	9
3460	2
3462	5
3463	8
3464	6
3465	1
3466	4
3467	3
3468	2
3469	7
3470	6
3471	5
3472	4
3473	2
3474	2
3475	6
3476	4
3477	4
3478	3
3479	6
3480	6
3481	5
3482	5
3483	6
3484	5
3485	3
3486	4
3487	3
3488	1
3489	4
3490	2
3491	6
3492	4
3493	4
3494	7
3495	3
3496	5
3497	3
3498	3
3499	5
3500	6
3501	7
3502	4
3503	3
3504	1
3505	4
3506	3
3507	3
3508	5
3509	1
3510	6
3511	1
3513	1
3514	4
3515	2
3516	1
3517	3
3518	8
3519	1
3520	4
3521	6
3523	4
3524	1
3525	3
3526	5
3527	3
3528	4
3529	2
3530	3
3531	1
3532	4
3533	2
3534	3
3535	6
3536	5
3537	3
3538	4
3539	2
3540	6
3541	6
3542	4
3543	8
3544	5
3545	5
3546	4
3547	4
3548	4
3549	3
3550	2
3551	5
3552	1
3553	1
3554	6
3555	8
3556	6
3557	2
3558	5
3559	7
3560	3
3561	1
3562	4
3563	2
3564	4
3565	3
3566	7
3567	5
3568	5
3569	2
3570	6
3571	5
3572	7
3573	3
3574	7
3575	3
3576	8
3577	8
3578	4
3579	1
3580	4
3581	4
3582	7
3583	4
3584	5
3585	6
3586	9
3587	6
3588	2
3589	3
3590	2
3591	3
3592	3
3593	4
3594	1
3595	5
3596	3
3597	2
3598	6
3599	7
3600	4
3601	2
3602	5
3603	2
3604	3
3605	4
3606	7
3607	6
3608	6
3609	5
3610	2
3611	5
3612	3
3613	6
3614	2
3615	1
3616	1
3617	3
3618	5
3619	4
3620	5
3621	5
3622	3
3623	6
3624	1
3625	6
3626	6
3627	3
3628	3
3629	9
3630	5
3631	6
3633	5
3634	3
3635	6
3636	2
3637	5
3638	8
3639	3
3640	6
3641	4
3642	6
3643	3
3644	7
3645	3
3646	5
3647	8
3648	5
3649	5
3650	3
3651	5
3652	4
3653	9
3654	6
3655	5
3656	5
3657	4
3658	9
3659	1
3660	4
3661	4
3662	8
3663	2
3664	1
3665	2
3666	7
3667	3
3668	3
3669	4
3670	3
3671	6
3672	6
3673	4
3674	6
3676	5
3677	6
3679	5
3681	1
3682	3
3683	3
3684	4
3685	8
3686	5
3687	9
3688	4
3689	6
3690	6
3691	2
3692	2
3693	6
3694	6
3695	5
3696	6
3697	6
3698	5
3699	7
3700	5
3701	3
3702	4
3703	1
3704	3
3705	6
3706	6
3707	3
3708	4
3709	4
3710	2
3711	6
3712	7
3713	7
3714	2
3715	7
3716	2
3717	4
3718	1
3719	2
3720	8
3721	7
3722	5
3723	5
3724	5
3725	2
3726	5
3727	8
3728	5
3729	3
3730	3
3731	2
3732	1
3733	5
3734	4
3735	5
3736	3
3737	7
3738	3
3739	3
3740	6
3741	2
3742	4
3743	2
3744	6
3745	5
3746	6
3747	4
3748	7
3749	4
3750	2
3751	1
3752	4
3753	1
3754	6
3755	3
3756	6
3757	3
3758	8
3759	3
3760	7
3761	9
3762	4
3763	2
3764	3
3765	1
3766	5
3767	10
3768	4
3769	6
3770	4
3771	2
3772	3
3773	5
3774	4
3775	2
3776	4
3777	4
3778	10
3779	6
3780	2
3781	8
3782	12
3783	3
3784	3
3785	5
3786	2
3787	3
3788	6
3789	5
3790	5
3791	3
3792	5
3793	6
3794	4
3795	5
3796	2
3797	4
3798	4
3799	3
3800	5
3801	4
3802	5
3804	7
3805	4
3806	8
3807	1
3808	4
3809	2
3810	3
3811	7
3812	3
3813	5
3814	3
3815	6
3816	4
3817	4
3818	4
3819	3
3820	3
3821	3
3822	6
3823	5
3824	2
3825	6
3826	3
3827	3
3828	3
3829	4
3830	5
3831	4
3832	4
3833	3
3834	3
3835	1
3836	1
3837	6
3838	4
3839	6
3840	2
3841	4
3842	4
3843	4
3844	3
3845	8
3846	3
3847	5
3848	2
3849	8
3850	4
3851	4
3852	2
3853	4
3854	3
3855	2
3856	4
3857	3
3858	7
3859	4
3860	5
3861	8
3862	1
3863	4
3864	3
3865	6
3866	1
3867	5
3868	3
3869	3
3870	4
3871	4
3872	3
3873	2
3874	6
3875	6
3876	3
3877	3
3878	4
3879	2
3880	1
3881	2
3882	4
3883	1
3884	4
3885	3
3886	3
3887	2
3888	6
3890	2
3891	4
3892	4
3893	6
3894	2
3895	2
3896	3
3897	7
3898	5
3899	1
3900	7
3901	3
3902	6
3903	6
3904	1
3905	3
3906	6
3908	3
3909	5
3910	4
3911	5
3912	1
3913	3
3914	3
3915	5
3916	4
3917	6
3918	5
3919	2
3920	6
3922	5
3923	4
3924	6
3925	3
3926	6
3927	7
3928	1
3929	5
3930	3
3931	7
3932	6
3933	6
3934	3
3935	4
3936	6
3937	7
3938	2
3939	3
3940	5
3941	3
3942	6
3943	2
3944	6
3945	2
3946	7
3947	5
3948	4
3949	2
3950	3
3951	6
3952	5
3953	3
3954	1
3955	6
3956	1
3957	6
3958	2
3959	3
3960	7
3961	5
3962	5
3963	7
3964	4
3966	5
3967	6
3968	6
3969	3
3970	3
3971	10
3972	1
3973	6
3974	6
3975	6
3976	2
3977	3
3978	5
3979	4
3980	1
3981	4
3982	1
3983	4
3984	5
3985	2
3986	2
3987	3
3988	6
3989	3
3990	2
3991	5
3992	6
3993	3
3994	3
3995	2
3996	5
3997	4
3998	6
3999	4
4000	3
4001	2
4002	4
4003	4
4004	6
4005	5
4006	6
4007	5
4008	6
4009	4
4010	2
4011	3
4012	7
4013	2
4014	4
4015	2
4016	2
4017	4
4018	2
4019	3
4020	3
4021	4
4022	2
4023	2
4024	3
4025	3
4026	5
4027	3
4028	7
4029	3
4030	3
4031	4
4033	4
4034	6
4035	4
4036	3
4037	1
4038	1
4039	2
4040	5
4041	4
4042	1
4043	2
4044	1
4045	3
4046	5
4047	5
4048	3
4049	1
4050	4
4051	7
4052	3
4053	3
4054	6
4055	2
4056	3
4057	6
4058	2
4059	3
4060	2
4061	4
4062	3
4063	7
4064	5
4065	2
4066	3
4067	5
4068	3
4069	4
4070	7
4071	1
4072	3
4073	6
4074	1
4075	4
4076	2
4078	3
4079	6
4080	5
4081	5
4082	5
4083	9
4084	4
4085	4
4086	5
4087	9
4088	7
4089	6
4090	2
4091	1
4092	2
4093	5
4094	4
4095	5
4096	2
4097	3
4099	5
4100	3
4101	5
4102	8
4103	4
4104	2
4105	4
4106	4
4107	5
4108	3
4109	4
4110	3
4111	3
4112	4
4113	4
4114	1
4115	7
4116	2
4117	2
4118	4
4119	2
4120	1
4121	4
4122	4
4123	2
4124	2
4125	5
4126	4
4127	4
4128	5
4129	8
4130	5
4131	6
4132	3
4133	2
4134	6
4136	4
4137	3
4138	3
4140	4
4141	2
4142	4
4143	5
4144	2
4145	4
4146	4
4147	5
4148	4
4149	2
4150	7
4151	3
4152	2
4153	1
4155	3
4156	2
4157	2
4158	5
4159	3
4160	5
4161	1
4162	4
4163	3
4164	4
4165	7
4166	2
4167	4
4168	3
4169	3
4171	5
4172	6
4173	6
4174	4
4175	4
4176	2
4177	5
4178	5
4179	3
4180	3
4181	2
4182	6
4183	6
4184	8
4185	3
4186	2
4187	4
4188	4
4189	6
4190	4
4191	3
4192	2
4193	5
4194	3
4195	6
4196	1
4197	2
4200	5
4201	2
4202	4
4203	3
4204	7
4205	3
4206	5
4207	5
4208	3
4209	8
4210	5
4211	3
4212	6
4213	2
4214	3
4215	5
4216	7
4217	5
4218	4
4219	1
4221	10
4222	8
4223	2
4224	4
4226	3
4227	2
4228	2
4229	5
4230	3
4231	5
4232	5
4233	3
4234	1
4235	1
4236	1
4237	6
4238	3
4239	2
4240	2
4241	4
4242	6
4243	5
4244	8
4245	3
4246	4
4247	4
4248	2
4249	9
4250	3
4251	6
4252	3
4253	4
4254	6
4255	4
4256	2
4257	6
4258	6
4259	4
4260	6
4261	1
4262	4
4263	2
4264	3
4265	8
4266	4
4267	2
4268	5
4269	2
4270	4
4271	4
4272	2
4273	3
4274	5
4275	8
4276	4
4277	9
4278	5
4279	7
4280	2
4281	5
4282	3
4283	5
4284	4
4285	4
4286	2
4287	2
4288	1
4289	1
4290	1
4292	2
4293	2
4294	2
4295	4
4296	3
4297	3
4298	2
4299	4
4300	3
4301	3
4302	8
4303	2
4304	4
4305	7
4306	3
4307	1
4308	9
4309	6
4310	2
4312	2
4313	1
4314	3
4315	6
4316	2
4317	2
4318	6
4319	5
4320	2
4321	2
4322	6
4323	6
4324	4
4325	2
4326	2
4327	1
4328	2
4329	7
4330	6
4331	4
4332	2
4333	2
4334	7
4335	1
4336	6
4337	5
4338	4
4339	2
4340	2
4342	2
4343	6
4344	5
4345	3
4346	5
4347	6
4348	1
4349	2
4350	1
4351	1
4352	3
4353	6
4354	6
4355	1
4356	5
4357	1
4358	4
4359	3
4360	4
4361	6
4362	8
4363	2
4364	3
4365	2
4366	3
4367	3
4368	5
4369	6
4370	7
4371	3
4372	1
4373	6
4374	3
4375	4
4376	2
4377	3
4378	1
4379	1
4380	5
4381	4
4382	5
4383	5
4384	2
4385	3
4386	4
4387	5
4388	3
4389	2
4390	5
4391	5
4392	1
4393	3
4394	2
4395	4
4396	4
4397	4
4398	3
4400	2
4401	5
4402	4
4403	3
4404	3
4405	3
4406	3
4407	1
4408	4
4409	6
4410	5
4411	3
4412	3
4413	1
4414	4
4415	3
4416	4
4417	4
4418	5
4419	4
4420	4
4421	5
4422	3
4423	3
4424	1
4425	1
4426	3
4427	3
4428	1
4429	4
4430	2
4431	4
4432	4
4433	4
4434	5
4435	2
4436	9
4437	2
4438	4
4439	4
4440	3
4441	3
4442	2
4443	3
4444	6
4445	2
4446	2
4447	4
4448	4
4449	1
4450	2
4451	3
4452	2
4453	3
4454	5
4455	3
4456	2
4457	3
4458	3
4459	3
4460	3
4461	5
4462	3
4463	3
4464	1
4465	5
4466	2
4467	1
4469	2
4470	3
4471	4
4472	4
4473	4
4474	5
4475	1
4476	1
4477	4
4478	5
4479	3
4480	6
4481	4
4482	1
4483	3
4484	2
4485	4
4486	4
4487	3
4488	3
4489	3
4490	2
4491	2
4492	1
4493	2
4494	3
4495	5
4496	6
4497	2
4498	3
4499	2
4500	5
4501	6
4502	1
4503	3
4504	3
4505	4
4506	3
4508	1
4509	3
4510	4
4511	7
4512	3
4513	1
4514	1
4515	6
4516	5
4517	6
4518	4
4519	7
4520	3
4521	5
4522	2
4523	2
4524	3
4525	5
4526	2
4527	4
4528	2
4529	4
4530	2
4531	4
4532	1
4533	3
4534	2
4535	2
4536	1
4537	1
4539	4
4540	5
4541	3
4542	3
4543	3
4544	3
4545	1
4546	1
4547	4
4548	6
4549	7
4550	3
4551	1
4552	3
4553	4
4554	2
4555	2
4556	1
4557	7
4558	6
4559	4
4560	2
4561	5
4562	2
4563	7
4564	5
4566	7
4567	5
4568	1
4569	4
4570	4
4571	7
4572	5
4573	2
4575	2
4576	2
4577	2
4578	5
4579	6
4580	5
4581	2
4582	6
4583	1
4584	5
4585	5
4586	3
4587	3
4588	1
4589	3
4590	2
4591	2
4592	5
4593	2
4594	5
4595	5
4596	1
4597	3
4598	2
4599	6
4600	5
4601	6
4602	7
4603	7
4604	3
4605	2
4606	3
4607	3
4608	2
4609	4
4610	2
4611	2
4612	5
4613	2
4614	2
4615	6
4616	3
4617	3
4618	3
4619	3
4620	2
4621	1
4622	2
4623	6
4624	5
4625	1
4626	1
4627	2
4628	3
4629	2
4630	3
4631	8
4632	1
4633	4
4634	4
4635	5
4636	3
4637	5
4638	6
4639	4
4640	4
4641	3
4642	3
4643	2
4644	6
4645	5
4647	2
4648	6
4650	4
4651	2
4652	3
4653	1
4654	3
4655	5
4656	3
4657	2
4658	4
4659	6
4660	2
4661	3
4662	2
4663	2
4664	4
4665	1
4666	8
4667	3
4668	3
4669	2
4670	2
4671	2
4673	2
4674	3
4675	1
4676	5
4677	5
4678	2
4679	3
4680	6
4681	4
4682	3
4683	3
4684	4
4685	8
4686	1
4687	5
4688	4
4689	4
4690	3
4691	2
4692	1
4693	2
4694	5
4695	2
4696	4
4697	4
4698	3
4699	2
4700	2
4701	4
4702	1
4703	1
4704	4
4705	3
4706	2
4707	2
4708	2
4709	4
4710	4
4711	4
4712	2
4713	1
4714	2
4715	2
4716	2
4717	4
4718	7
4719	3
4720	2
4721	3
4722	6
4723	1
4724	6
4725	3
4726	5
4729	2
4730	1
4731	4
4732	5
4734	4
4735	1
4736	5
4737	4
4738	2
4739	5
4740	5
4741	1
4742	4
4743	2
4744	6
4745	3
4746	3
4747	6
4748	2
4749	5
4750	5
4751	4
4752	3
4753	4
4754	3
4755	3
4756	4
4757	4
4758	1
4759	3
4761	4
4762	2
4763	5
4764	2
4766	4
4767	2
4768	2
4771	4
4772	2
4773	3
4774	5
4775	4
4776	5
4777	4
4778	3
4779	2
4780	1
4781	7
4782	2
4783	5
4784	3
4785	2
4786	2
4787	3
4788	3
4789	3
4790	2
4791	3
4792	4
4793	3
4794	1
4795	4
4796	2
4797	3
4798	3
4799	3
4800	3
4801	3
4802	5
4803	3
4804	1
4805	1
4806	6
4807	4
4808	3
4809	4
4810	1
4811	5
4812	3
4813	5
4814	4
4816	6
4817	2
4818	4
4819	2
4820	7
4821	1
4822	7
4823	1
4824	1
4825	3
4826	6
4827	4
4828	6
4829	2
4830	2
4831	2
4832	6
4833	3
4834	2
4835	2
4836	2
4837	3
4839	5
4840	5
4841	4
4842	1
4843	2
4844	3
4845	2
4846	3
4847	4
4848	5
4849	3
4850	4
4851	5
4852	2
4853	2
4854	2
4855	5
4856	6
4857	3
4858	3
4859	1
4860	3
4861	1
4862	4
4863	2
4864	5
4865	6
4866	5
4867	5
4868	3
4869	4
4870	4
4871	3
4873	4
4874	3
4875	3
4876	4
4877	6
4878	2
4879	3
4880	4
4881	6
4882	3
4883	3
4884	3
4885	1
4886	2
4887	5
4888	6
4889	1
4891	4
4892	1
4893	4
4894	4
4895	1
4896	5
4897	2
4898	3
4899	3
4900	5
4901	3
4902	3
4903	6
4904	3
4905	3
4907	2
4908	1
4909	1
4910	2
4911	3
4913	3
4914	1
4915	2
4916	3
4917	2
4918	1
4919	5
4920	4
4921	3
4922	1
4923	4
4924	3
4925	1
4926	1
4927	2
4928	4
4929	2
4930	3
4931	3
4932	5
4933	5
4934	4
4935	2
4936	5
4937	2
4938	3
4939	3
4940	4
4941	1
4942	2
4943	2
4945	4
4946	4
4947	5
4948	3
4950	1
4951	3
4952	3
4953	2
4954	1
4955	4
4956	1
4957	5
4958	5
4959	3
4961	1
4962	4
4963	1
4964	3
4965	1
4966	1
4967	1
4968	6
4969	1
4970	3
4971	5
4972	1
4973	4
4974	3
4975	4
4976	1
4977	1
4978	2
4979	5
4980	4
4981	5
4982	3
4983	3
4985	4
4986	5
4987	4
4988	2
4989	5
4990	4
4991	3
4992	2
4993	2
4994	1
4995	1
4996	3
4997	1
4998	3
4999	7
5000	2
5001	2
5002	3
5003	2
5004	3
5005	3
5006	2
5007	2
5009	2
5010	1
5011	5
5012	5
5013	5
5014	2
5015	3
5016	2
5017	1
5018	4
5019	2
5020	2
5021	1
5022	6
5023	6
5024	2
5025	1
5026	5
5027	2
5028	2
5031	4
5032	3
5033	3
5034	2
5035	3
5036	3
5037	4
5038	1
5039	3
5040	1
5041	3
5042	4
5043	1
5044	3
5045	2
5046	4
5047	3
5048	2
5049	2
5050	4
5051	3
5052	1
5053	1
5054	2
5055	1
5056	3
5057	4
5058	1
5059	2
5061	4
5062	2
5063	3
5064	1
5067	5
5068	3
5069	1
5070	1
5071	3
5072	4
5073	3
5074	5
5075	5
5076	4
5077	1
5079	4
5080	5
5081	3
5082	3
5083	5
5084	4
5085	3
5086	1
5087	2
5088	2
5089	2
5090	1
5091	3
5092	3
5093	1
5094	2
5095	4
5096	2
5097	2
5098	5
5099	5
5100	2
5101	5
5102	4
5103	3
5104	1
5105	3
5106	2
5107	1
5108	1
5109	1
5110	3
5111	3
5112	3
5113	5
5114	2
5115	4
5116	1
5117	1
5118	1
5119	6
5120	1
5121	3
5122	6
5123	3
5124	2
5125	2
5126	3
5127	3
5128	1
5129	6
5130	1
5131	3
5132	5
5133	4
5134	3
5135	3
5136	4
5137	2
5138	2
5139	4
5140	1
5141	5
5142	1
5143	4
5144	6
5145	6
5146	4
5147	3
5148	3
5149	2
5150	2
5151	1
5152	1
5153	3
5155	5
5156	3
5157	2
5158	3
5159	4
5160	2
5161	3
5162	4
5163	5
5164	2
5165	3
5166	2
5167	3
5168	4
5169	2
5170	3
5171	7
5172	2
5173	3
5174	1
5175	1
5176	5
5177	2
5178	1
5179	3
5180	2
5181	4
5182	2
5183	1
5184	3
5185	6
5186	2
5187	2
5188	1
5190	3
5191	4
5192	3
5193	5
5194	5
5195	1
5196	4
5197	2
5198	1
5199	2
5200	2
5201	3
5202	3
5203	4
5204	1
5205	2
5206	1
5207	3
5208	5
5209	1
5211	1
5212	7
5214	9
5215	2
5216	1
5217	6
5218	3
5220	1
5221	2
5223	1
5224	1
5225	3
5226	3
5227	1
5228	3
5229	4
5230	2
5231	4
5232	2
5233	2
5234	3
5235	4
5237	3
5238	1
5240	2
5242	3
5243	1
5244	3
5245	2
5246	2
5247	2
5248	5
5249	4
5250	6
5251	1
5252	1
5253	3
5254	2
5256	2
5257	4
5258	2
5259	3
5260	4
5261	2
5262	1
5263	4
5264	3
5265	2
5266	4
5267	3
5268	1
5269	2
5270	4
5271	4
5272	3
5273	1
5274	3
5275	1
5276	2
5277	4
5278	3
5279	5
5280	2
5281	2
5282	2
5283	1
5284	4
5285	2
5286	1
5287	2
5288	3
5289	4
5290	6
5291	3
5292	3
5293	3
5294	4
5295	4
5296	4
5297	1
5298	2
5299	3
5300	2
5301	1
5302	2
5303	2
5304	5
5306	1
5307	2
5309	2
5310	2
5311	6
5312	4
5313	1
5314	3
5315	3
5316	2
5317	3
5319	2
5320	2
5321	2
5322	1
5323	2
5324	3
5326	3
5327	2
5328	1
5329	2
5330	3
5331	1
5332	3
5333	1
5334	2
5335	1
5336	3
5338	2
5339	3
5340	2
5341	3
5342	2
5343	2
5344	3
5346	1
5347	2
5348	2
5349	1
5350	2
5351	2
5352	2
5353	8
5354	5
5355	3
5356	2
5357	3
5358	2
5359	4
5360	2
5361	4
5363	5
5364	2
5365	1
5366	4
5367	2
5368	2
5369	1
5370	2
5371	1
5372	2
5373	2
5374	1
5375	5
5376	3
5377	7
5378	3
5379	3
5380	2
5381	1
5382	3
5383	3
5384	2
5385	1
5386	4
5387	6
5388	3
5389	2
5390	1
5391	2
5392	2
5393	4
5394	3
5395	3
5396	1
5397	2
5398	2
5399	5
5400	6
5401	4
5402	2
5403	1
5404	3
5405	2
5408	2
5409	2
5410	1
5411	2
5412	4
5414	3
5415	3
5416	6
5417	5
5418	1
5419	4
5420	1
5421	4
5422	4
5423	6
5424	2
5425	4
5426	2
5427	3
5428	1
5429	1
5430	3
5431	1
5432	2
5433	3
5434	3
5435	4
5436	5
5437	1
5438	1
5439	1
5440	3
5441	5
5442	6
5443	1
5444	4
5445	2
5446	3
5447	3
5448	1
5449	3
5450	2
5451	1
5452	6
5453	3
5454	2
5455	1
5456	4
5457	7
5458	2
5459	4
5460	3
5461	5
5462	3
5463	1
5464	3
5465	2
5466	2
5467	1
5468	2
5469	2
5470	1
5471	2
5472	4
5473	2
5474	3
5475	4
5476	3
5477	6
5478	1
5479	2
5480	5
5481	4
5483	3
5484	3
5486	3
5487	2
5488	1
5490	2
5492	5
5493	6
5494	3
5495	2
5496	2
5497	1
5499	1
5500	1
5501	1
5502	6
5503	1
5504	5
5505	6
5506	4
5507	2
5508	3
5509	1
5510	5
5511	6
5512	2
5513	5
5515	4
5516	1
5517	4
5518	3
5520	1
5521	1
5522	3
5523	3
5524	1
5525	4
5526	2
5527	2
5528	2
5529	2
5530	1
5531	2
5532	2
5533	3
5534	2
5535	1
5536	3
5537	2
5538	3
5539	3
5540	3
5541	6
5542	3
5543	2
5544	3
5545	1
5546	1
5547	1
5548	6
5549	1
5550	3
5551	1
5552	1
5553	4
5554	3
5555	2
5556	5
5557	3
5558	3
5560	1
5561	2
5562	3
5563	4
5564	3
5565	3
5566	2
5567	3
5568	4
5570	2
5571	4
5572	5
5573	3
5574	2
5575	4
5576	1
5577	5
5578	3
5579	2
5580	3
5581	2
5582	5
5583	1
5585	2
5586	2
5587	2
5589	2
5590	2
5591	2
5592	1
5593	2
5594	3
5595	4
5596	3
5597	1
5598	3
5599	3
5600	3
5601	4
5602	6
5603	1
5604	2
5605	4
5606	1
5607	2
5608	3
5609	2
5610	1
5611	4
5612	2
5613	4
5614	3
5615	4
5616	1
5617	1
5618	1
5619	2
5620	5
5621	3
5622	4
5623	3
5624	3
5625	3
5626	1
5627	2
5628	2
5629	1
5630	1
5631	2
5632	1
5633	2
5634	3
5635	2
5636	1
5637	2
5638	2
5639	5
5640	5
5642	3
5643	3
5644	4
5645	3
5647	2
5648	2
5649	4
5650	3
5651	1
5652	4
5653	2
5654	2
5655	4
5656	3
5657	5
5658	2
5660	4
5661	2
5662	2
5663	2
5664	3
5665	3
5666	8
5667	4
5668	3
5669	3
5670	3
5671	3
5672	3
5673	3
5674	2
5675	3
5676	4
5677	1
5678	3
5679	1
5680	2
5681	1
5682	1
5683	1
5684	1
5685	2
5687	1
5688	1
5689	2
5690	5
5691	2
5692	2
5693	2
5695	3
5696	1
5697	4
5699	5
5700	3
5701	3
5702	2
5703	3
5704	3
5705	3
5706	2
5707	2
5708	6
5709	5
5711	2
5713	3
5714	2
5715	2
5716	4
5717	1
5718	2
5719	2
5720	5
5722	1
5723	3
5724	3
5725	1
5727	2
5729	2
5730	3
5731	3
5732	1
5733	1
5735	4
5737	4
5738	3
5739	4
5740	2
5741	4
5742	6
5743	2
5744	1
5745	1
5746	6
5747	2
5748	3
5749	4
5750	1
5751	1
5752	1
5753	3
5754	2
5755	4
5757	2
5758	3
5759	1
5760	1
5761	2
5762	3
5763	4
5765	3
5766	3
5767	1
5768	3
5769	2
5770	1
5771	3
5772	2
5773	2
5774	2
5775	2
5776	2
5777	1
5778	3
5780	1
5781	2
5782	1
5785	4
5786	1
5787	4
5788	2
5789	4
5791	1
5792	2
5793	1
5794	2
5795	2
5796	4
5798	6
5800	2
5801	4
5802	2
5803	3
5804	1
5805	1
5806	3
5807	4
5808	4
5809	3
5810	1
5811	2
5812	3
5814	3
5815	3
5817	2
5818	5
5819	1
5820	5
5821	1
5822	1
5823	2
5825	4
5827	5
5828	2
5829	2
5830	2
5831	4
5832	2
5833	2
5834	1
5836	3
5837	2
5838	5
5839	3
5840	2
5842	1
5843	6
5844	1
5845	1
5846	2
5847	1
5848	2
5849	1
5850	7
5851	1
5852	5
5853	2
5854	3
5855	1
5856	2
5857	2
5858	3
5859	2
5860	2
5861	5
5862	5
5863	7
5864	5
5865	3
5866	4
5868	1
5869	2
5870	1
5871	3
5874	1
5875	1
5876	1
5877	2
5878	2
5879	2
5880	3
5881	4
5882	2
5883	4
5884	2
5885	5
5886	2
5887	3
5888	1
5889	1
5890	1
5891	2
5892	3
5893	2
5894	3
5895	2
5897	4
5898	3
5899	5
5900	2
5901	1
5902	5
5903	4
5904	1
5905	1
5906	5
5907	1
5908	3
5909	1
5910	4
5911	2
5912	1
5913	3
5914	1
5915	3
5916	2
5917	5
5918	2
5919	3
5920	2
5921	3
5923	4
5924	5
5925	2
5926	2
5927	1
5928	3
5929	5
5930	3
5931	1
5932	3
5934	2
5935	2
5936	1
5938	3
5940	1
5941	3
5942	2
5944	2
5945	2
5946	3
5947	2
5948	2
5949	4
5950	2
5951	2
5952	3
5953	3
5954	1
5955	1
5957	2
5958	3
5959	5
5960	7
5961	3
5962	3
5964	3
5965	4
5966	2
5967	1
5968	2
5970	3
5971	1
5972	1
5974	2
5975	3
5976	2
5977	2
5979	3
5980	3
5981	2
5982	4
5983	2
5984	3
5985	5
5986	3
5987	1
5988	2
5989	1
5990	1
5991	5
5992	3
5993	1
5994	6
5995	2
5996	1
5997	3
5998	2
6000	2
6001	2
6002	3
6003	3
6004	3
6005	2
6006	3
6008	2
6010	2
6011	2
6012	2
6013	2
6014	3
6015	2
6016	1
6017	1
6019	1
6020	3
6021	2
6024	1
6025	6
6026	2
6027	1
6028	2
6029	4
6031	5
6032	1
6033	3
6034	5
6035	4
6036	5
6037	1
6039	2
6040	2
6042	1
6044	1
6045	2
6046	3
6047	3
6048	1
6049	1
6050	1
6051	2
6052	2
6053	2
6054	5
6055	5
6056	1
6057	3
6058	1
6059	1
6060	1
6061	3
6062	2
6064	2
6065	1
6066	2
6067	3
6069	3
6070	1
6071	3
6072	1
6073	3
6074	5
6075	4
6076	4
6077	2
6078	3
6079	2
6080	2
6081	2
6082	1
6084	3
6085	4
6086	3
6087	1
6088	2
6089	3
6090	5
6091	3
6092	3
6093	3
6094	2
6095	1
6096	1
6097	4
6098	3
6099	1
6100	1
6101	1
6102	1
6104	4
6105	2
6107	3
6108	3
6109	2
6110	2
6111	2
6112	3
6113	2
6114	1
6115	2
6116	1
6117	2
6118	4
6119	4
6120	4
6121	2
6122	1
6123	3
6124	1
6125	4
6126	3
6127	5
6128	1
6129	1
6130	3
6131	3
6132	3
6133	3
6134	3
6135	4
6137	3
6139	1
6140	3
6141	2
6143	1
6144	1
6145	1
6147	1
6148	4
6149	2
6151	1
6152	2
6155	2
6156	6
6157	1
6158	2
6159	2
6160	1
6162	4
6163	1
6165	3
6166	1
6167	3
6168	6
6169	2
6170	2
6171	2
6172	3
6173	1
6174	1
6175	3
6176	1
6177	2
6178	2
6179	2
6180	3
6182	2
6183	1
6184	3
6185	6
6186	2
6187	3
6188	2
6189	2
6190	3
6191	1
6192	1
6193	2
6194	2
6195	2
6196	2
6197	3
6198	3
6199	2
6200	2
6201	2
6203	2
6204	2
6205	1
6206	4
6208	1
6209	3
6210	4
6211	3
6213	2
6214	3
6215	1
6217	1
6218	1
6219	4
6220	1
6221	1
6223	2
6224	3
6225	4
6226	3
6227	1
6228	2
6229	3
6231	1
6233	4
6234	2
6236	2
6237	3
6238	6
6239	1
6240	2
6241	2
6243	4
6244	3
6245	3
6246	2
6247	2
6248	2
6249	1
6250	4
6251	1
6253	2
6254	2
6255	2
6256	1
6257	1
6259	1
6260	1
6261	5
6262	4
6263	2
6264	2
6265	2
6266	7
6267	4
6268	1
6269	2
6270	3
6271	2
6272	4
6273	5
6275	1
6277	1
6278	5
6279	1
6281	3
6282	2
6284	2
6285	2
6286	1
6287	3
6289	2
6290	3
6291	3
6292	5
6293	1
6294	2
6295	4
6296	1
6297	1
6298	3
6299	2
6300	2
6301	4
6302	3
6303	1
6304	1
6305	1
6306	2
6307	2
6309	1
6310	2
6311	1
6312	4
6313	1
6314	4
6315	2
6316	2
6317	3
6318	2
6320	2
6321	1
6322	1
6323	4
6324	4
6325	2
6327	3
6328	4
6329	3
6330	1
6332	2
6335	2
6336	1
6337	3
6338	2
6339	2
6340	1
6341	1
6342	2
6343	1
6344	1
6345	1
6347	1
6348	2
6349	1
6350	4
6352	2
6354	3
6355	1
6356	1
6357	2
6358	2
6359	3
6360	3
6361	1
6362	1
6363	2
6364	2
6365	3
6367	3
6368	2
6369	5
6371	1
6372	1
6374	1
6375	1
6376	2
6377	2
6378	1
6379	1
6380	2
6381	2
6382	3
6383	4
6384	2
6385	1
6387	1
6388	1
6390	2
6391	1
6392	3
6393	1
6394	3
6395	1
6396	5
6397	2
6398	4
6399	2
6400	3
6401	1
6402	2
6403	1
6405	2
6406	5
6407	1
6408	1
6409	1
6410	4
6411	2
6412	3
6414	2
6415	4
6416	3
6417	2
6418	2
6420	5
6422	2
6423	3
6424	3
6425	4
6426	2
6427	3
6428	1
6430	2
6431	2
6432	2
6433	3
6434	1
6435	1
6437	2
6438	2
6439	2
6440	4
6441	1
6443	3
6444	2
6445	4
6446	5
6447	1
6449	3
6450	3
6453	2
6454	1
6455	1
6456	2
6457	3
6458	1
6459	2
6461	1
6462	3
6465	2
6466	4
6467	5
6469	3
6470	1
6471	3
6472	3
6473	1
6474	1
6475	1
6476	2
6477	1
6478	2
6479	2
6480	3
6481	2
6482	1
6483	2
6484	1
6485	1
6486	2
6488	1
6489	1
6490	1
6491	3
6492	4
6494	1
6495	1
6496	1
6497	2
6498	1
6499	2
6500	3
6502	1
6503	1
6504	1
6505	2
6506	2
6507	5
6509	2
6511	4
6512	1
6513	4
6514	4
6516	1
6517	1
6518	3
6520	2
6521	1
6522	3
6524	3
6525	1
6526	1
6527	3
6528	1
6529	3
6530	3
6531	3
6532	4
6534	1
6535	3
6536	1
6537	3
6538	4
6539	3
6541	3
6542	1
6543	1
6544	1
6547	2
6549	3
6550	1
6552	1
6553	2
6554	1
6555	2
6556	3
6557	2
6558	1
6559	1
6560	4
6561	4
6562	3
6563	2
6564	2
6566	1
6569	4
6570	2
6571	1
6572	2
6574	2
6577	1
6578	1
6579	1
6580	3
6581	1
6583	2
6584	4
6585	1
6586	2
6587	3
6588	4
6589	1
6590	1
6593	2
6594	3
6595	2
6597	2
6598	2
6599	5
6601	1
6603	1
6604	3
6606	1
6607	1
6608	3
6609	1
6610	3
6611	2
6612	3
6613	1
6614	2
6615	2
6616	1
6617	3
6618	1
6619	1
6620	2
6621	4
6622	1
6623	1
6624	2
6625	3
6626	1
6627	2
6628	1
6629	2
6630	2
6632	1
6633	1
6634	3
6636	1
6637	2
6638	2
6639	1
6640	3
6641	1
6643	3
6644	2
6645	3
6646	2
6647	1
6648	2
6649	1
6650	1
6651	1
6652	1
6654	3
6656	3
6657	1
6658	1
6659	4
6661	1
6662	3
6663	2
6664	1
6665	1
6666	5
6667	2
6668	2
6669	2
6670	4
6671	3
6672	1
6673	1
6674	2
6675	4
6677	2
6678	3
6679	3
6680	4
6681	2
6682	4
6684	3
6685	1
6686	2
6687	1
6688	2
6689	3
6691	1
6693	3
6694	2
6696	1
6699	5
6700	3
6702	3
6703	4
6704	2
6705	1
6706	1
6707	3
6708	2
6709	1
6710	1
6711	1
6712	4
6716	2
6717	2
6718	2
6720	1
6721	2
6723	1
6724	1
6727	1
6728	1
6729	1
6730	1
6731	1
6735	2
6736	3
6737	1
6738	2
6739	1
6741	3
6742	3
6743	3
6744	1
6745	2
6746	3
6747	2
6748	1
6750	2
6751	1
6752	1
6753	1
6754	2
6755	1
6756	4
6757	5
6758	7
6760	3
6763	2
6764	1
6765	4
6766	2
6767	4
6768	3
6770	1
6771	1
6773	1
6775	1
6776	2
6777	1
6778	4
6779	2
6780	4
6782	3
6783	4
6784	1
6785	2
6786	2
6787	1
6790	1
6791	2
6792	5
6793	2
6794	1
6796	1
6797	1
6799	1
6800	1
6801	2
6802	1
6803	1
6804	2
6805	1
6806	1
6807	1
6808	2
6809	1
6810	1
6811	1
6812	1
6813	3
6814	3
6815	2
6816	1
6817	1
6818	4
6819	2
6820	2
6821	2
6822	2
6823	3
6824	3
6826	1
6828	3
6829	2
6830	2
6831	1
6832	1
6833	1
6834	2
6835	3
6836	1
6838	1
6839	2
6842	2
6843	2
6844	1
6845	4
6846	2
6847	1
6848	1
6849	2
6850	1
6851	4
6852	3
6853	2
6854	3
6856	1
6857	1
6858	3
6859	2
6861	2
6863	1
6864	1
6865	2
6866	1
6867	1
6870	2
6871	2
6872	1
6873	1
6874	1
6875	3
6877	3
6879	3
6880	1
6881	1
6882	2
6883	1
6884	2
6885	3
6886	1
6887	2
6892	3
6893	4
6897	3
6898	1
6899	2
6900	1
6901	3
6902	2
6903	2
6904	2
6905	5
6906	2
6907	1
6909	4
6910	2
6912	2
6914	2
6915	3
6917	1
6918	3
6919	1
6920	2
6921	4
6922	2
6923	2
6924	1
6925	1
6926	3
6927	2
6929	1
6931	2
6932	1
6933	1
6935	1
6936	5
6937	1
6938	1
6939	1
6941	4
6942	1
6944	3
6945	1
6946	2
6947	2
6950	2
6952	1
6954	1
6955	1
6957	3
6958	3
6959	4
6960	1
6961	1
6962	1
6963	3
6967	3
6968	2
6971	2
6972	4
6973	1
6974	1
6975	3
6976	2
6978	2
6979	3
6980	1
6981	2
6982	1
6983	4
6984	2
6985	1
6986	2
6987	2
6988	1
6989	1
6990	2
6991	3
6992	2
6994	3
6995	2
6996	2
6997	3
6998	2
6999	1
7000	1
7001	2
7003	1
7004	3
7007	2
7008	2
7009	4
7010	2
7011	4
7012	1
7013	1
7014	6
7015	2
7016	2
7017	2
7018	2
7019	1
7020	2
7021	1
7023	3
7024	3
7027	1
7028	2
7029	2
7031	3
7034	6
7035	3
7037	2
7038	2
7039	3
7040	3
7041	2
7042	2
7043	1
7044	3
7045	2
7046	2
7047	1
7048	3
7049	3
7050	1
7052	3
7053	2
7054	2
7058	2
7059	2
7060	2
7061	1
7062	2
7063	1
7065	1
7066	3
7068	4
7069	2
7071	2
7072	4
7073	1
7074	2
7076	1
7077	1
7080	1
7081	2
7082	3
7083	2
7084	3
7085	1
7088	2
7089	2
7090	3
7093	1
7094	4
7095	2
7096	2
7097	1
7100	3
7102	2
7103	1
7104	4
7106	3
7107	2
7108	1
7109	2
7112	3
7113	1
7115	2
7116	3
7118	1
7119	1
7120	1
7122	2
7123	1
7125	4
7126	4
7128	2
7129	3
7130	1
7131	4
7132	1
7133	3
7134	4
7136	1
7137	1
7138	3
7140	3
7141	3
7142	5
7143	2
7144	1
7145	1
7146	1
7147	1
7148	1
7150	1
7151	2
7152	2
7154	2
7156	1
7157	3
7158	1
7160	1
7161	2
7162	1
7163	3
7164	2
7165	4
7166	1
7167	3
7168	1
7169	4
7170	6
7171	3
7172	3
7173	3
7176	1
7178	1
7179	1
7180	4
7181	2
7183	1
7184	3
7186	1
7187	1
7188	1
7189	3
7190	2
7191	1
7192	3
7193	3
7194	1
7198	1
7199	1
7200	1
7202	1
7203	1
7204	4
7205	1
7206	1
7207	1
7208	2
7210	2
7212	2
7213	3
7214	2
7215	1
7217	1
7219	3
7220	2
7223	1
7224	2
7227	1
7228	2
7232	4
7234	3
7235	3
7237	3
7238	3
7239	1
7240	1
7241	1
7243	1
7244	1
7245	1
7246	3
7247	2
7248	1
7250	2
7251	2
7252	1
7253	1
7254	2
7255	1
7256	2
7257	3
7258	2
7259	3
7260	3
7261	2
7266	3
7267	2
7268	1
7271	1
7272	1
7273	1
7274	2
7276	3
7278	2
7279	1
7280	1
7281	5
7282	3
7284	1
7285	6
7286	3
7287	1
7289	1
7290	2
7291	2
7294	2
7295	1
7301	1
7302	2
7303	1
7305	1
7306	1
7307	1
7308	1
7311	2
7312	2
7313	1
7314	4
7315	3
7317	2
7318	2
7319	2
7320	1
7321	1
7322	3
7325	1
7326	1
7327	3
7328	2
7329	2
7330	2
7331	2
7332	1
7333	1
7335	3
7336	1
7338	2
7339	2
7340	4
7343	3
7344	2
7345	2
7347	2
7348	1
7350	2
7351	3
7352	2
7353	2
7354	2
7355	1
7356	2
7357	3
7360	2
7362	1
7363	1
7364	1
7365	1
7366	1
7367	1
7368	2
7369	1
7370	2
7372	2
7373	2
7374	1
7376	3
7377	2
7378	1
7379	1
7381	1
7382	4
7384	1
7385	2
7386	1
7388	6
7389	2
7390	3
7391	1
7394	1
7395	3
7396	2
7397	3
7398	2
7399	2
7400	2
7401	2
7402	1
7404	1
7407	2
7408	1
7410	3
7411	2
7412	1
7413	3
7414	1
7416	3
7418	2
7421	1
7422	1
7423	2
7424	5
7425	1
7426	3
7427	2
7428	1
7429	2
7433	6
7434	2
7435	3
7436	3
7439	1
7440	1
7441	1
7442	1
7443	2
7444	1
7445	2
7446	1
7448	2
7449	2
7450	2
7454	2
7456	4
7457	1
7458	1
7461	2
7462	3
7463	2
7464	1
7467	2
7468	1
7469	1
7470	1
7471	1
7472	2
7473	1
7474	1
7475	1
7476	1
7477	1
7478	2
7479	1
7480	1
7481	2
7482	1
7483	3
7485	2
7487	3
7488	1
7489	1
7490	5
7493	1
7494	3
7495	5
7496	1
7498	1
7500	1
7501	1
7502	5
7503	1
7505	5
7506	1
7508	4
7509	1
7510	2
7511	1
7512	3
7513	5
7514	3
7516	1
7517	1
7518	2
7520	1
7521	1
7522	2
7523	1
7525	4
7527	2
7528	2
7529	1
7530	1
7531	2
7534	3
7535	1
7536	1
7537	2
7538	2
7539	1
7541	3
7542	2
7543	1
7544	1
7545	3
7546	2
7547	1
7548	1
7549	1
7550	2
7551	2
7552	3
7553	3
7554	2
7555	2
7557	1
7558	1
7559	1
7560	1
7561	2
7562	3
7563	1
7565	1
7567	1
7568	1
7570	1
7571	3
7572	2
7573	3
7575	2
7576	4
7577	1
7578	1
7580	2
7582	2
7583	2
7584	1
7587	5
7588	1
7589	1
7590	2
7592	2
7593	1
7595	2
7597	2
7598	4
7599	1
7600	2
7603	2
7605	1
7606	1
7607	1
7609	2
7611	2
7612	2
7615	1
7616	1
7617	1
7619	3
7620	3
7621	1
7622	1
7623	1
7624	2
7625	2
7627	2
7628	1
7629	1
7630	1
7631	2
7633	3
7634	1
7637	1
7638	1
7640	1
7643	1
7644	1
7646	2
7647	3
7648	2
7649	4
7650	1
7651	4
7653	1
7654	1
7655	1
7656	4
7657	1
7658	2
7659	2
7660	1
7661	2
7662	1
7664	2
7665	1
7666	3
7667	2
7668	2
7670	1
7671	2
7672	3
7674	1
7680	2
7683	1
7685	1
7686	1
7687	1
7689	1
7691	2
7692	4
7693	1
7694	1
7695	1
7696	1
7698	1
7700	4
7701	1
7702	1
7703	1
7704	1
7706	2
7707	3
7709	2
7710	1
7712	3
7714	1
7717	2
7718	1
7721	2
7722	1
7724	2
7725	1
7726	1
7727	1
7729	2
7730	1
7731	1
7734	1
7735	2
7736	1
7738	1
7740	1
7741	2
7742	1
7744	2
7745	1
7750	2
7751	3
7752	1
7754	1
7756	1
7758	5
7759	2
7761	2
7762	3
7763	1
7764	1
7765	2
7766	3
7768	1
7769	1
7770	3
7772	2
7773	1
7775	3
7776	1
7778	2
7779	2
7780	1
7781	1
7783	1
7784	2
7785	3
7786	2
7787	1
7788	1
7789	1
7790	1
7792	1
7793	1
7795	1
7798	2
7799	2
7800	1
7801	1
7802	2
7803	2
7804	3
7805	1
7806	2
7807	2
7808	2
7809	2
7810	1
7811	1
7812	1
7814	1
7817	1
7818	1
7822	1
7823	1
7825	4
7826	1
7827	1
7829	1
7831	3
7835	1
7837	2
7838	3
7839	1
7840	2
7841	1
7843	2
7845	3
7846	1
7848	1
7849	2
7850	1
7851	2
7852	1
7853	1
7854	1
7856	2
7859	1
7860	2
7862	2
7863	2
7864	2
7865	1
7867	2
7868	4
7869	1
7870	3
7871	2
7872	3
7873	1
7874	2
7875	2
7876	1
7878	1
7880	2
7881	1
7882	1
7884	2
7885	2
7887	1
7888	1
7889	1
7890	1
7891	1
7892	2
7893	1
7894	1
7896	1
7897	1
7899	2
7904	2
7905	2
7906	2
7908	1
7910	3
7911	1
7912	2
7914	1
7915	1
7916	1
7917	2
7919	3
7920	2
7922	1
7924	1
7926	3
7930	1
7931	1
7932	1
7933	1
7936	1
7937	1
7938	3
7939	2
7940	1
7941	1
7942	2
7943	4
7948	1
7949	3
7950	2
7951	1
7952	2
7954	2
7955	1
7956	1
7957	1
7958	1
7959	2
7962	1
7963	1
7964	1
7965	1
7966	1
7970	1
7972	1
7974	3
7975	3
7976	1
7978	1
7979	1
7980	1
7981	1
7982	1
7985	2
7986	1
7987	1
7990	1
7991	1
7992	3
7993	2
7995	3
7996	2
7998	2
7999	2
8000	3
8001	3
8002	1
8003	2
8004	2
8005	6
8006	1
8007	2
8008	1
8011	4
8012	1
8013	2
8014	2
8018	1
8020	2
8024	1
8025	1
8027	1
8028	1
8029	1
8030	1
8031	3
8032	1
8033	2
8034	4
8035	1
8036	3
8037	1
8038	2
8040	1
8041	2
8043	1
8045	1
8046	1
8047	1
8049	1
8051	1
8053	1
8054	1
8055	2
8056	1
8057	2
8058	3
8059	1
8062	2
8063	4
8064	1
8065	3
8066	3
8067	1
8070	2
8071	1
8072	1
8075	1
8078	1
8080	1
8081	1
8082	2
8084	1
8086	4
8087	2
8088	2
8092	1
8095	1
8098	1
8099	1
8100	2
8101	3
8102	3
8103	1
8104	2
8106	2
8108	4
8109	2
8110	1
8111	2
8113	1
8114	2
8115	1
8116	1
8117	1
8118	2
8119	1
8120	2
8121	3
8122	3
8123	2
8124	1
8126	1
8127	1
8128	2
8129	1
8131	1
8132	3
8133	1
8134	1
8136	3
8137	1
8138	2
8141	2
8142	1
8146	2
8148	1
8150	4
8151	2
8153	2
8154	1
8157	2
8158	2
8160	1
8161	1
8163	2
8164	2
8166	1
8168	2
8169	1
8170	1
8171	1
8173	1
8175	3
8176	1
8177	1
8178	4
8179	2
8180	1
8182	1
8184	1
8185	1
8186	2
8187	1
8188	1
8190	2
8191	3
8192	3
8194	1
8198	1
8200	1
8202	3
8203	1
8205	1
8209	1
8212	2
8214	2
8215	1
8216	3
8218	2
8220	3
8221	1
8222	2
8223	2
8224	1
8227	1
8230	1
8231	4
8232	2
8235	2
8236	1
8237	2
8238	1
8241	2
8242	2
8245	1
8249	1
8250	2
8252	2
8253	1
8256	4
8258	1
8260	3
8261	3
8262	1
8265	2
8266	1
8267	1
8268	1
8269	1
8270	3
8272	1
8273	2
8274	1
8275	3
8277	1
8278	1
8280	2
8281	1
8282	1
8284	1
8286	1
8289	3
8290	1
8291	1
8293	1
8294	1
8295	1
8297	1
8300	2
8301	2
8302	5
8303	1
8304	1
8307	1
8308	1
8309	1
8312	2
8313	1
8315	1
8318	1
8320	2
8322	1
8323	1
8326	2
8327	2
8328	2
8330	1
8331	1
8332	3
8333	1
8334	2
8335	3
8336	1
8338	1
8340	2
8341	1
8342	3
8344	2
8345	1
8346	1
8347	2
8348	1
8350	2
8354	1
8355	2
8356	1
8358	1
8359	2
8360	2
8362	2
8363	1
8365	1
8367	1
8372	1
8373	1
8374	1
8375	2
8377	2
8379	2
8380	3
8381	1
8382	3
8383	2
8384	1
8385	3
8387	1
8388	1
8389	1
8390	1
8391	1
8392	1
8393	1
8397	2
8399	1
8401	2
8402	2
8404	1
8406	1
8407	2
8408	4
8410	1
8411	1
8413	1
8414	1
8420	1
8422	1
8423	3
8424	1
8425	1
8427	1
8428	1
8431	2
8432	1
8433	8
8435	2
8441	1
8443	2
8446	1
8448	2
8449	3
8450	1
8451	1
8452	1
8453	1
8454	2
8456	1
8457	1
8459	1
8460	2
8461	1
8462	1
8463	1
8465	2
8466	2
8470	2
8471	1
8472	1
8474	1
8475	1
8476	1
8477	1
8479	1
8480	1
8481	1
8482	1
8483	3
8485	2
8486	1
8487	1
8490	1
8491	1
8493	2
8496	1
8497	1
8498	1
8499	3
8501	2
8502	2
8504	1
8507	1
8508	2
8509	2
8510	1
8511	1
8512	3
8513	1
8514	1
8515	3
8516	1
8517	1
8518	3
8519	1
8520	1
8521	1
8522	1
8523	2
8524	1
8526	1
8527	1
8529	2
8530	3
8531	3
8533	1
8536	3
8537	2
8540	1
8541	1
8543	1
8546	1
8549	2
8550	1
8551	2
8552	2
8553	1
8555	1
8556	1
8557	2
8558	1
8559	3
8560	1
8561	1
8563	2
8564	1
8565	3
8568	1
8570	1
8572	1
8574	3
8577	1
8579	2
8580	2
8582	2
8583	1
8586	1
8588	1
8589	2
8590	1
8592	2
8593	4
8596	1
8597	3
8602	4
8603	1
8604	1
8605	1
8606	2
8609	1
8610	1
8613	1
8615	1
8618	2
8619	2
8621	1
8622	2
8623	1
8625	4
8626	1
8632	1
8635	1
8636	2
8638	1
8639	1
8644	1
8647	1
8649	2
8650	2
8651	2
8654	1
8656	2
8657	1
8661	1
8662	1
8664	1
8665	1
8668	2
8669	1
8670	1
8671	1
8672	1
8674	1
8676	2
8677	1
8678	1
8679	1
8680	1
8681	2
8682	2
8684	1
8685	2
8686	2
8689	1
8690	2
8691	2
8692	2
8693	1
8695	2
8696	2
8697	1
8700	1
8701	1
8704	1
8705	1
8706	4
8707	1
8711	1
8712	1
8713	2
8714	2
8715	1
8717	2
8718	1
8720	1
8721	1
8722	2
8724	1
8728	2
8732	1
8733	1
8735	2
8736	1
8737	1
8739	2
8740	1
8741	3
8743	1
8745	1
8748	1
8751	1
8752	1
8753	1
8756	1
8757	1
8758	1
8760	1
8762	3
8763	1
8764	1
8765	1
8768	1
8769	1
8771	2
8772	1
8775	1
8777	2
8780	2
8781	1
8782	1
8783	2
8784	2
8785	1
8787	3
8788	2
8790	1
8791	1
8793	1
8794	2
8797	1
8798	1
8800	1
8802	1
8803	1
8805	1
8806	2
8807	2
8810	2
8812	1
8813	1
8814	1
8817	2
8819	1
8821	1
8822	2
8823	1
8824	2
8826	1
8827	1
8828	2
8829	1
8830	1
8831	1
8832	1
8834	2
8836	2
8837	1
8838	1
8840	1
8842	1
8843	2
8844	2
8846	1
8847	1
8849	1
8850	1
8853	2
8854	4
8855	1
8856	3
8859	5
8860	1
8861	1
8862	1
8863	1
8866	1
8867	2
8868	1
8869	2
8870	2
8873	2
8875	1
8879	1
8881	3
8882	1
8885	1
8886	2
8887	1
8888	2
8891	1
8892	1
8895	1
8900	1
8901	1
8903	1
8904	1
8906	1
8907	1
8908	1
8909	1
8912	1
8913	1
8914	2
8916	2
8920	1
8922	2
8923	2
8924	2
8925	3
8927	2
8928	3
8929	1
8931	3
8934	2
8935	3
8936	1
8938	1
8939	1
8944	1
8945	1
8946	1
8948	2
8949	1
8952	3
8954	1
8956	1
8957	2
8958	3
8959	1
8960	1
8962	1
8963	1
8965	3
8966	1
8968	1
8969	3
8970	3
8971	3
8974	6
8975	1
8976	1
8979	2
8982	1
8983	2
8984	1
8985	1
8986	1
8988	1
8991	1
8995	2
8996	2
8997	1
8998	1
8999	1
9000	1
9001	1
9002	1
9003	1
9004	1
9005	3
9007	1
9010	1
9011	1
9012	1
9013	1
9014	1
9016	1
9017	1
9019	1
9020	1
9022	1
9024	1
9026	1
9027	1
9029	1
9031	3
9033	2
9034	1
9037	2
9038	2
9042	1
9043	1
9045	1
9048	1
9049	1
9052	1
9053	3
9054	2
9059	2
9062	1
9065	1
9066	1
9068	3
9069	1
9070	2
9071	3
9072	1
9073	3
9074	1
9076	1
9077	2
9078	1
9079	1
9080	1
9081	1
9082	1
9083	1
9084	1
9086	1
9087	3
9088	1
9090	1
9092	2
9097	2
9100	1
9103	1
9104	3
9105	1
9106	1
9108	1
9109	1
9113	2
9114	2
9115	1
9118	1
9119	2
9121	1
9122	2
9123	1
9124	1
9129	2
9131	2
9135	2
9136	2
9138	1
9140	1
9143	2
9144	2
9145	2
9146	1
9147	1
9148	2
9151	2
9152	1
9153	2
9154	1
9157	2
9159	1
9160	3
9162	1
9164	1
9165	3
9166	1
9167	1
9168	4
9170	1
9171	1
9181	1
9182	4
9185	1
9186	2
9187	1
9188	2
9189	3
9190	1
9191	1
9193	1
9195	2
9196	2
9197	1
9199	1
9200	2
9204	1
9205	1
9206	2
9207	1
9209	2
9212	1
9214	1
9219	1
9220	2
9221	1
9222	1
9223	1
9225	1
9226	2
9228	1
9230	2
9237	2
9238	1
9241	1
9244	1
9245	4
9248	1
9250	1
9252	1
9253	1
9254	1
9255	1
9257	2
9258	1
9259	2
9261	1
9262	2
9265	1
9266	2
9267	1
9269	2
9270	2
9272	3
9274	5
9277	1
9278	2
9281	1
9284	1
9285	4
9286	1
9287	1
9288	1
9289	1
9293	2
9295	3
9297	2
9298	2
9301	2
9302	1
9305	1
9306	1
9307	1
9308	3
9309	3
9310	1
9311	1
9315	2
9316	1
9317	2
9318	2
9319	3
9320	2
9324	1
9327	1
9328	1
9329	1
9330	1
9333	1
9334	1
9335	2
9336	1
9337	1
9339	1
9342	1
9343	2
9344	3
9345	1
9347	1
9348	1
9350	1
9351	2
9353	2
9354	2
9355	2
9356	1
9357	1
9361	2
9362	1
9363	1
9364	1
9368	1
9370	3
9372	1
9375	1
9379	1
9384	1
9385	1
9387	2
9392	3
9394	1
9396	2
9399	3
9400	2
9404	2
9406	1
9408	1
9409	2
9410	1
9411	1
9414	1
9415	3
9419	1
9421	1
9423	1
9428	2
9432	1
9434	2
9436	1
9438	2
9440	2
9442	3
9443	1
9447	1
9448	1
9452	2
9454	3
9456	1
9458	1
9462	1
9464	1
9466	1
9468	1
9472	1
9474	1
9478	2
9479	2
9482	4
9485	1
9486	1
9487	1
9488	2
9489	1
9494	2
9495	1
9498	1
9499	1
9500	2
9505	2
9507	1
9509	1
9511	1
9513	1
9515	1
9519	1
9520	1
9521	1
9522	1
9523	1
9524	1
9526	2
9528	1
9529	2
9531	1
9534	1
9538	2
9539	1
9541	1
9542	1
9549	1
9551	2
9553	2
9554	2
9555	1
9556	1
9557	1
9560	1
9561	2
9562	1
9565	2
9567	1
9569	1
9572	1
9573	1
9576	2
9579	1
9580	1
9582	1
9583	1
9587	1
9588	1
9589	1
9592	1
9593	1
9594	1
9597	1
9598	2
9599	1
9600	2
9601	1
9602	1
9603	1
9604	1
9605	2
9606	4
9607	1
9609	2
9610	2
9611	2
9612	1
9614	1
9615	1
9617	2
9618	1
9619	4
9621	2
9624	1
9626	2
9627	1
9628	2
9629	4
9633	1
9639	1
9640	1
9642	2
9643	1
9644	1
9645	1
9647	3
9651	3
9653	1
9654	2
9655	1
9657	1
9659	1
9663	1
9664	1
9665	2
9667	1
9669	1
9671	1
9673	2
9676	2
9677	1
9680	1
9681	1
9682	1
9683	1
9684	1
9685	1
9686	1
9687	1
9690	2
9692	1
9694	1
9699	1
9700	2
9701	2
9704	1
9707	1
9711	2
9713	1
9714	1
9715	1
9717	1
9718	1
9719	2
9720	3
9725	1
9728	2
9730	2
9731	1
9733	1
9735	2
9737	1
9739	2
9741	1
9742	1
9743	3
9744	2
9747	1
9749	1
9750	1
9751	1
9752	1
9756	1
9757	3
9761	2
9762	1
9764	2
9767	1
9769	1
9772	1
9776	2
9778	1
9779	1
9780	1
9782	1
9786	3
9788	1
9790	2
9792	1
9794	1
9795	1
9796	1
9797	1
9798	1
9803	1
9805	2
9806	1
9809	2
9810	1
9811	1
9812	1
9813	1
9816	2
9821	2
9822	1
9823	2
9824	1
9827	1
9828	2
9830	1
9833	1
9834	1
9835	1
9838	1
9843	2
9846	2
9850	1
9851	1
9852	2
9853	1
9856	1
9857	1
9858	2
9860	1
9862	1
9863	1
9866	1
9867	1
9869	1
9870	1
9871	1
9873	2
9874	1
9877	1
9878	1
9882	2
9884	2
9885	1
9886	1
9888	1
9889	1
9890	1
9895	1
9904	1
9906	1
9909	2
9911	2
9912	2
9913	1
9915	1
9918	1
9919	1
9920	2
9921	2
9923	1
9924	1
9927	1
9931	1
9933	1
9934	1
9935	1
9938	2
9941	3
9944	1
9945	3
9946	3
9949	2
9951	2
9952	2
9956	3
9957	1
9958	2
9960	1
9961	2
9962	1
9963	1
9964	2
9967	1
9968	1
9969	1
9970	1
9971	2
9972	2
9974	2
9976	2
9977	1
9979	1
9980	3
9981	1
9982	2
9985	1
9986	1
9988	1
9990	1
9992	1
9994	2
9995	1
9996	1
9999	1
10001	1
10002	3
10003	1
10004	1
10005	1
10006	1
10008	1
10009	1
10011	1
10013	1
10014	2
10017	1
10019	1
10020	2
10022	1
10024	1
10025	1
10027	1
10031	1
10034	1
10036	2
10037	1
10039	2
10041	1
10042	1
10043	1
10045	1
10046	1
10049	1
10050	1
10051	1
10055	1
10056	1
10057	1
10059	1
10062	1
10064	3
10070	2
10074	1
10075	1
10076	1
10077	3
10078	1
10080	1
10081	1
10088	4
10091	1
10093	1
10095	1
10097	2
10100	2
10103	2
10107	1
10108	1
10110	1
10112	1
10113	1
10115	3
10118	1
10119	1
10121	1
10122	1
10124	1
10128	1
10129	1
10130	1
10131	2
10133	1
10134	1
10142	1
10144	1
10147	1
10151	2
10156	1
10161	2
10163	1
10165	1
10166	1
10168	1
10169	1
10170	3
10171	1
10173	2
10174	1
10175	1
10180	1
10183	1
10184	1
10187	2
10188	1
10193	1
10194	1
10195	1
10199	1
10201	3
10203	1
10205	1
10206	1
10208	1
10211	1
10215	1
10216	1
10217	2
10218	1
10219	2
10220	1
10221	1
10223	1
10227	1
10228	1
10229	1
10231	1
10232	1
10235	2
10237	2
10238	1
10241	2
10244	1
10245	2
10246	2
10249	1
10251	2
10252	1
10255	1
10256	1
10259	1
10260	1
10261	1
10263	1
10267	2
10269	4
10271	1
10272	4
10277	1
10279	1
10281	1
10283	2
10285	1
10290	1
10291	1
10294	1
10299	1
10302	1
10305	1
10315	1
10320	2
10321	1
10323	1
10327	1
10341	1
10343	1
10344	1
10345	1
10348	2
10352	3
10354	3
10357	2
10359	4
10360	1
10362	1
10365	2
10366	1
10367	2
10368	2
10369	1
10370	1
10377	1
10378	2
10379	1
10383	2
10384	1
10386	1
10388	2
10389	1
10390	1
10391	2
10393	2
10395	3
10398	2
10399	1
10401	2
10402	1
10403	3
10404	1
10409	1
10412	1
10413	2
10414	1
10415	2
10417	1
10424	2
10428	1
10430	1
10435	1
10439	1
10443	4
10445	1
10449	1
10452	1
10453	1
10454	1
10455	1
10456	1
10457	1
10465	2
10466	2
10467	1
10468	1
10469	1
10470	1
10472	2
10473	1
10475	1
10478	1
10479	2
10483	2
10484	1
10489	2
10491	4
10496	2
10498	1
10499	2
10500	1
10501	1
10503	1
10504	1
10505	3
10506	2
10509	1
10510	1
10511	1
10513	1
10515	2
10516	1
10517	1
10518	1
10520	1
10522	1
10525	1
10535	1
10536	1
10537	1
10538	1
10541	1
10542	2
10543	1
10545	1
10546	1
10547	1
10549	1
10550	1
10558	1
10559	1
10560	2
10563	2
10566	1
10568	1
10569	1
10573	1
10574	1
10575	1
10576	1
10581	1
10587	1
10589	1
10592	1
10596	1
10597	1
10601	1
10605	1
10607	1
10613	1
10614	1
10615	2
10617	1
10625	1
10630	1
10634	1
10637	1
10639	1
10640	2
10642	1
10643	1
10644	1
10645	1
10648	1
10652	2
10654	1
10655	1
10656	1
10658	2
10659	1
10660	3
10663	1
10664	1
10666	1
10668	2
10671	2
10677	1
10684	1
10685	1
10686	1
10689	1
10691	1
10695	1
10696	2
10697	1
10698	1
10699	1
10701	2
10702	2
10703	2
10705	1
10707	1
10708	2
10709	2
10710	1
10715	1
10716	2
10717	1
10723	1
10724	2
10725	2
10728	2
10729	1
10730	1
10731	1
10732	1
10735	1
10739	1
10740	2
10741	1
10745	1
10747	1
10748	1
10751	2
10752	1
10758	2
10762	1
10768	1
10771	2
10772	2
10773	2
10776	1
10777	2
10778	1
10779	1
10780	1
10781	1
10782	1
10783	1
10784	1
10785	2
10787	1
10792	1
10795	1
10796	1
10799	1
10800	2
10802	2
10804	2
10811	2
10812	1
10816	1
10817	1
10818	1
10820	1
10830	1
10832	1
10833	2
10835	2
10837	4
10839	1
10840	1
10841	2
10842	2
10848	1
10856	1
10857	1
10858	1
10859	1
10861	1
10863	2
10865	1
10867	1
10869	1
10872	3
10873	2
10874	1
10877	1
10878	1
10879	1
10880	1
10881	1
10882	1
10888	1
10894	1
10896	1
10903	1
10907	1
10909	1
10910	1
10913	1
10915	2
10924	2
10925	1
10927	1
10928	1
10929	1
10931	2
10932	1
10934	2
10935	1
10936	1
10937	1
10943	2
10944	1
10945	1
10946	1
10950	2
10951	1
10953	2
10955	1
10958	4
10961	1
10965	1
10968	1
10974	2
10976	2
10978	3
10983	1
10987	4
10990	1
10992	1
10996	1
10998	1
11000	1
11001	1
11003	1
11004	1
11010	2
11011	3
11013	1
11020	1
11022	2
11023	1
11024	1
11029	1
11031	2
11033	1
11035	1
11037	3
11038	1
11042	1
11043	1
11046	2
11047	1
11049	1
11050	2
11051	1
11052	1
11053	2
11054	1
11055	2
11056	1
11057	2
11060	1
11066	1
11069	3
11070	1
11075	2
11077	2
11082	1
11084	1
11085	1
11087	1
11091	1
11092	2
11096	1
11098	1
11103	1
11107	2
11109	2
11111	1
11112	1
11113	1
11116	2
11117	1
11124	1
11125	1
11126	1
11129	1
11130	1
11133	1
11136	1
11137	1
11138	1
11141	1
11146	2
11158	1
11159	1
11161	1
11163	1
11170	1
11182	2
11185	2
11187	1
11189	2
11190	1
11195	1
11196	1
11202	1
11205	1
11207	3
11209	1
11211	1
11218	1
11219	1
11222	1
11223	1
11226	1
11228	3
11235	1
11237	2
11239	2
11242	1
11243	1
11245	1
11246	1
11248	2
11252	2
11253	1
11254	1
11256	1
11259	2
11262	1
11266	1
11268	1
11270	2
11271	1
11272	2
11273	1
11274	1
11275	1
11276	2
11284	1
11285	1
11287	2
11288	1
11289	1
11293	3
11294	1
11296	2
11297	2
11302	1
11303	1
11305	1
11307	1
11310	1
11311	1
11313	1
11323	1
11324	1
11327	1
11336	1
11338	2
11339	2
11346	1
11347	2
11351	1
11354	1
11355	1
11356	2
11358	1
11361	1
11363	2
11364	2
11367	1
11368	1
11369	1
11370	1
11371	1
11372	2
11373	1
11376	1
11377	1
11378	1
11381	1
11385	1
11386	1
11390	2
11396	1
11397	1
11401	1
11402	1
11416	1
11417	1
11420	1
11421	1
11424	1
11425	1
11429	2
11435	1
11443	1
11444	1
11445	1
11449	1
11455	1
11457	1
11458	1
11459	1
11460	2
11465	1
11472	1
11474	1
11475	2
11476	3
11479	1
11481	2
11482	1
11483	1
11484	1
11486	2
11488	1
11492	1
11495	1
11496	2
11497	1
11501	1
11506	1
11512	1
11514	2
11515	1
11517	1
11521	1
11523	1
11524	1
11526	1
11530	2
11532	1
11533	1
11534	2
11535	1
11536	1
11538	1
11539	1
11541	1
11543	1
11544	1
11546	1
11548	1
11550	1
11552	1
11554	2
11561	1
11562	1
11567	1
11569	1
11571	1
11576	1
11580	1
11581	1
11582	1
11587	1
11590	2
11591	1
11593	1
11601	2
11603	2
11607	2
11609	1
11610	1
11611	1
11612	1
11613	2
11616	1
11624	1
11627	1
11628	1
11632	1
11635	1
11637	2
11645	1
11646	1
11649	1
11650	1
11653	1
11655	1
11659	1
11662	1
11667	1
11668	1
11671	1
11672	1
11675	1
11679	1
11681	1
11684	2
11686	1
11687	1
11689	2
11692	1
11695	1
11696	1
11698	2
11700	1
11703	1
11712	1
11715	1
11717	2
11721	1
11723	1
11727	1
11733	1
11738	1
11739	3
11741	1
11742	2
11752	1
11755	2
11757	1
11762	2
11763	1
11764	1
11766	1
11770	1
11773	1
11775	1
11776	1
11779	1
11781	1
11782	2
11783	1
11784	1
11788	1
11794	1
11800	1
11801	1
11805	1
11808	1
11809	1
11810	1
11814	1
11817	2
11818	1
11820	1
11822	1
11827	1
11828	1
11830	1
11831	1
11833	1
11836	1
11838	1
11840	1
11841	2
11844	1
11850	1
11853	1
11854	1
11855	1
11862	1
11863	1
11867	1
11871	1
11872	1
11874	1
11878	1
11879	1
11881	2
11886	1
11887	1
11890	2
11892	1
11893	1
11897	1
11899	1
11900	1
11904	1
11907	1
11910	1
11918	1
11927	1
11939	1
11940	1
11944	1
11948	1
11950	2
11956	2
11959	1
11967	1
11975	1
11980	1
11982	1
11989	1
11991	1
12002	1
12003	1
12005	2
12007	1
12010	1
12013	1
12015	1
12018	1
12022	1
12025	1
12027	2
12029	1
12032	1
12033	2
12037	1
12038	2
12044	1
12047	1
12055	1
12056	2
12067	1
12071	1
12072	1
12076	1
12081	1
12087	1
12090	1
12092	1
12096	1
12103	1
12104	1
12107	1
12109	2
12111	1
12115	1
12116	1
12118	2
12119	1
12121	1
12122	1
12128	1
12134	2
12138	2
12143	1
12149	1
12153	1
12156	3
12159	1
12161	1
12167	1
12170	1
12173	1
12175	2
12177	1
12178	1
12185	1
12187	3
12188	1
12191	1
12192	1
12197	1
12201	1
12203	1
12205	1
12207	2
12208	2
12209	1
12213	1
12218	1
12221	1
12223	1
12224	1
12225	1
12227	1
12232	1
12233	3
12244	2
12245	1
12247	1
12249	1
12252	1
12257	2
12259	1
12262	2
12267	1
12269	1
12271	1
12277	2
12281	1
12283	1
12284	1
12286	1
12289	1
12300	2
12308	2
12323	1
12326	1
12331	1
12332	1
12335	1
12340	1
12345	1
12362	1
12366	1
12371	1
12372	1
12374	1
12379	1
12380	1
12381	1
12384	1
12385	1
12386	1
12387	2
12392	1
12398	1
12402	1
12403	1
12411	2
12419	2
12420	2
12422	1
12424	1
12425	1
12427	2
12429	1
12435	1
12438	1
12439	1
12449	1
12457	1
12458	1
12462	1
12464	1
12466	2
12469	1
12475	1
12478	1
12480	1
12482	2
12485	1
12488	1
12490	1
12504	1
12509	1
12515	1
12516	1
12532	1
12537	1
12539	1
12545	1
12546	1
12547	1
12549	1
12552	1
12560	1
12565	1
12566	1
12570	1
12573	1
12585	1
12586	1
12587	2
12592	1
12597	1
12598	1
12601	1
12604	1
12608	1
12609	1
12611	1
12612	1
12613	1
12621	1
12623	1
12627	1
12629	1
12630	1
12631	1
12634	1
12636	1
12645	1
12647	1
12648	3
12649	1
12652	1
12658	1
12660	1
12664	1
12665	1
12674	1
12677	1
12679	2
12681	1
12687	1
12691	1
12692	1
12695	1
12697	2
12698	1
12700	1
12702	1
12711	1
12717	1
12721	1
12723	1
12725	1
12729	1
12744	1
12749	1
12753	1
12754	1
12755	1
12759	1
12769	1
12774	2
12780	1
12789	3
12792	1
12793	1
12796	1
12798	1
12799	2
12800	1
12803	1
12806	1
12810	1
12811	2
12821	1
12823	1
12824	2
12825	1
12826	1
12829	1
12830	1
12833	1
12839	1
12846	1
12847	1
12849	1
12852	1
12855	1
12856	1
12857	1
12860	1
12863	1
12868	1
12874	1
12877	1
12878	1
12882	1
12888	1
12889	1
12892	1
12893	1
12897	1
12901	1
12905	2
12909	2
12911	1
12913	1
12917	2
12918	1
12923	2
12928	1
12929	1
12933	2
12945	1
12948	1
12950	1
12954	1
12957	1
12962	1
12965	1
12966	1
12971	1
12972	1
12981	1
12983	2
12986	1
12987	1
12989	1
12991	1
12997	1
13002	1
13003	1
13007	1
13012	1
13013	1
13014	1
13019	2
13022	1
13024	1
13026	1
13036	1
13037	1
13045	1
13052	1
13055	1
13057	1
13059	1
13062	1
13067	1
13072	1
13075	1
13077	1
13083	1
13084	1
13098	1
13104	1
13105	1
13108	1
13112	1
13113	1
13118	2
13134	1
13135	1
13137	1
13139	1
13141	1
13143	1
13144	1
13148	1
13151	1
13158	1
13162	1
13170	1
13177	1
13188	2
13198	1
13207	1
13213	1
13215	2
13218	1
13219	2
13222	1
13228	1
13231	1
13232	1
13233	2
13235	1
13236	1
13240	1
13245	1
13249	1
13256	1
13259	1
13265	1
13268	1
13269	1
13272	1
13281	1
13286	1
13289	1
13292	1
13300	1
13303	1
13304	1
13308	1
13313	1
13326	1
13330	1
13335	1
13336	1
13339	1
13345	1
13347	1
13348	1
13352	1
13353	1
13354	1
13359	1
13360	1
13375	1
13379	1
13386	1
13389	1
13391	2
13395	1
13401	2
13409	1
13410	1
13427	1
13428	1
13429	1
13438	2
13449	1
13450	1
13454	2
13455	1
13460	1
13461	1
13465	1
13469	1
13476	2
13478	1
13481	1
13483	1
13511	1
13512	1
13513	1
13514	1
13518	1
13522	1
13526	1
13535	1
13544	1
13552	1
13553	1
13554	1
13556	1
13560	1
13567	1
13569	2
13579	1
13581	1
13586	1
13592	1
13598	1
13599	1
13601	1
13608	1
13617	2
13625	1
13627	1
13628	1
13638	1
13644	1
13648	1
13652	1
13665	1
13667	1
13668	2
13672	1
13675	1
13677	1
13681	1
13682	1
13683	1
13689	1
13692	1
13711	2
13712	1
13737	1
13739	1
13757	1
13762	1
13766	1
13771	1
13783	1
13791	1
13796	1
13812	1
13817	1
13821	2
13823	1
13832	1
13839	1
13840	1
13849	1
13851	1
13860	1
13861	1
13873	1
13883	1
13903	1
13904	1
13906	1
13910	1
13912	1
13919	1
13924	1
13925	1
13932	1
13933	2
13945	1
13959	1
13960	1
13963	2
13973	1
13976	1
13978	1
13979	2
13981	1
13988	1
13994	1
13999	1
14000	2
14001	1
14002	1
14011	1
14040	1
14042	1
14048	1
14052	1
14054	1
14063	1
14066	1
14068	1
14069	1
14071	2
14073	1
14075	1
14082	1
14085	1
14088	1
14089	1
14093	1
14101	1
14111	1
14113	1
14114	1
14133	1
14136	1
14147	1
14153	1
14159	1
14162	1
14166	1
14168	1
14170	1
14172	1
14174	1
14180	1
14183	1
14186	1
14188	1
14193	1
14201	1
14207	1
14236	1
14243	1
14260	1
14264	1
14265	2
14278	1
14279	1
14280	1
14282	1
14284	1
14285	1
14289	1
14294	2
14298	1
14303	1
14307	1
14310	1
14314	1
14315	1
14324	1
14332	1
14335	2
14342	1
14351	1
14356	1
14363	1
14364	1
14372	1
14375	1
14376	1
14393	1
14395	1
14400	1
14414	1
14419	1
14422	1
14423	2
14425	1
14427	1
14430	1
14435	1
14437	1
14444	1
14445	1
14447	1
14456	1
14468	1
14470	1
14473	1
14480	1
14481	1
14483	1
14487	1
14489	1
14490	1
14493	1
14511	1
14517	1
14520	1
14525	1
14527	1
14535	1
14538	1
14541	1
14549	1
14550	1
14558	1
14563	1
14567	1
14569	1
14570	1
14571	1
14577	1
14580	1
14581	1
14583	2
14588	1
14589	2
14590	3
14597	1
14599	1
14603	1
14604	1
14612	1
14626	1
14628	1
14633	1
14635	1
14664	1
14677	1
14680	1
14686	1
14688	1
14692	1
14702	1
14703	1
14711	1
14715	1
14722	1
14723	1
14724	1
14728	1
14731	1
14732	1
14753	1
14758	2
14761	1
14764	1
14769	1
14783	1
14789	1
14791	1
14793	2
14798	1
14804	1
14810	1
14814	1
14823	1
14828	1
14831	1
14834	1
14838	1
14840	1
14847	1
14853	1
14858	2
14859	1
14863	1
14868	1
14870	1
14875	1
14887	1
14894	1
14896	1
14903	1
14913	1
14915	1
14926	1
14934	1
14936	1
14939	2
14951	1
14974	1
14979	1
14986	1
14989	1
15003	1
15007	1
15016	1
15029	1
15037	1
15059	1
15068	1
15076	1
15078	1
15091	1
15095	1
15097	1
15101	1
15103	1
15107	1
15116	1
15129	1
15130	1
15140	1
15147	1
15148	1
15155	2
15156	2
15158	1
15164	1
15174	1
15179	1
15184	1
15186	1
15198	1
15203	1
15206	1
15216	2
15221	1
15232	1
15262	1
15264	1
15265	1
15276	1
15281	1
15288	1
15295	1
15297	1
15307	1
15309	1
15313	1
15319	1
15322	1
15327	1
15333	1
15336	1
15367	1
15374	1
15381	1
15391	1
15401	1
15404	1
15406	1
15415	1
15420	1
15427	1
15433	1
15436	1
15437	1
15443	1
15444	1
15451	1
15456	1
15458	1
15465	1
15468	1
15483	1
15491	1
15514	2
15527	1
15529	1
15542	1
15561	1
15565	2
15570	2
15582	1
15595	3
15600	1
15604	1
15617	1
15618	1
15626	1
15632	1
15644	1
15662	1
15664	1
15670	2
15678	1
15682	1
15690	1
15693	1
15699	1
15708	1
15731	1
15733	1
15734	1
15738	1
15741	1
15747	1
15749	1
15757	1
15760	2
15771	1
15780	1
15796	1
15804	1
15817	1
15833	1
15841	1
15844	1
15845	2
15847	1
15850	1
15874	1
15883	1
15885	1
15891	1
15895	1
15902	1
15907	1
15908	1
15919	1
15921	1
15938	1
15942	1
15944	1
15947	2
15962	1
15977	1
15984	1
16031	1
16048	1
16054	1
16061	1
16063	1
16067	1
16070	1
16106	1
16117	1
16130	2
16166	1
16171	1
16181	1
16194	1
16197	1
16202	1
16203	1
16205	1
16207	1
16223	1
16226	1
16230	1
16231	1
16234	1
16243	1
16263	1
16266	1
16296	1
16332	2
16336	1
16366	1
16382	1
16399	1
16408	1
16415	2
16418	1
16425	1
16429	1
16435	1
16453	1
16482	1
16485	1
16496	1
16504	1
16521	1
16528	1
16537	1
16539	1
16550	1
16568	1
16571	1
16577	1
16589	1
16607	2
16619	2
16622	1
16626	1
16634	1
16640	1
16641	1
16644	1
16649	1
16651	1
16654	1
16655	1
16699	1
16712	1
16713	1
16716	1
16749	1
16750	1
16752	1
16753	1
16755	1
16762	1
16767	1
16770	1
16775	1
16789	1
16791	1
16792	1
16796	1
16809	1
16834	1
16838	1
16852	1
16882	1
16891	1
16911	1
16914	1
16920	1
16949	1
17010	1
17019	1
17020	1
17036	1
17040	1
17058	1
17060	1
17069	1
17089	1
17106	1
17125	1
17138	1
17149	1
17151	1
17173	1
17201	1
17205	1
17210	2
17225	1
17231	1
17254	1
17262	1
17267	1
17269	1
17272	1
17276	1
17280	1
17290	1
17291	1
17307	1
17321	1
17331	1
17336	1
17346	1
17375	1
17405	1
17411	1
17414	1
17430	1
17466	1
17480	1
17493	1
17520	1
17534	1
17542	1
17553	1
17576	1
17600	1
17603	1
17616	1
17631	1
17664	1
17670	1
17677	1
17681	1
17712	1
17728	1
17745	1
17753	1
17782	1
17786	1
17802	1
17814	1
17837	1
17856	1
17860	1
17887	1
17889	1
17890	1
17906	1
17947	1
17974	1
17975	1
17979	1
18005	2
18007	1
18010	1
18015	1
18028	1
18045	1
18065	1
18124	1
18138	1
18144	1
18157	1
18162	1
18167	1
18181	1
18200	1
18217	1
18230	1
18236	2
18238	2
18273	1
18287	1
18290	1
18292	1
18328	1
18340	1
18342	1
18348	1
18375	1
18393	1
18400	1
18406	1
18411	1
18444	1
18457	1
18474	1
18509	1
18535	1
18543	1
18569	2
18612	1
18643	1
18660	1
18661	1
18662	1
18682	1
18752	1
18753	1
18796	1
18801	2
18808	1
18811	1
18838	1
18858	1
18867	1
18874	1
18895	1
18900	2
18921	1
18947	1
18949	1
18952	1
18989	1
18998	1
19007	1
19018	1
19034	1
19041	1
19047	1
19048	1
19091	1
19109	1
19134	1
19166	1
19189	1
19220	1
19222	1
19229	1
19236	1
19242	1
19259	1
19260	1
19276	1
19284	1
19334	1
19343	1
19346	1
19406	1
19409	1
19410	1
19415	2
19420	1
19423	1
19433	1
19443	1
19446	1
19449	1
19453	1
19456	1
19472	1
19492	1
19493	1
19501	1
19502	1
19542	1
19578	1
19595	1
19597	1
19610	1
19614	1
19625	1
19638	1
19639	1
19649	1
19664	1
19665	1
19681	1
19690	1
19707	1
19728	1
19741	1
19747	1
19763	1
19768	1
19788	1
19815	1
19823	1
19836	1
19843	1
19847	1
19848	1
19850	1
19866	1
19886	1
19894	1
19905	1
19906	1
19916	1
19943	1
19996	1
20011	1
20046	1
20067	1
20073	1
20096	1
20102	1
20105	1
20117	1
20134	1
20137	1
20182	1
20183	1
20196	1
20217	2
20218	1
20264	1
20269	1
20279	1
20289	1
20328	1
20334	1
20337	1
20385	1
20390	1
20395	1
20398	1
20402	1
20408	1
20428	1
20467	1
20487	1
20506	1
20516	1
20525	1
20567	1
20576	1
20644	1
20648	1
20683	1
20802	1
20804	1
20818	1
20850	1
20853	1
20888	1
21054	1
21065	1
21066	1
21073	1
21097	1
21103	1
21178	1
21190	1
21201	1
21240	1
21402	1
21411	1
21419	1
21444	1
21452	1
21454	1
21484	1
21535	1
21537	1
21555	1
21581	1
21593	1
21596	1
21676	1
21702	1
21712	1
21738	1
21822	1
21857	1
21913	1
21921	1
21952	1
21999	1
22088	1
22106	1
22111	1
22121	1
22136	1
22167	1
22172	1
22188	1
22195	1
22264	1
22269	1
22280	1
22313	1
22350	1
22380	1
22426	1
22453	1
22544	1
22628	1
22686	1
22736	1
22746	1
22756	1
22801	1
22815	1
22924	1
22933	1
22940	1
23021	1
23035	1
23091	1
23093	1
23170	1
23297	1
23311	1
23318	1
23335	1
23413	1
23442	1
23447	1
23468	1
23529	1
23581	1
23612	1
23615	1
23741	1
23889	1
23943	1
24116	1
24153	1
24178	1
24179	1
24270	1
24296	1
24297	1
24397	1
24527	1
24595	1
24670	1
24705	1
24747	1
24772	1
24782	1
24975	1
24999	1
25037	1
25163	1
25206	1
25266	1
25631	1
25658	1
25830	1
25941	1
25949	1
26107	1
26250	1
26361	1
26378	1
26558	1
26599	1
26709	1
26756	1
26823	1
26849	1
26864	1
26899	1
27019	1
27129	1
27136	1
27288	1
27579	1
27811	1
28011	1
28166	1
28358	1
28550	1
28656	1
28942	1
28998	1
29001	1
29103	1
29366	1
29422	1
29600	1
29677	1
29718	1
30023	1
30114	1
30308	1
30512	1
30594	1
30634	1
30824	1
31020	1
31432	1
31480	1
31682	1
31790	1
32444	1
32981	1
33178	1
33404	1
33519	1
33884	1
33988	1
34508	1
35563	1
35570	1
35823	1
36817	1
36835	1
37286	1
37379	1
37645	1
37802	1
38215	1
38951	1
39525	1
39698	1
41151	1
42074	1
43386	1
43983	1
44078	1
47120	1
48737	1
50442	1
53264	1
53490	1
53597	1
54411	1
55718	1
58048	1
60544	1
61828	1
62870	1
65477	1
65756	1
69709	1
72970	1
73231	1
73323	1
75534	1
89824	1
113230	1
155368	1
3003127	1
