fragment_length	frequency
82	68
83	38
84	60
85	45
86	63
87	55
88	38
89	75
90	44
91	45
92	44
93	43
94	41
95	28
96	49
97	51
98	43
99	25
100	36
101	34
102	30
103	38
104	39
105	27
106	36
107	30
108	33
109	29
110	38
111	36
112	27
113	30
114	21
115	34
116	25
117	34
118	31
119	36
120	31
121	27
122	43
123	30
124	28
125	28
126	30
127	32
128	33
129	31
130	28
131	32
132	32
133	24
134	19
135	30
136	21
137	32
138	33
139	35
140	22
141	17
142	27
143	28
144	21
145	16
146	23
147	28
148	35
149	33
150	24
151	29
152	24
153	32
154	29
155	29
156	32
157	22
158	38
159	22
160	30
161	25
162	34
163	42
164	19
165	29
166	31
167	21
168	24
169	28
170	24
171	30
172	30
173	42
174	20
175	23
176	24
177	20
178	51
179	25
180	31
181	28
182	48
183	19
184	14
185	28
186	30
187	26
188	17
189	27
190	18
191	27
192	22
193	31
194	26
195	29
196	27
197	24
198	16
199	23
200	28
201	32
202	25
203	25
204	26
205	22
206	19
207	34
208	18
209	23
210	22
211	24
212	26
213	47
214	30
215	22
216	40
217	22
218	35
219	23
220	23
221	27
222	43
223	25
224	21
225	18
226	23
227	22
228	23
229	22
230	20
231	30
232	25
233	22
234	32
235	30
236	26
237	28
238	23
239	21
240	23
241	25
242	32
243	32
244	20
245	24
246	30
247	26
248	25
249	23
250	30
251	30
252	21
253	29
254	23
255	21
256	24
257	14
258	25
259	22
260	23
261	27
262	19
263	22
264	21
265	26
266	26
267	16
268	28
269	20
270	23
271	18
272	18
273	32
274	26
275	27
276	20
277	20
278	22
279	24
280	17
281	22
282	23
283	23
284	22
285	16
286	18
287	20
288	28
289	20
290	20
291	23
292	24
293	28
294	18
295	22
296	24
297	24
298	20
299	30
300	25
301	18
302	29
303	18
304	17
305	26
306	27
307	16
308	25
309	24
310	24
311	16
312	21
313	17
314	19
315	30
316	16
317	14
318	20
319	23
320	18
321	29
322	20
323	21
324	19
325	18
326	19
327	24
328	22
329	37
330	30
331	24
332	26
333	20
334	18
335	26
336	28
337	24
338	24
339	19
340	24
341	28
342	20
343	21
344	29
345	28
346	24
347	21
348	21
349	21
350	24
351	28
352	20
353	29
354	27
355	24
356	20
357	25
358	24
359	30
360	31
361	24
362	24
363	15
364	21
365	22
366	34
367	20
368	22
369	27
370	19
371	21
372	28
373	35
374	34
375	22
376	19
377	24
378	22
379	23
380	23
381	28
382	26
383	29
384	19
385	28
386	30
387	10
388	24
389	21
390	20
391	35
392	22
393	16
394	14
395	31
396	20
397	24
398	30
399	19
400	32
401	23
402	32
403	27
404	19
405	22
406	20
407	29
408	15
409	20
410	20
411	27
412	25
413	20
414	28
415	19
416	23
417	20
418	28
419	17
420	17
421	31
422	20
423	21
424	20
425	20
426	23
427	15
428	26
429	28
430	27
431	18
432	19
433	18
434	24
435	24
436	30
437	19
438	17
439	14
440	21
441	23
442	16
443	16
444	20
445	21
446	20
447	20
448	19
449	22
450	26
451	24
452	21
453	27
454	21
455	14
456	16
457	25
458	14
459	25
460	19
461	31
462	16
463	29
464	20
465	25
466	19
467	30
468	12
469	14
470	17
471	15
472	17
473	22
474	35
475	25
476	25
477	14
478	30
479	22
480	16
481	22
482	28
483	19
484	21
485	18
486	20
487	19
488	16
489	22
490	18
491	33
492	24
493	19
494	27
495	25
496	33
497	22
498	23
499	15
500	19
501	8
502	21
503	21
504	30
505	23
506	21
507	28
508	20
509	29
510	21
511	22
512	21
513	18
514	17
515	24
516	18
517	26
518	21
519	27
520	26
521	22
522	24
523	33
524	24
525	26
526	15
527	23
528	22
529	15
530	18
531	13
532	17
533	15
534	20
535	20
536	25
537	19
538	19
539	17
540	30
541	25
542	9
543	20
544	17
545	19
546	17
547	15
548	16
549	16
550	19
551	19
552	23
553	17
554	17
555	16
556	22
557	24
558	20
559	22
560	18
561	16
562	13
563	23
564	17
565	31
566	23
567	21
568	12
569	20
570	22
571	26
572	23
573	31
574	34
575	23
576	23
577	16
578	14
579	33
580	14
581	14
582	14
583	17
584	16
585	10
586	13
587	15
588	20
589	22
590	17
591	19
592	23
593	17
594	12
595	13
596	20
597	12
598	25
599	13
600	27
601	23
602	23
603	20
604	17
605	20
606	16
607	19
608	19
609	25
610	11
611	23
612	23
613	17
614	20
615	18
616	24
617	17
618	23
619	16
620	20
621	21
622	25
623	21
624	20
625	23
626	21
627	19
628	22
629	26
630	24
631	22
632	22
633	15
634	27
635	19
636	16
637	12
638	14
639	14
640	24
641	14
642	15
643	17
644	20
645	26
646	13
647	24
648	25
649	19
650	19
651	16
652	18
653	16
654	22
655	16
656	22
657	25
658	17
659	23
660	20
661	22
662	20
663	16
664	16
665	17
666	25
667	20
668	13
669	18
670	17
671	14
672	17
673	21
674	17
675	19
676	20
677	16
678	17
679	26
680	25
681	18
682	16
683	16
684	13
685	16
686	21
687	24
688	15
689	18
690	17
691	28
692	17
693	18
694	18
695	21
696	17
697	15
698	15
699	22
700	18
701	14
702	18
703	12
704	22
705	14
706	19
707	21
708	21
709	20
710	18
711	19
712	18
713	12
714	22
715	30
716	16
717	19
718	12
719	15
720	19
721	19
722	17
723	17
724	21
725	22
726	21
727	18
728	29
729	21
730	12
731	19
732	19
733	19
734	23
735	22
736	16
737	22
738	15
739	27
740	25
741	27
742	19
743	21
744	15
745	17
746	27
747	12
748	21
749	16
750	8
751	12
752	17
753	15
754	20
755	16
756	16
757	29
758	17
759	9
760	16
761	19
762	20
763	21
764	17
765	8
766	19
767	25
768	18
769	21
770	22
771	23
772	20
773	17
774	23
775	22
776	17
777	14
778	11
779	21
780	17
781	18
782	15
783	18
784	12
785	17
786	19
787	17
788	16
789	20
790	22
791	17
792	17
793	22
794	17
795	12
796	15
797	12
798	21
799	28
800	20
801	22
802	24
803	21
804	18
805	31
806	20
807	17
808	26
809	19
810	8
811	20
812	16
813	14
814	25
815	13
816	13
817	23
818	17
819	9
820	16
821	23
822	23
823	14
824	18
825	22
826	17
827	14
828	12
829	18
830	14
831	16
832	15
833	20
834	21
835	20
836	22
837	20
838	20
839	20
840	13
841	8
842	17
843	20
844	27
845	24
846	24
847	17
848	11
849	23
850	14
851	17
852	18
853	19
854	21
855	14
856	16
857	18
858	21
859	12
860	14
861	16
862	14
863	13
864	19
865	16
866	14
867	18
868	29
869	18
870	15
871	19
872	16
873	17
874	16
875	13
876	15
877	18
878	21
879	24
880	16
881	18
882	16
883	18
884	19
885	6
886	19
887	18
888	13
889	17
890	19
891	11
892	23
893	8
894	13
895	18
896	19
897	16
898	20
899	15
900	15
901	13
902	18
903	21
904	21
905	16
906	19
907	20
908	18
909	15
910	16
911	24
912	20
913	16
914	15
915	17
916	23
917	25
918	18
919	13
920	18
921	20
922	23
923	18
924	10
925	20
926	24
927	31
928	12
929	18
930	21
931	21
932	24
933	16
934	16
935	18
936	19
937	11
938	16
939	28
940	14
941	11
942	17
943	19
944	18
945	21
946	15
947	13
948	15
949	12
950	10
951	17
952	19
953	15
954	17
955	19
956	21
957	12
958	16
959	16
960	17
961	24
962	12
963	20
964	18
965	19
966	20
967	18
968	18
969	12
970	14
971	17
972	18
973	14
974	15
975	14
976	19
977	25
978	10
979	17
980	11
981	16
982	14
983	18
984	15
985	16
986	14
987	23
988	23
989	10
990	13
991	19
992	14
993	16
994	22
995	18
996	13
997	17
998	14
999	22
1000	14
1001	17
1002	13
1003	22
1004	18
1005	14
1006	17
1007	14
1008	15
1009	19
1010	9
1011	22
1012	16
1013	14
1014	18
1015	18
1016	19
1017	17
1018	17
1019	20
1020	16
1021	10
1022	12
1023	20
1024	16
1025	9
1026	14
1027	19
1028	18
1029	18
1030	16
1031	14
1032	14
1033	17
1034	25
1035	7
1036	19
1037	18
1038	16
1039	10
1040	15
1041	11
1042	20
1043	17
1044	19
1045	23
1046	12
1047	19
1048	13
1049	18
1050	22
1051	16
1052	15
1053	20
1054	13
1055	16
1056	21
1057	14
1058	12
1059	19
1060	16
1061	23
1062	11
1063	14
1064	19
1065	11
1066	18
1067	11
1068	23
1069	15
1070	9
1071	22
1072	10
1073	18
1074	17
1075	23
1076	15
1077	12
1078	15
1079	23
1080	15
1081	18
1082	19
1083	20
1084	11
1085	14
1086	18
1087	10
1088	19
1089	20
1090	18
1091	10
1092	19
1093	18
1094	16
1095	23
1096	11
1097	29
1098	13
1099	17
1100	11
1101	15
1102	22
1103	12
1104	17
1105	11
1106	20
1107	21
1108	22
1109	10
1110	14
1111	14
1112	8
1113	22
1114	15
1115	7
1116	17
1117	15
1118	18
1119	14
1120	28
1121	15
1122	12
1123	19
1124	19
1125	13
1126	17
1127	16
1128	22
1129	14
1130	37
1131	12
1132	25
1133	16
1134	12
1135	25
1136	17
1137	13
1138	22
1139	15
1140	18
1141	17
1142	10
1143	16
1144	14
1145	19
1146	12
1147	18
1148	9
1149	11
1150	14
1151	17
1152	20
1153	24
1154	16
1155	19
1156	19
1157	13
1158	12
1159	28
1160	17
1161	13
1162	13
1163	16
1164	12
1165	13
1166	16
1167	16
1168	24
1169	16
1170	18
1171	16
1172	19
1173	19
1174	19
1175	12
1176	20
1177	19
1178	24
1179	10
1180	20
1181	23
1182	17
1183	10
1184	12
1185	16
1186	16
1187	14
1188	14
1189	20
1190	19
1191	11
1192	11
1193	19
1194	6
1195	18
1196	17
1197	15
1198	12
1199	13
1200	15
1201	16
1202	12
1203	10
1204	14
1205	15
1206	8
1207	19
1208	16
1209	16
1210	16
1211	11
1212	11
1213	18
1214	18
1215	9
1216	17
1217	14
1218	20
1219	16
1220	12
1221	9
1222	17
1223	15
1224	17
1225	17
1226	17
1227	7
1228	26
1229	14
1230	16
1231	16
1232	19
1233	19
1234	10
1235	15
1236	15
1237	25
1238	15
1239	25
1240	15
1241	18
1242	17
1243	17
1244	16
1245	19
1246	9
1247	11
1248	18
1249	12
1250	21
1251	15
1252	20
1253	10
1254	12
1255	15
1256	11
1257	12
1258	21
1259	13
1260	18
1261	11
1262	10
1263	13
1264	15
1265	8
1266	23
1267	17
1268	16
1269	15
1270	15
1271	19
1272	11
1273	15
1274	17
1275	9
1276	11
1277	19
1278	14
1279	19
1280	20
1281	9
1282	15
1283	13
1284	18
1285	11
1286	24
1287	11
1288	9
1289	10
1290	13
1291	12
1292	14
1293	11
1294	11
1295	16
1296	22
1297	18
1298	19
1299	21
1300	15
1301	16
1302	17
1303	7
1304	18
1305	11
1306	15
1307	9
1308	16
1309	10
1310	16
1311	23
1312	11
1313	20
1314	10
1315	19
1316	17
1317	11
1318	16
1319	14
1320	10
1321	16
1322	16
1323	15
1324	12
1325	8
1326	20
1327	13
1328	13
1329	19
1330	17
1331	21
1332	16
1333	7
1334	17
1335	17
1336	11
1337	14
1338	10
1339	14
1340	12
1341	18
1342	20
1343	11
1344	15
1345	12
1346	7
1347	15
1348	19
1349	19
1350	7
1351	22
1352	21
1353	20
1354	18
1355	14
1356	15
1357	18
1358	19
1359	13
1360	24
1361	16
1362	14
1363	14
1364	15
1365	14
1366	12
1367	26
1368	16
1369	19
1370	8
1371	7
1372	23
1373	11
1374	17
1375	13
1376	17
1377	13
1378	10
1379	17
1380	15
1381	15
1382	12
1383	13
1384	16
1385	15
1386	17
1387	10
1388	21
1389	13
1390	15
1391	15
1392	11
1393	17
1394	8
1395	9
1396	8
1397	20
1398	18
1399	10
1400	17
1401	12
1402	18
1403	19
1404	11
1405	23
1406	16
1407	12
1408	19
1409	13
1410	19
1411	10
1412	19
1413	14
1414	20
1415	10
1416	16
1417	15
1418	14
1419	11
1420	6
1421	12
1422	15
1423	15
1424	11
1425	18
1426	8
1427	10
1428	13
1429	10
1430	15
1431	13
1432	14
1433	10
1434	15
1435	15
1436	12
1437	12
1438	12
1439	12
1440	20
1441	11
1442	15
1443	10
1444	17
1445	13
1446	12
1447	14
1448	13
1449	11
1450	12
1451	14
1452	15
1453	23
1454	12
1455	17
1456	14
1457	13
1458	10
1459	19
1460	11
1461	12
1462	12
1463	10
1464	15
1465	19
1466	20
1467	17
1468	14
1469	8
1470	11
1471	12
1472	20
1473	17
1474	18
1475	17
1476	18
1477	9
1478	11
1479	10
1480	18
1481	17
1482	11
1483	6
1484	11
1485	12
1486	12
1487	9
1488	12
1489	8
1490	12
1491	14
1492	6
1493	17
1494	7
1495	16
1496	9
1497	12
1498	12
1499	18
1500	16
1501	15
1502	18
1503	16
1504	11
1505	27
1506	12
1507	14
1508	12
1509	15
1510	10
1511	16
1512	15
1513	10
1514	15
1515	16
1516	13
1517	18
1518	11
1519	18
1520	17
1521	11
1522	12
1523	22
1524	17
1525	13
1526	10
1527	15
1528	18
1529	10
1530	17
1531	16
1532	9
1533	13
1534	13
1535	18
1536	14
1537	20
1538	15
1539	19
1540	11
1541	11
1542	22
1543	13
1544	20
1545	17
1546	20
1547	20
1548	12
1549	11
1550	13
1551	15
1552	18
1553	15
1554	11
1555	20
1556	17
1557	11
1558	16
1559	11
1560	14
1561	18
1562	12
1563	14
1564	18
1565	11
1566	16
1567	20
1568	10
1569	5
1570	13
1571	10
1572	17
1573	20
1574	15
1575	15
1576	13
1577	14
1578	11
1579	14
1580	11
1581	13
1582	14
1583	9
1584	13
1585	13
1586	15
1587	11
1588	21
1589	14
1590	14
1591	10
1592	20
1593	13
1594	10
1595	21
1596	13
1597	18
1598	13
1599	13
1600	14
1601	19
1602	6
1603	9
1604	17
1605	15
1606	16
1607	10
1608	11
1609	15
1610	17
1611	19
1612	12
1613	15
1614	23
1615	14
1616	18
1617	14
1618	10
1619	10
1620	15
1621	16
1622	11
1623	12
1624	10
1625	10
1626	28
1627	10
1628	7
1629	13
1630	10
1631	13
1632	14
1633	10
1634	13
1635	12
1636	4
1637	11
1638	18
1639	7
1640	10
1641	17
1642	10
1643	7
1644	6
1645	15
1646	18
1647	9
1648	12
1649	8
1650	8
1651	13
1652	15
1653	11
1654	20
1655	24
1656	15
1657	2
1658	15
1659	10
1660	10
1661	12
1662	12
1663	16
1664	27
1665	19
1666	22
1667	12
1668	13
1669	9
1670	12
1671	10
1672	11
1673	8
1674	16
1675	12
1676	9
1677	15
1678	10
1679	16
1680	14
1681	12
1682	20
1683	14
1684	7
1685	14
1686	13
1687	16
1688	9
1689	16
1690	13
1691	12
1692	20
1693	12
1694	16
1695	14
1696	10
1697	15
1698	13
1699	13
1700	14
1701	13
1702	12
1703	8
1704	18
1705	12
1706	14
1707	16
1708	10
1709	14
1710	10
1711	13
1712	14
1713	10
1714	15
1715	14
1716	17
1717	19
1718	12
1719	16
1720	17
1721	10
1722	10
1723	16
1724	17
1725	18
1726	10
1727	15
1728	18
1729	17
1730	17
1731	13
1732	8
1733	15
1734	11
1735	15
1736	9
1737	15
1738	14
1739	14
1740	14
1741	18
1742	5
1743	12
1744	12
1745	11
1746	11
1747	18
1748	14
1749	14
1750	18
1751	15
1752	10
1753	14
1754	12
1755	18
1756	5
1757	13
1758	10
1759	17
1760	8
1761	17
1762	8
1763	10
1764	15
1765	19
1766	17
1767	19
1768	17
1769	11
1770	15
1771	9
1772	10
1773	10
1774	13
1775	6
1776	17
1777	10
1778	8
1779	12
1780	15
1781	10
1782	13
1783	12
1784	10
1785	11
1786	9
1787	9
1788	7
1789	10
1790	15
1791	11
1792	9
1793	15
1794	14
1795	9
1796	15
1797	9
1798	9
1799	6
1800	10
1801	19
1802	15
1803	11
1804	9
1805	13
1806	11
1807	19
1808	10
1809	13
1810	17
1811	18
1812	9
1813	6
1814	12
1815	8
1816	11
1817	13
1818	12
1819	5
1820	8
1821	7
1822	10
1823	11
1824	2
1825	13
1826	9
1827	12
1828	7
1829	10
1830	14
1831	10
1832	13
1833	11
1834	13
1835	12
1836	14
1837	13
1838	8
1839	8
1840	11
1841	14
1842	15
1843	15
1844	13
1845	11
1846	14
1847	8
1848	11
1849	16
1850	8
1851	14
1852	15
1853	15
1854	11
1855	9
1856	14
1857	3
1858	10
1859	7
1860	17
1861	8
1862	13
1863	21
1864	6
1865	12
1866	12
1867	12
1868	11
1869	9
1870	14
1871	14
1872	14
1873	14
1874	17
1875	12
1876	12
1877	14
1878	10
1879	14
1880	15
1881	8
1882	19
1883	12
1884	7
1885	13
1886	6
1887	12
1888	16
1889	9
1890	13
1891	13
1892	16
1893	15
1894	18
1895	14
1896	11
1897	12
1898	13
1899	8
1900	11
1901	4
1902	7
1903	19
1904	16
1905	13
1906	11
1907	15
1908	13
1909	10
1910	14
1911	12
1912	12
1913	14
1914	8
1915	13
1916	16
1917	11
1918	15
1919	13
1920	16
1921	21
1922	10
1923	11
1924	8
1925	6
1926	10
1927	6
1928	11
1929	14
1930	12
1931	8
1932	10
1933	18
1934	7
1935	22
1936	18
1937	11
1938	9
1939	15
1940	12
1941	7
1942	11
1943	7
1944	10
1945	9
1946	17
1947	13
1948	9
1949	17
1950	17
1951	15
1952	8
1953	14
1954	14
1955	18
1956	13
1957	8
1958	11
1959	11
1960	12
1961	21
1962	14
1963	7
1964	16
1965	9
1966	14
1967	9
1968	12
1969	5
1970	17
1971	10
1972	20
1973	12
1974	14
1975	11
1976	15
1977	12
1978	12
1979	11
1980	20
1981	17
1982	13
1983	14
1984	15
1985	13
1986	11
1987	6
1988	15
1989	14
1990	12
1991	16
1992	9
1993	12
1994	20
1995	12
1996	12
1997	7
1998	10
1999	19
2000	13
2001	12
2002	13
2003	9
2004	9
2005	15
2006	16
2007	7
2008	14
2009	9
2010	16
2011	12
2012	9
2013	13
2014	17
2015	10
2016	9
2017	8
2018	13
2019	10
2020	11
2021	18
2022	15
2023	12
2024	5
2025	9
2026	14
2027	11
2028	7
2029	8
2030	11
2031	16
2032	6
2033	13
2034	8
2035	11
2036	13
2037	8
2038	16
2039	15
2040	8
2041	8
2042	11
2043	10
2044	11
2045	11
2046	14
2047	14
2048	11
2049	6
2050	7
2051	17
2052	9
2053	9
2054	8
2055	14
2056	8
2057	10
2058	12
2059	13
2060	10
2061	13
2062	12
2063	8
2064	14
2065	16
2066	11
2067	3
2068	8
2069	7
2070	10
2071	11
2072	10
2073	7
2074	13
2075	9
2076	11
2077	5
2078	13
2079	10
2080	12
2081	17
2082	11
2083	15
2084	9
2085	9
2086	7
2087	10
2088	11
2089	15
2090	16
2091	18
2092	9
2093	12
2094	10
2095	7
2096	6
2097	8
2098	13
2099	9
2100	14
2101	13
2102	8
2103	10
2104	7
2105	13
2106	12
2107	9
2108	10
2109	11
2110	14
2111	13
2112	8
2113	11
2114	5
2115	8
2116	9
2117	12
2118	12
2119	11
2120	13
2121	4
2122	11
2123	11
2124	16
2125	9
2126	10
2127	13
2128	12
2129	13
2130	10
2131	8
2132	11
2133	8
2134	10
2135	8
2136	14
2137	13
2138	4
2139	15
2140	12
2141	7
2142	9
2143	15
2144	11
2145	10
2146	10
2147	15
2148	12
2149	11
2150	10
2151	16
2152	16
2153	8
2154	15
2155	7
2156	12
2157	16
2158	9
2159	10
2160	14
2161	12
2162	15
2163	7
2164	13
2165	6
2166	9
2167	7
2168	8
2169	4
2170	13
2171	9
2172	13
2173	9
2174	10
2175	18
2176	14
2177	13
2178	13
2179	4
2180	6
2181	10
2182	12
2183	18
2184	14
2185	13
2186	9
2187	6
2188	10
2189	11
2190	6
2191	11
2192	12
2193	8
2194	11
2195	12
2196	10
2197	7
2198	12
2199	8
2200	6
2201	13
2202	10
2203	12
2204	15
2205	9
2206	10
2207	2
2208	9
2209	14
2210	9
2211	15
2212	16
2213	10
2214	10
2215	11
2216	14
2217	11
2218	12
2219	7
2220	15
2221	12
2222	20
2223	11
2224	15
2225	10
2226	14
2227	6
2228	10
2229	7
2230	12
2231	20
2232	15
2233	10
2234	10
2235	9
2236	21
2237	10
2238	9
2239	11
2240	15
2241	11
2242	12
2243	6
2244	11
2245	11
2246	4
2247	10
2248	9
2249	8
2250	17
2251	13
2252	20
2253	13
2254	22
2255	13
2256	8
2257	10
2258	18
2259	15
2260	12
2261	14
2262	12
2263	12
2264	13
2265	15
2266	12
2267	12
2268	10
2269	13
2270	11
2271	13
2272	20
2273	13
2274	22
2275	11
2276	13
2277	16
2278	7
2279	9
2280	11
2281	10
2282	9
2283	12
2284	17
2285	10
2286	6
2287	11
2288	8
2289	10
2290	11
2291	5
2292	7
2293	12
2294	8
2295	11
2296	12
2297	8
2298	11
2299	13
2300	8
2301	10
2302	16
2303	5
2304	12
2305	9
2306	12
2307	8
2308	6
2309	10
2310	10
2311	16
2312	8
2313	12
2314	14
2315	12
2316	7
2317	7
2318	5
2319	13
2320	8
2321	12
2322	13
2323	13
2324	8
2325	17
2326	5
2327	12
2328	9
2329	10
2330	8
2331	8
2332	7
2333	12
2334	5
2335	13
2336	5
2337	8
2338	6
2339	9
2340	5
2341	8
2342	7
2343	9
2344	16
2345	8
2346	8
2347	10
2348	8
2349	8
2350	13
2351	8
2352	13
2353	9
2354	13
2355	10
2356	16
2357	10
2358	13
2359	12
2360	8
2361	15
2362	9
2363	8
2364	16
2365	17
2366	14
2367	13
2368	12
2369	9
2370	10
2371	17
2372	9
2373	10
2374	10
2375	14
2376	7
2377	11
2378	10
2379	10
2380	14
2381	7
2382	8
2383	9
2384	5
2385	9
2386	10
2387	13
2388	5
2389	7
2390	14
2391	16
2392	9
2393	14
2394	9
2395	11
2396	6
2397	11
2398	10
2399	11
2400	7
2401	11
2402	16
2403	7
2404	8
2405	12
2406	5
2407	11
2408	11
2409	10
2410	8
2411	11
2412	16
2413	7
2414	13
2415	8
2416	9
2417	13
2418	10
2419	13
2420	7
2421	10
2422	9
2423	16
2424	9
2425	6
2426	13
2427	8
2428	8
2429	9
2430	12
2431	7
2432	18
2433	11
2434	14
2435	10
2436	17
2437	12
2438	14
2439	5
2440	14
2441	8
2442	14
2443	12
2444	5
2445	13
2446	7
2447	6
2448	13
2449	13
2450	12
2451	10
2452	7
2453	10
2454	11
2455	10
2456	15
2457	7
2458	7
2459	10
2460	10
2461	5
2462	5
2463	10
2464	11
2465	11
2466	6
2467	7
2468	9
2469	13
2470	12
2471	6
2472	12
2473	10
2474	8
2475	11
2476	9
2477	9
2478	9
2479	8
2480	7
2481	7
2482	6
2483	12
2484	10
2485	9
2486	9
2487	5
2488	11
2489	9
2490	14
2491	9
2492	16
2493	10
2494	8
2495	12
2496	13
2497	7
2498	7
2499	10
2500	12
2501	13
2502	13
2503	11
2504	16
2505	9
2506	11
2507	9
2508	15
2509	10
2510	12
2511	7
2512	7
2513	12
2514	12
2515	14
2516	9
2517	12
2518	9
2519	6
2520	11
2521	6
2522	10
2523	8
2524	8
2525	18
2526	12
2527	14
2528	7
2529	6
2530	19
2531	12
2532	7
2533	9
2534	10
2535	13
2536	18
2537	11
2538	10
2539	14
2540	9
2541	12
2542	12
2543	14
2544	11
2545	4
2546	11
2547	14
2548	6
2549	4
2550	7
2551	10
2552	9
2553	14
2554	11
2555	12
2556	13
2557	10
2558	15
2559	2
2560	10
2561	12
2562	9
2563	11
2564	9
2565	10
2566	10
2567	12
2568	12
2569	9
2570	6
2571	8
2572	9
2573	14
2574	12
2575	11
2576	8
2577	7
2578	12
2579	7
2580	14
2581	10
2582	14
2583	12
2584	10
2585	16
2586	8
2587	8
2588	9
2589	9
2590	7
2591	7
2592	8
2593	12
2594	8
2595	7
2596	11
2597	9
2598	9
2599	5
2600	13
2601	10
2602	8
2603	10
2604	11
2605	12
2606	10
2607	11
2608	12
2609	8
2610	10
2611	11
2612	7
2613	17
2614	11
2615	7
2616	11
2617	17
2618	10
2619	5
2620	8
2621	14
2622	10
2623	10
2624	7
2625	13
2626	9
2627	8
2628	9
2629	11
2630	16
2631	8
2632	12
2633	13
2634	10
2635	12
2636	9
2637	5
2638	18
2639	11
2640	8
2641	6
2642	10
2643	7
2644	7
2645	11
2646	7
2647	16
2648	13
2649	10
2650	7
2651	11
2652	8
2653	8
2654	10
2655	9
2656	10
2657	10
2658	5
2659	6
2660	6
2661	8
2662	10
2663	15
2664	14
2665	8
2666	11
2667	8
2668	12
2669	6
2670	8
2671	9
2672	7
2673	12
2674	8
2675	6
2676	13
2677	9
2678	14
2679	13
2680	5
2681	5
2682	11
2683	4
2684	14
2685	13
2686	13
2687	10
2688	7
2689	5
2690	12
2691	6
2692	11
2693	14
2694	11
2695	10
2696	8
2697	12
2698	11
2699	9
2700	15
2701	10
2702	7
2703	13
2704	10
2705	12
2706	9
2707	13
2708	7
2709	9
2710	11
2711	7
2712	12
2713	12
2714	8
2715	13
2716	18
2717	5
2718	8
2719	5
2720	15
2721	8
2722	9
2723	11
2724	12
2725	6
2726	16
2727	8
2728	8
2729	7
2730	10
2731	15
2732	8
2733	7
2734	11
2735	6
2736	5
2737	5
2738	11
2739	7
2740	15
2741	11
2742	5
2743	7
2744	15
2745	6
2746	11
2747	7
2748	9
2749	3
2750	10
2751	9
2752	9
2753	12
2754	10
2755	16
2756	13
2757	12
2758	9
2759	5
2760	9
2761	7
2762	10
2763	12
2764	8
2765	10
2766	7
2767	11
2768	9
2769	5
2770	8
2771	12
2772	13
2773	12
2774	13
2775	12
2776	9
2777	3
2778	8
2779	8
2780	15
2781	9
2782	7
2783	14
2784	7
2785	15
2786	8
2787	4
2788	8
2789	11
2790	16
2791	6
2792	13
2793	7
2794	10
2795	9
2796	4
2797	15
2798	11
2799	6
2800	12
2801	11
2802	10
2803	9
2804	11
2805	13
2806	9
2807	7
2808	6
2809	13
2810	11
2811	6
2812	9
2813	8
2814	7
2815	13
2816	7
2817	9
2818	15
2819	10
2820	13
2821	7
2822	11
2823	15
2824	11
2825	12
2826	9
2827	13
2828	11
2829	10
2830	6
2831	8
2832	8
2833	11
2834	11
2835	5
2836	6
2837	8
2838	11
2839	8
2840	7
2841	7
2842	15
2843	15
2844	9
2845	14
2846	4
2847	6
2848	10
2849	15
2850	9
2851	9
2852	14
2853	9
2854	10
2855	12
2856	11
2857	5
2858	4
2859	10
2860	9
2861	11
2862	11
2863	10
2864	11
2865	8
2866	8
2867	10
2868	8
2869	12
2870	6
2871	12
2872	8
2873	6
2874	9
2875	16
2876	12
2877	10
2878	8
2879	12
2880	2
2881	10
2882	14
2883	10
2884	6
2885	11
2886	11
2887	14
2888	6
2889	10
2890	10
2891	14
2892	11
2893	8
2894	8
2895	8
2896	8
2897	12
2898	5
2899	7
2900	9
2901	8
2902	11
2903	8
2904	10
2905	7
2906	13
2907	7
2908	5
2909	11
2910	12
2911	13
2912	15
2913	12
2914	12
2915	8
2916	6
2917	11
2918	9
2919	6
2920	8
2921	5
2922	6
2923	8
2924	11
2925	10
2926	11
2927	6
2928	11
2929	9
2930	8
2931	10
2932	14
2933	6
2934	6
2935	7
2936	10
2937	15
2938	8
2939	15
2940	6
2941	7
2942	7
2943	9
2944	11
2945	8
2946	7
2947	10
2948	12
2949	9
2950	15
2951	12
2952	6
2953	6
2954	6
2955	12
2956	11
2957	3
2958	9
2959	14
2960	12
2961	5
2962	8
2963	10
2964	8
2965	9
2966	6
2967	14
2968	6
2969	15
2970	8
2971	7
2972	8
2973	6
2974	7
2975	9
2976	9
2977	10
2978	10
2979	10
2980	9
2981	13
2982	10
2983	13
2984	11
2985	8
2986	11
2987	10
2988	16
2989	8
2990	14
2991	10
2992	4
2993	5
2994	9
2995	8
2996	5
2997	11
2998	6
2999	6
3000	9
3001	10
3002	8
3003	5
3004	8
3005	17
3006	10
3007	9
3008	7
3009	8
3010	5
3011	15
3012	10
3013	14
3014	11
3015	9
3016	6
3017	4
3018	4
3019	4
3020	7
3021	5
3022	17
3023	10
3024	8
3025	13
3026	10
3027	12
3028	8
3029	6
3030	12
3031	13
3032	11
3033	10
3034	8
3035	12
3036	10
3037	15
3038	9
3039	11
3040	12
3041	7
3042	18
3043	18
3044	7
3045	8
3046	12
3047	7
3048	11
3049	6
3050	12
3051	14
3052	14
3053	8
3054	11
3055	12
3056	7
3057	7
3058	10
3059	5
3060	10
3061	10
3062	11
3063	3
3064	6
3065	7
3066	9
3067	8
3068	12
3069	3
3070	14
3071	7
3072	10
3073	6
3074	10
3075	15
3076	5
3077	7
3078	6
3079	9
3080	13
3081	9
3082	8
3083	8
3084	10
3085	9
3086	7
3087	6
3088	5
3089	8
3090	12
3091	7
3092	15
3093	10
3094	7
3095	12
3096	8
3097	5
3098	9
3099	9
3100	3
3101	8
3102	8
3103	10
3104	8
3105	5
3106	14
3107	10
3108	8
3109	11
3110	10
3111	10
3112	10
3113	6
3114	10
3115	12
3116	4
3117	9
3118	4
3119	10
3120	6
3121	12
3122	6
3123	7
3124	8
3125	12
3126	11
3127	13
3128	10
3129	9
3130	8
3131	4
3132	6
3133	6
3134	11
3135	10
3136	9
3137	7
3138	7
3139	14
3140	9
3141	8
3142	11
3143	9
3144	6
3145	7
3146	9
3147	8
3148	8
3149	8
3150	6
3151	5
3152	5
3153	5
3154	4
3155	10
3156	8
3157	3
3158	10
3159	6
3160	12
3161	16
3162	10
3163	4
3164	9
3165	16
3166	6
3167	9
3168	6
3169	7
3170	10
3171	10
3172	8
3173	5
3175	5
3176	7
3177	7
3178	5
3179	9
3180	8
3181	13
3182	9
3183	6
3184	10
3185	7
3186	3
3187	10
3188	5
3189	5
3190	13
3191	6
3192	4
3193	10
3194	8
3195	5
3196	11
3197	8
3198	10
3199	6
3200	8
3201	9
3202	8
3203	7
3204	7
3205	11
3206	8
3207	8
3208	8
3209	6
3210	9
3211	9
3212	7
3213	10
3214	3
3215	1
3216	9
3217	7
3218	8
3219	6
3220	9
3221	7
3222	8
3223	7
3224	7
3225	11
3226	13
3227	11
3228	10
3229	5
3230	13
3231	5
3232	11
3233	11
3234	5
3235	6
3236	3
3237	12
3238	8
3239	6
3240	7
3241	5
3242	7
3243	7
3244	7
3245	6
3246	6
3247	9
3248	9
3249	15
3250	5
3251	10
3252	7
3253	8
3254	2
3255	12
3256	9
3257	10
3258	12
3259	16
3260	8
3261	10
3262	13
3263	9
3264	3
3265	8
3266	5
3267	8
3268	9
3269	11
3270	8
3271	9
3272	12
3273	9
3274	10
3275	12
3276	8
3277	4
3278	3
3279	6
3280	8
3281	6
3282	6
3283	5
3284	10
3285	7
3286	11
3287	8
3288	9
3289	5
3290	5
3291	8
3292	15
3293	7
3294	5
3295	5
3296	11
3297	6
3298	5
3299	14
3300	9
3301	9
3302	11
3303	4
3304	7
3305	8
3306	8
3307	8
3308	9
3309	6
3310	3
3311	7
3312	7
3313	3
3314	9
3315	7
3316	14
3317	7
3318	5
3319	12
3320	6
3321	5
3322	11
3323	7
3324	7
3325	3
3326	6
3327	2
3328	11
3329	3
3330	2
3331	8
3332	7
3333	9
3334	10
3335	10
3336	8
3337	9
3338	8
3339	6
3340	4
3341	8
3342	5
3343	4
3344	5
3345	10
3346	7
3347	6
3348	5
3349	7
3350	3
3351	7
3352	11
3353	9
3354	6
3355	7
3356	8
3357	12
3358	5
3359	6
3360	12
3361	8
3362	10
3363	4
3364	8
3365	5
3366	11
3367	7
3368	6
3369	9
3370	12
3371	13
3372	5
3373	12
3374	7
3375	13
3376	6
3377	8
3378	5
3379	10
3380	10
3381	11
3382	7
3383	6
3384	5
3385	8
3386	12
3387	8
3388	4
3389	5
3390	8
3391	10
3392	6
3393	7
3394	8
3395	3
3396	6
3397	6
3398	5
3399	4
3400	9
3401	7
3402	4
3403	9
3404	10
3405	4
3406	12
3407	6
3408	7
3409	10
3410	7
3411	5
3412	8
3413	6
3414	9
3415	5
3416	7
3417	12
3418	9
3419	5
3420	6
3421	6
3422	7
3423	6
3424	5
3425	6
3426	7
3427	7
3428	7
3429	8
3430	8
3431	6
3432	7
3433	6
3434	10
3435	6
3436	6
3437	6
3438	12
3439	9
3440	14
3441	6
3442	6
3443	9
3444	6
3445	11
3446	4
3447	13
3448	16
3449	11
3450	9
3451	2
3452	14
3453	13
3454	6
3455	1
3456	7
3457	13
3458	12
3459	8
3460	6
3461	9
3462	2
3463	7
3464	9
3465	12
3466	9
3467	5
3468	6
3469	2
3470	10
3471	3
3472	8
3473	8
3474	10
3475	3
3476	11
3477	7
3478	5
3479	7
3480	4
3481	8
3482	8
3483	12
3484	6
3485	8
3486	10
3487	4
3488	7
3489	7
3490	7
3491	11
3492	9
3493	5
3494	6
3495	11
3496	7
3497	7
3498	9
3499	8
3500	10
3501	9
3502	7
3503	5
3504	7
3505	8
3506	5
3507	6
3508	11
3509	5
3510	6
3511	11
3512	13
3513	7
3514	3
3515	8
3516	5
3517	9
3518	10
3519	8
3520	8
3521	9
3522	5
3523	5
3524	10
3525	4
3526	7
3527	6
3528	8
3529	4
3530	5
3531	4
3532	8
3533	9
3534	8
3535	10
3536	9
3537	7
3538	3
3539	7
3540	7
3541	8
3542	5
3543	8
3544	10
3545	3
3546	4
3547	7
3548	7
3549	7
3550	8
3551	9
3552	7
3553	9
3554	13
3555	9
3556	5
3557	2
3558	8
3559	14
3560	6
3561	3
3562	2
3563	2
3564	10
3565	8
3566	7
3567	5
3568	8
3569	5
3570	12
3571	10
3572	9
3573	11
3574	5
3575	5
3576	13
3577	8
3578	4
3579	7
3580	7
3581	6
3582	7
3583	8
3584	13
3585	2
3586	6
3587	6
3588	3
3589	10
3590	8
3591	7
3592	9
3593	7
3594	5
3595	10
3596	4
3597	6
3598	6
3599	8
3600	8
3601	7
3602	9
3603	2
3604	7
3605	5
3606	2
3607	9
3608	7
3609	10
3610	7
3611	4
3612	3
3613	3
3614	7
3615	3
3616	5
3617	9
3618	7
3619	8
3620	15
3621	13
3622	9
3623	9
3624	7
3625	8
3626	2
3627	6
3628	5
3629	4
3630	10
3631	3
3632	5
3633	9
3634	5
3635	3
3636	8
3637	10
3638	3
3639	8
3640	6
3641	10
3642	6
3643	5
3644	5
3645	8
3646	8
3647	7
3648	14
3649	10
3650	8
3651	6
3652	14
3653	11
3654	11
3655	7
3656	7
3657	8
3658	10
3659	8
3660	3
3661	10
3662	6
3663	7
3664	9
3665	5
3666	7
3667	5
3668	6
3669	6
3670	4
3671	6
3672	6
3673	5
3674	2
3675	6
3676	10
3677	7
3678	6
3679	8
3680	10
3681	6
3682	10
3683	8
3684	5
3685	4
3686	7
3687	11
3688	12
3689	12
3690	5
3691	10
3692	3
3693	7
3694	8
3695	6
3696	6
3697	5
3698	6
3699	10
3700	10
3701	9
3702	7
3703	8
3704	6
3705	6
3706	7
3707	3
3708	8
3709	11
3710	9
3711	7
3712	3
3713	9
3714	7
3715	13
3716	9
3717	5
3718	15
3719	7
3720	8
3721	4
3722	12
3723	10
3724	11
3725	8
3726	7
3727	5
3728	9
3729	14
3730	7
3731	1
3732	7
3733	11
3734	7
3735	9
3736	5
3737	8
3738	9
3739	5
3740	8
3741	7
3742	5
3743	5
3744	5
3745	11
3746	8
3747	7
3748	10
3749	3
3750	6
3751	4
3752	5
3753	7
3754	8
3755	12
3756	8
3757	12
3758	9
3759	9
3760	13
3761	6
3762	13
3763	9
3764	3
3765	7
3766	6
3767	5
3768	8
3769	9
3770	4
3771	10
3772	7
3773	6
3774	11
3775	6
3776	7
3777	8
3778	5
3779	8
3780	10
3781	6
3782	4
3783	5
3784	8
3785	4
3786	7
3787	9
3788	7
3789	5
3790	7
3791	10
3792	7
3793	5
3794	3
3795	10
3796	6
3797	8
3798	13
3799	10
3800	6
3801	8
3802	4
3803	9
3804	4
3805	5
3806	6
3807	4
3808	5
3809	9
3810	3
3811	8
3812	5
3813	7
3814	13
3815	7
3816	5
3817	9
3818	2
3819	5
3820	8
3821	9
3822	7
3823	4
3824	7
3825	10
3826	3
3827	6
3828	3
3829	5
3830	10
3831	7
3832	8
3833	5
3834	5
3835	7
3836	3
3837	10
3838	15
3839	9
3840	7
3841	6
3842	3
3843	8
3844	8
3845	4
3846	10
3847	9
3848	10
3849	6
3850	6
3851	7
3852	7
3853	8
3854	7
3855	5
3856	6
3857	11
3858	11
3859	8
3860	7
3861	5
3862	5
3863	12
3864	9
3865	10
3866	11
3867	6
3868	6
3869	8
3870	5
3871	4
3872	7
3873	6
3874	6
3875	9
3876	2
3877	3
3878	7
3879	7
3880	6
3881	14
3882	10
3883	5
3884	6
3885	3
3886	8
3887	10
3888	5
3889	2
3890	6
3891	8
3892	8
3893	4
3894	9
3895	8
3896	5
3897	5
3898	8
3899	12
3900	7
3901	9
3902	15
3903	6
3904	6
3905	4
3906	8
3907	11
3908	3
3909	8
3910	7
3911	3
3912	6
3913	11
3914	7
3915	4
3916	11
3917	8
3918	7
3919	10
3920	3
3921	6
3922	8
3923	6
3924	8
3925	2
3926	13
3927	3
3928	8
3929	6
3930	6
3931	7
3932	9
3933	6
3934	7
3935	6
3936	5
3937	9
3938	1
3939	9
3940	7
3941	7
3942	9
3943	5
3944	5
3945	4
3946	11
3947	5
3948	6
3949	13
3950	5
3951	6
3952	10
3953	5
3954	8
3955	2
3956	7
3957	6
3958	6
3959	4
3960	7
3961	10
3962	8
3963	3
3964	5
3965	3
3966	7
3967	8
3968	7
3969	6
3970	5
3971	5
3972	8
3973	3
3974	5
3975	7
3976	5
3977	6
3978	4
3979	4
3980	12
3981	5
3982	7
3983	4
3984	7
3985	5
3986	13
3987	8
3988	2
3989	6
3990	6
3991	8
3992	5
3993	3
3994	5
3995	10
3996	10
3997	7
3998	11
3999	4
4000	8
4001	3
4002	3
4003	6
4004	7
4005	5
4006	6
4007	12
4008	2
4009	8
4010	7
4011	7
4012	7
4013	6
4014	6
4015	6
4016	7
4017	5
4018	7
4019	6
4020	3
4021	4
4022	6
4023	4
4024	7
4025	7
4026	8
4027	8
4028	6
4029	15
4030	6
4031	3
4032	3
4033	2
4034	7
4035	5
4036	6
4037	7
4038	10
4039	9
4040	6
4041	2
4042	5
4043	8
4044	6
4045	9
4046	6
4047	6
4048	5
4049	3
4050	12
4051	7
4052	12
4053	8
4054	7
4055	4
4056	7
4057	8
4058	6
4059	2
4060	8
4061	8
4062	2
4063	3
4064	3
4065	6
4066	2
4067	8
4068	11
4069	8
4070	9
4071	6
4072	5
4073	11
4074	8
4075	8
4076	8
4077	7
4078	5
4079	2
4080	5
4081	6
4082	7
4083	7
4084	7
4085	5
4086	6
4087	7
4088	5
4089	6
4090	7
4091	6
4092	7
4093	4
4094	8
4095	7
4096	8
4097	5
4098	6
4099	4
4100	6
4101	9
4102	4
4103	5
4104	9
4105	6
4106	6
4107	7
4108	1
4109	8
4110	6
4111	11
4112	8
4113	5
4114	11
4115	6
4116	7
4117	12
4118	10
4119	10
4120	5
4121	5
4122	8
4123	8
4124	5
4125	6
4126	7
4127	10
4128	6
4129	7
4130	3
4131	9
4132	9
4133	4
4134	5
4135	4
4136	10
4137	7
4138	9
4139	9
4140	4
4141	7
4142	7
4143	8
4144	2
4145	4
4146	9
4147	4
4148	11
4149	6
4150	8
4151	4
4152	1
4153	10
4155	8
4156	3
4157	8
4158	9
4159	6
4160	5
4161	10
4162	8
4163	10
4164	4
4165	2
4166	4
4167	7
4168	5
4169	6
4170	7
4171	7
4172	8
4173	8
4174	3
4175	5
4176	6
4177	13
4178	3
4179	7
4180	6
4181	7
4182	7
4183	3
4184	8
4185	9
4186	6
4187	5
4188	9
4189	2
4190	3
4191	8
4192	8
4193	8
4194	3
4195	7
4196	7
4197	8
4198	6
4199	8
4200	3
4201	8
4202	4
4203	8
4204	6
4205	2
4206	7
4207	4
4208	7
4209	3
4210	5
4211	8
4212	5
4213	4
4214	7
4215	8
4216	10
4217	6
4218	5
4219	8
4220	7
4221	6
4222	8
4223	8
4224	8
4225	8
4226	2
4227	7
4228	4
4229	6
4230	7
4231	7
4232	7
4234	2
4235	3
4236	4
4237	5
4238	4
4239	9
4240	6
4241	11
4242	6
4243	4
4244	7
4245	8
4246	3
4247	9
4248	10
4249	8
4250	7
4251	11
4252	7
4253	15
4254	6
4255	7
4256	6
4257	8
4258	5
4259	9
4260	5
4261	4
4262	5
4263	6
4264	8
4265	7
4266	10
4267	7
4268	3
4269	4
4270	6
4271	5
4272	5
4273	6
4274	7
4275	4
4276	6
4277	12
4278	1
4279	7
4280	9
4281	11
4282	7
4283	4
4284	5
4285	6
4286	8
4287	5
4288	10
4289	7
4290	11
4291	7
4292	10
4293	6
4294	8
4295	5
4296	3
4297	5
4298	5
4299	8
4300	11
4301	3
4302	8
4303	8
4304	9
4305	4
4306	9
4307	3
4308	3
4309	5
4310	6
4311	9
4312	4
4313	14
4314	5
4315	4
4316	6
4317	6
4318	6
4319	4
4320	6
4321	2
4322	7
4323	6
4324	10
4325	5
4326	8
4327	4
4328	7
4329	9
4330	8
4331	3
4332	3
4333	10
4334	2
4335	13
4336	9
4337	5
4338	6
4339	2
4340	10
4341	5
4342	7
4343	4
4344	5
4345	7
4346	6
4347	15
4348	8
4349	9
4350	4
4351	5
4352	7
4353	4
4354	5
4355	6
4356	7
4357	9
4358	6
4359	3
4360	3
4361	5
4362	7
4363	8
4364	8
4365	8
4366	5
4367	7
4368	6
4369	9
4370	2
4371	8
4372	9
4373	7
4374	6
4375	3
4376	5
4377	7
4378	9
4379	3
4380	5
4381	3
4382	3
4383	5
4384	3
4385	9
4386	10
4387	3
4388	4
4389	5
4390	4
4391	4
4392	3
4393	6
4394	5
4395	5
4396	7
4397	6
4398	5
4399	9
4400	9
4401	7
4402	6
4403	6
4404	4
4405	4
4406	5
4407	4
4408	7
4409	4
4410	5
4411	6
4412	9
4413	3
4414	4
4415	8
4416	3
4417	6
4418	9
4419	4
4420	6
4421	6
4422	9
4423	7
4424	6
4425	5
4426	6
4427	6
4428	6
4429	8
4430	7
4431	8
4432	7
4433	3
4434	6
4435	2
4436	3
4437	7
4438	7
4439	2
4440	1
4441	6
4442	3
4443	7
4444	8
4445	3
4446	2
4447	6
4448	5
4449	4
4450	4
4451	5
4452	6
4453	6
4454	4
4455	8
4456	7
4457	4
4458	4
4459	3
4460	2
4461	4
4462	5
4463	7
4464	5
4465	9
4466	5
4467	4
4468	3
4469	4
4470	4
4471	5
4472	6
4473	4
4474	5
4475	4
4476	3
4477	9
4478	6
4479	6
4480	4
4481	3
4482	8
4483	9
4484	4
4485	3
4486	8
4487	8
4488	2
4489	11
4490	6
4491	3
4492	6
4493	5
4494	8
4495	7
4496	10
4497	6
4498	3
4499	4
4500	3
4501	5
4502	7
4503	8
4504	1
4505	3
4506	10
4507	8
4508	10
4509	3
4510	8
4511	5
4512	8
4513	4
4514	4
4515	8
4516	7
4517	4
4518	9
4519	5
4520	7
4521	8
4522	6
4523	5
4524	5
4525	9
4526	9
4527	3
4528	2
4529	7
4530	5
4531	5
4532	5
4533	4
4534	6
4535	5
4536	4
4537	7
4538	8
4539	5
4540	8
4541	9
4542	13
4543	5
4544	5
4545	6
4546	3
4547	7
4548	4
4549	8
4550	6
4551	3
4552	7
4553	3
4554	8
4555	3
4556	4
4557	5
4558	5
4559	6
4560	9
4561	5
4562	9
4563	6
4564	4
4565	5
4566	6
4567	3
4568	7
4569	7
4570	6
4571	9
4572	10
4573	4
4574	6
4575	4
4576	4
4577	7
4578	7
4579	4
4580	11
4581	6
4582	8
4583	9
4584	8
4585	4
4586	6
4587	5
4588	4
4589	5
4590	8
4591	6
4592	1
4593	6
4594	5
4595	4
4596	6
4597	3
4598	7
4599	8
4600	8
4601	6
4602	5
4603	5
4604	10
4605	6
4606	5
4607	5
4608	6
4609	7
4610	9
4611	7
4612	3
4613	7
4614	4
4615	4
4616	5
4617	10
4618	4
4619	7
4620	4
4621	9
4622	7
4623	4
4624	4
4625	10
4626	5
4627	5
4628	7
4629	6
4630	9
4631	7
4632	3
4633	9
4634	9
4635	6
4636	9
4637	7
4638	7
4639	10
4640	4
4641	4
4642	3
4643	3
4644	12
4645	3
4646	7
4647	6
4648	5
4649	9
4650	3
4651	6
4652	8
4653	6
4654	2
4655	4
4656	5
4657	3
4658	10
4659	7
4660	8
4661	7
4662	7
4663	8
4664	3
4665	8
4666	2
4667	4
4668	7
4669	7
4670	7
4671	6
4672	9
4673	4
4674	6
4675	5
4676	2
4677	7
4678	4
4679	9
4680	4
4681	6
4682	3
4683	5
4684	7
4685	1
4686	3
4687	7
4688	3
4689	8
4690	5
4691	5
4692	7
4693	8
4694	2
4695	6
4696	6
4697	3
4698	4
4699	4
4700	5
4701	6
4702	5
4703	4
4704	5
4705	6
4706	2
4707	6
4708	6
4709	3
4710	7
4711	9
4712	7
4713	7
4714	7
4715	4
4716	7
4717	6
4718	5
4719	1
4720	10
4721	9
4722	7
4723	5
4724	7
4725	4
4726	5
4727	5
4728	4
4729	6
4730	2
4731	3
4732	4
4733	6
4734	6
4735	7
4736	2
4737	6
4738	7
4739	2
4740	6
4741	5
4742	3
4743	4
4744	3
4745	7
4746	3
4747	4
4748	2
4749	6
4750	6
4751	4
4752	6
4753	7
4754	8
4755	8
4756	4
4757	2
4758	4
4759	6
4760	5
4761	7
4762	10
4763	4
4764	6
4765	2
4766	6
4767	8
4768	5
4769	8
4770	7
4771	9
4772	4
4773	7
4774	6
4775	10
4776	4
4777	10
4778	4
4779	8
4780	4
4781	3
4782	7
4783	6
4784	11
4785	2
4786	7
4787	5
4788	6
4789	4
4790	4
4791	12
4792	5
4793	10
4795	5
4796	4
4797	3
4798	9
4799	5
4800	7
4801	7
4802	5
4803	8
4804	7
4805	7
4806	5
4807	4
4808	4
4809	11
4810	2
4811	6
4812	7
4813	10
4814	3
4815	5
4816	10
4817	5
4818	5
4819	3
4820	5
4821	3
4822	3
4823	5
4824	11
4825	5
4826	5
4827	4
4828	6
4829	3
4830	3
4831	4
4832	2
4833	3
4834	4
4835	5
4836	3
4837	1
4838	5
4839	3
4840	2
4841	8
4842	9
4843	2
4844	9
4845	5
4846	6
4847	6
4848	6
4849	3
4850	6
4851	4
4852	7
4853	5
4854	7
4855	7
4856	4
4857	2
4858	4
4859	9
4860	6
4861	6
4862	2
4863	3
4864	6
4865	4
4866	1
4867	6
4868	6
4869	8
4870	7
4871	5
4872	7
4873	5
4874	7
4875	6
4876	4
4877	6
4878	3
4879	3
4880	5
4881	4
4882	4
4883	3
4884	3
4885	5
4886	3
4887	8
4888	2
4889	7
4890	8
4891	4
4892	3
4893	7
4894	5
4895	2
4896	9
4897	4
4898	9
4899	3
4900	2
4901	3
4902	7
4903	9
4904	5
4905	5
4906	7
4907	10
4908	8
4909	4
4910	8
4911	4
4912	7
4913	10
4914	10
4915	9
4916	5
4917	7
4918	5
4919	5
4920	6
4921	3
4922	3
4924	4
4925	7
4926	6
4927	1
4928	3
4929	11
4930	7
4931	9
4932	7
4933	8
4934	3
4935	3
4936	5
4937	5
4938	5
4939	5
4940	7
4941	9
4943	7
4944	7
4945	7
4946	3
4947	8
4948	4
4949	8
4950	8
4951	6
4952	7
4953	5
4954	2
4955	2
4956	3
4957	3
4958	5
4959	7
4960	5
4961	5
4962	3
4963	7
4964	6
4965	4
4966	6
4967	5
4968	4
4969	8
4970	3
4971	6
4972	4
4973	10
4974	9
4975	3
4976	3
4977	2
4978	12
4979	4
4980	7
4981	5
4982	5
4983	2
4984	2
4985	3
4986	3
4987	8
4988	8
4989	6
4990	4
4991	6
4992	6
4993	4
4994	6
4995	10
4996	6
4997	5
4998	7
4999	3
5000	6
5001	3
5002	8
5003	6
5004	1
5005	7
5006	7
5007	4
5008	5
5009	6
5010	2
5011	8
5012	8
5013	2
5014	2
5015	2
5016	6
5017	4
5018	2
5019	3
5020	3
5021	4
5022	9
5023	4
5024	1
5025	3
5026	4
5027	9
5028	6
5029	6
5030	2
5031	3
5032	9
5033	5
5034	5
5035	4
5036	3
5037	8
5038	5
5039	5
5040	9
5041	2
5042	5
5043	4
5044	4
5045	5
5046	7
5047	6
5048	7
5049	2
5050	5
5051	7
5052	2
5053	3
5054	4
5055	6
5056	8
5057	7
5058	12
5059	5
5060	4
5061	5
5062	5
5063	4
5064	4
5065	4
5066	7
5067	3
5068	3
5069	5
5070	2
5071	3
5072	3
5073	3
5074	2
5075	4
5077	5
5078	5
5079	6
5080	3
5081	5
5082	3
5083	3
5084	3
5085	8
5086	7
5087	5
5088	2
5089	5
5090	6
5091	4
5092	7
5093	6
5094	6
5095	8
5096	2
5097	7
5098	3
5099	2
5100	5
5101	2
5102	2
5104	3
5105	8
5106	5
5107	4
5108	5
5109	8
5110	5
5111	4
5112	3
5113	6
5114	4
5115	5
5116	5
5117	4
5118	4
5119	3
5120	1
5121	7
5122	2
5123	2
5124	6
5125	6
5126	3
5127	5
5128	4
5129	4
5130	3
5131	11
5132	5
5133	3
5134	7
5135	4
5136	2
5137	4
5138	6
5139	6
5140	3
5141	5
5142	6
5143	6
5144	6
5145	7
5146	7
5147	3
5148	9
5149	5
5150	7
5151	4
5152	3
5153	3
5154	8
5155	5
5156	5
5157	3
5158	3
5159	2
5160	3
5161	5
5162	5
5163	2
5164	5
5165	6
5166	5
5167	4
5168	7
5169	4
5170	7
5171	6
5172	4
5173	2
5174	4
5175	4
5176	8
5177	4
5178	4
5179	5
5180	3
5181	4
5182	4
5183	4
5184	7
5185	6
5187	7
5188	6
5189	3
5190	2
5191	7
5192	4
5193	4
5194	4
5195	7
5196	4
5197	8
5198	4
5199	5
5200	3
5201	3
5202	5
5203	7
5204	5
5205	4
5206	6
5207	9
5208	7
5209	5
5210	4
5211	3
5212	10
5213	5
5214	4
5215	8
5216	2
5217	4
5218	8
5219	6
5220	5
5221	5
5222	2
5223	9
5224	5
5225	5
5226	4
5227	2
5228	4
5229	3
5230	2
5231	4
5232	8
5233	5
5234	2
5235	5
5236	3
5237	10
5238	6
5239	4
5240	5
5241	3
5242	1
5243	4
5244	2
5245	6
5246	2
5247	5
5248	4
5249	3
5250	8
5251	5
5252	7
5253	5
5254	7
5255	3
5256	4
5257	7
5258	3
5259	2
5260	3
5261	2
5262	6
5263	5
5264	5
5265	6
5266	6
5267	9
5268	6
5269	6
5270	5
5271	3
5272	5
5273	6
5274	5
5275	3
5276	9
5277	4
5278	3
5279	6
5280	3
5281	3
5282	6
5283	7
5284	3
5285	5
5286	9
5287	4
5288	8
5289	10
5290	7
5291	5
5292	6
5293	1
5294	5
5295	4
5296	6
5297	3
5298	1
5299	5
5300	4
5301	3
5302	6
5303	4
5304	3
5305	2
5306	5
5307	2
5308	5
5309	7
5310	3
5311	4
5312	8
5313	4
5314	2
5315	1
5316	3
5317	8
5318	10
5319	8
5320	4
5321	6
5322	2
5323	2
5324	8
5325	9
5326	7
5327	7
5328	6
5329	5
5330	1
5331	3
5332	5
5333	5
5334	6
5335	2
5336	4
5337	7
5338	5
5339	2
5340	6
5341	5
5342	5
5343	8
5344	2
5345	5
5346	2
5347	10
5348	3
5349	3
5350	4
5351	8
5352	4
5353	6
5354	9
5355	7
5356	4
5357	5
5358	4
5359	6
5360	3
5361	5
5362	4
5363	4
5364	2
5365	5
5366	6
5367	4
5368	4
5370	5
5371	7
5372	1
5373	4
5374	5
5375	5
5376	3
5377	3
5378	5
5379	7
5380	8
5381	2
5382	2
5383	4
5384	3
5385	5
5386	7
5387	3
5388	2
5389	8
5390	4
5391	6
5392	5
5393	4
5394	7
5395	2
5396	3
5397	6
5398	5
5399	3
5400	5
5401	4
5402	1
5403	2
5405	2
5406	7
5407	4
5408	5
5409	3
5410	3
5411	9
5412	4
5413	6
5414	3
5415	5
5416	4
5417	7
5418	4
5419	6
5420	7
5421	7
5422	5
5423	5
5424	3
5425	3
5426	3
5427	9
5428	5
5429	4
5430	8
5431	4
5432	8
5433	4
5434	4
5435	5
5436	3
5437	3
5438	3
5439	4
5440	6
5441	4
5442	4
5443	5
5444	3
5445	5
5446	4
5447	5
5448	4
5449	4
5450	2
5451	2
5452	1
5453	4
5454	6
5455	3
5456	3
5457	3
5458	8
5459	6
5460	3
5461	5
5462	2
5463	1
5464	2
5465	7
5466	3
5467	1
5468	2
5469	3
5470	6
5471	3
5472	7
5473	8
5474	4
5475	4
5476	9
5477	9
5478	5
5479	5
5480	6
5481	6
5482	4
5483	4
5484	5
5485	3
5486	3
5487	4
5488	3
5489	3
5490	3
5491	3
5492	4
5493	3
5494	6
5495	5
5496	5
5497	3
5498	11
5499	2
5500	7
5502	5
5503	5
5504	6
5505	3
5506	3
5507	4
5508	2
5509	4
5510	3
5511	3
5512	4
5513	4
5514	3
5515	5
5516	4
5517	3
5518	3
5519	5
5520	3
5521	6
5522	4
5523	5
5524	7
5525	4
5526	3
5527	1
5528	4
5529	3
5530	8
5531	5
5532	5
5533	2
5534	3
5535	2
5536	3
5537	6
5538	3
5539	2
5540	4
5541	3
5542	3
5543	3
5544	4
5545	6
5546	5
5547	2
5548	7
5549	2
5550	4
5551	2
5552	7
5553	4
5554	1
5555	3
5556	4
5557	9
5558	9
5559	4
5560	3
5561	3
5562	10
5563	9
5564	4
5565	6
5566	5
5567	2
5568	7
5569	8
5570	3
5571	2
5572	2
5573	2
5574	4
5575	5
5576	6
5577	4
5578	2
5579	2
5580	3
5581	5
5582	5
5583	3
5584	5
5585	3
5586	3
5587	10
5588	5
5589	6
5591	3
5592	4
5593	4
5594	7
5595	2
5596	4
5597	3
5598	1
5599	3
5600	6
5601	5
5602	1
5603	7
5604	3
5605	2
5606	2
5607	1
5608	5
5609	3
5610	2
5611	3
5612	7
5613	4
5614	2
5615	7
5616	4
5617	5
5618	2
5619	2
5620	4
5621	7
5622	4
5623	1
5624	7
5625	5
5626	2
5627	4
5628	4
5629	2
5630	4
5631	6
5632	3
5633	3
5634	6
5635	2
5636	2
5637	3
5638	6
5639	4
5640	5
5641	2
5642	6
5643	1
5644	3
5645	2
5646	7
5647	6
5648	7
5649	4
5650	5
5651	2
5652	3
5653	8
5654	3
5655	4
5656	4
5657	3
5658	2
5659	5
5660	3
5662	4
5663	1
5664	3
5665	4
5666	6
5667	2
5668	2
5669	7
5670	6
5671	3
5672	5
5673	2
5674	4
5675	2
5676	4
5677	4
5678	6
5679	2
5680	3
5681	4
5682	4
5683	3
5684	4
5685	5
5686	4
5687	5
5688	7
5689	3
5690	2
5691	1
5692	4
5693	2
5694	2
5695	3
5696	5
5697	2
5698	6
5699	4
5700	3
5701	8
5702	5
5703	3
5704	2
5705	6
5706	6
5707	3
5708	7
5709	2
5710	6
5711	5
5712	3
5713	2
5714	2
5715	9
5716	4
5717	1
5718	2
5719	2
5721	5
5722	4
5723	5
5724	4
5725	1
5726	4
5727	5
5728	2
5729	6
5730	2
5731	5
5732	5
5733	2
5734	4
5735	1
5736	2
5737	5
5738	1
5739	7
5740	2
5741	2
5742	2
5743	3
5744	3
5745	3
5746	4
5747	4
5748	5
5749	7
5750	2
5751	3
5752	6
5753	10
5754	4
5755	6
5756	1
5757	3
5758	3
5759	4
5760	6
5761	8
5762	2
5763	4
5764	4
5765	1
5766	3
5767	3
5768	3
5769	4
5770	8
5771	2
5772	5
5773	4
5774	4
5775	6
5776	9
5777	4
5778	5
5779	8
5780	5
5781	3
5782	3
5783	7
5784	1
5785	6
5786	4
5787	5
5788	6
5789	9
5790	4
5791	5
5792	3
5793	3
5794	4
5795	6
5796	4
5797	2
5798	3
5799	6
5800	3
5801	5
5802	2
5803	1
5804	1
5805	5
5806	5
5807	7
5808	1
5809	7
5810	3
5811	3
5812	3
5813	4
5814	6
5815	1
5816	1
5817	4
5818	7
5819	5
5820	1
5821	3
5822	3
5823	3
5824	3
5825	3
5826	7
5827	3
5828	2
5829	7
5830	2
5831	3
5832	4
5833	4
5834	4
5835	2
5836	2
5837	7
5838	5
5840	3
5841	4
5842	2
5843	7
5844	4
5846	1
5847	6
5848	3
5849	7
5850	1
5851	4
5852	3
5855	3
5856	2
5857	4
5858	4
5859	3
5860	4
5861	2
5862	2
5863	4
5864	4
5865	6
5866	6
5867	3
5868	4
5869	4
5870	6
5871	4
5872	6
5873	6
5874	5
5875	2
5876	5
5877	3
5878	5
5879	5
5880	2
5881	2
5882	4
5883	9
5884	2
5885	6
5886	4
5887	5
5888	6
5889	5
5890	2
5891	5
5892	2
5893	3
5894	2
5895	2
5896	1
5897	3
5898	5
5899	4
5900	3
5901	3
5902	2
5903	5
5904	2
5905	3
5906	6
5907	2
5908	7
5909	3
5910	1
5911	3
5912	3
5913	4
5914	2
5915	7
5916	7
5917	3
5918	4
5919	5
5920	3
5921	4
5922	4
5923	2
5924	4
5925	3
5926	4
5927	5
5928	2
5929	4
5930	1
5931	2
5933	4
5934	4
5935	5
5936	6
5937	3
5938	7
5939	2
5940	4
5941	3
5942	2
5943	3
5944	3
5945	9
5946	4
5947	4
5948	2
5949	2
5950	4
5951	8
5952	4
5953	4
5954	5
5955	4
5956	1
5957	2
5958	4
5959	3
5960	4
5961	3
5962	5
5963	3
5964	6
5965	5
5966	12
5967	2
5968	4
5970	2
5972	5
5973	4
5974	2
5975	2
5976	6
5977	5
5978	8
5979	3
5980	4
5981	3
5982	4
5983	3
5984	5
5985	1
5986	5
5987	2
5988	1
5989	3
5990	3
5991	3
5992	4
5993	3
5995	6
5996	5
5997	3
5998	5
5999	3
6000	3
6001	1
6002	4
6003	3
6004	3
6005	7
6006	3
6007	3
6008	4
6009	3
6010	4
6011	2
6012	3
6013	2
6014	2
6015	8
6016	12
6017	1
6018	5
6019	4
6020	5
6021	3
6022	4
6023	1
6024	3
6025	7
6027	4
6028	2
6029	4
6030	6
6031	3
6032	4
6033	7
6034	4
6035	5
6036	8
6037	1
6038	3
6039	3
6040	3
6041	3
6042	1
6043	3
6044	4
6045	2
6046	2
6047	6
6048	7
6049	2
6050	3
6051	2
6052	6
6053	2
6054	5
6055	2
6056	4
6057	4
6058	1
6059	6
6060	2
6061	3
6062	4
6063	2
6064	5
6065	6
6066	5
6067	2
6068	2
6069	5
6070	4
6071	3
6072	1
6073	3
6074	2
6075	2
6076	6
6077	5
6078	2
6079	7
6080	3
6081	6
6082	3
6083	2
6084	3
6086	1
6087	1
6088	13
6089	4
6090	4
6091	10
6092	5
6093	4
6094	3
6095	1
6096	5
6097	7
6098	5
6099	6
6100	2
6101	5
6102	5
6103	5
6104	1
6105	2
6106	7
6107	5
6108	6
6109	6
6110	4
6111	2
6112	3
6113	4
6114	3
6115	4
6116	4
6117	2
6118	1
6119	5
6120	4
6121	2
6122	4
6123	4
6125	5
6126	4
6127	5
6128	2
6129	4
6130	4
6131	2
6132	3
6133	3
6134	9
6135	3
6136	4
6137	8
6138	1
6140	4
6141	4
6142	5
6143	4
6144	2
6145	1
6146	2
6147	4
6148	1
6149	5
6150	5
6152	3
6153	6
6154	2
6155	3
6156	1
6157	1
6158	3
6160	5
6161	3
6162	5
6163	4
6164	4
6165	3
6166	3
6167	4
6168	6
6169	5
6170	5
6171	2
6172	1
6173	3
6174	2
6175	6
6176	2
6177	2
6178	2
6179	6
6180	2
6181	5
6182	5
6183	3
6184	7
6185	4
6186	6
6187	3
6188	3
6190	3
6191	5
6192	6
6193	4
6194	4
6195	6
6196	2
6197	3
6198	2
6199	5
6200	3
6201	1
6202	3
6203	4
6204	4
6205	2
6206	2
6207	5
6208	3
6209	3
6210	2
6211	5
6212	1
6214	1
6215	1
6216	3
6217	4
6218	2
6219	7
6220	2
6222	4
6223	5
6224	3
6225	2
6226	3
6227	4
6228	6
6229	8
6230	2
6231	3
6232	2
6233	4
6234	1
6235	2
6236	2
6237	2
6238	1
6239	1
6240	4
6241	3
6242	3
6243	4
6244	3
6245	3
6246	4
6247	2
6248	1
6250	1
6251	3
6252	4
6253	2
6254	2
6255	2
6256	3
6257	3
6258	2
6259	5
6260	5
6261	2
6262	3
6263	2
6264	11
6265	6
6266	5
6267	7
6268	4
6269	1
6270	3
6271	4
6272	1
6273	3
6274	3
6275	4
6276	3
6277	6
6278	4
6279	3
6280	5
6281	4
6282	4
6283	5
6285	1
6286	2
6287	2
6288	3
6289	3
6290	5
6291	2
6292	2
6293	8
6294	6
6295	1
6296	2
6297	4
6298	4
6299	3
6300	8
6301	5
6302	3
6303	10
6304	6
6305	3
6306	4
6307	2
6308	3
6309	2
6310	4
6311	4
6312	1
6313	4
6314	2
6315	4
6316	4
6317	5
6318	3
6319	3
6320	5
6321	3
6322	4
6323	2
6324	4
6325	1
6326	3
6327	7
6328	3
6329	6
6330	3
6331	4
6332	1
6333	6
6334	2
6335	2
6336	5
6337	2
6338	5
6339	2
6340	2
6341	2
6342	2
6343	2
6344	2
6345	2
6346	4
6347	4
6348	3
6349	2
6350	1
6351	2
6352	3
6353	8
6354	3
6355	6
6356	5
6357	4
6358	6
6359	7
6360	4
6361	1
6362	4
6363	3
6364	5
6365	4
6366	2
6367	6
6368	2
6369	3
6370	6
6371	2
6372	3
6373	3
6374	5
6375	4
6376	6
6377	6
6378	4
6379	2
6380	1
6381	5
6382	7
6383	2
6384	5
6385	2
6386	3
6387	6
6388	5
6389	4
6390	2
6391	3
6392	2
6393	1
6394	6
6395	1
6396	4
6397	2
6398	6
6399	3
6400	8
6401	3
6402	3
6403	2
6404	7
6405	3
6406	9
6407	3
6408	2
6409	3
6410	4
6411	3
6412	3
6413	6
6414	9
6415	3
6416	2
6417	3
6418	8
6419	3
6420	4
6421	1
6422	2
6423	2
6424	1
6425	3
6426	1
6427	3
6428	4
6429	3
6430	3
6431	4
6432	1
6433	5
6434	7
6435	1
6436	1
6437	4
6438	2
6439	5
6440	2
6441	4
6442	5
6443	1
6444	3
6446	3
6447	2
6448	1
6449	4
6450	2
6451	4
6452	6
6453	1
6454	3
6455	5
6456	2
6457	2
6458	4
6460	3
6462	2
6463	4
6464	5
6465	6
6466	3
6467	4
6468	6
6469	3
6470	7
6471	5
6472	4
6473	4
6474	3
6475	4
6476	3
6477	2
6478	3
6479	5
6480	3
6481	2
6482	5
6483	3
6484	2
6485	5
6486	4
6487	3
6488	4
6489	2
6490	6
6491	3
6492	6
6494	4
6495	4
6496	11
6497	4
6498	3
6499	3
6500	1
6501	2
6502	2
6503	2
6504	4
6505	7
6506	5
6507	4
6508	4
6509	2
6510	6
6511	1
6512	4
6513	3
6514	6
6515	5
6516	4
6517	3
6518	3
6519	2
6520	6
6521	6
6522	7
6523	4
6524	2
6525	3
6526	3
6527	2
6528	4
6529	5
6530	5
6531	3
6532	2
6534	1
6535	3
6536	4
6537	4
6538	2
6539	6
6540	2
6541	3
6542	1
6543	6
6544	3
6545	2
6546	4
6547	3
6548	2
6549	1
6550	3
6551	3
6552	5
6553	4
6554	2
6555	3
6556	5
6557	4
6558	3
6559	3
6560	4
6561	5
6562	2
6563	2
6565	1
6566	2
6567	4
6568	2
6569	2
6570	2
6571	3
6572	1
6573	8
6574	2
6575	5
6576	2
6577	3
6578	3
6579	4
6580	5
6581	2
6582	6
6583	3
6584	4
6585	2
6586	3
6587	2
6588	3
6589	6
6590	2
6591	5
6592	2
6593	2
6594	2
6595	4
6596	1
6597	2
6598	5
6599	1
6600	4
6601	2
6602	4
6603	1
6604	1
6605	3
6606	7
6607	7
6608	3
6609	2
6610	3
6611	4
6612	3
6613	7
6614	3
6615	2
6616	3
6617	4
6618	4
6619	5
6620	5
6621	3
6622	4
6623	2
6624	1
6625	3
6626	1
6627	1
6628	5
6629	3
6630	3
6631	1
6632	2
6633	6
6634	4
6635	4
6636	5
6637	2
6638	2
6639	2
6640	4
6641	4
6642	5
6643	5
6644	2
6645	2
6646	5
6647	2
6648	3
6649	3
6650	3
6651	3
6652	2
6653	5
6654	3
6655	3
6656	6
6657	3
6658	1
6659	3
6660	5
6661	4
6662	4
6663	2
6664	7
6665	3
6666	3
6667	5
6668	2
6669	3
6670	5
6671	2
6672	3
6673	1
6674	3
6675	3
6676	2
6677	3
6678	5
6679	4
6680	3
6681	2
6682	5
6683	5
6684	8
6685	4
6686	4
6687	1
6688	2
6689	4
6690	7
6691	6
6692	4
6693	1
6695	7
6696	3
6697	2
6698	3
6699	4
6700	3
6701	1
6702	1
6703	3
6704	4
6705	2
6706	5
6707	4
6708	2
6709	5
6710	2
6711	5
6712	3
6713	2
6714	1
6715	1
6716	5
6717	3
6718	5
6719	5
6720	1
6721	2
6722	5
6723	6
6724	1
6725	5
6726	3
6727	2
6728	1
6729	4
6730	2
6731	5
6732	6
6733	5
6734	2
6735	5
6736	3
6737	2
6738	1
6739	2
6740	1
6741	5
6742	3
6743	3
6744	2
6745	2
6746	2
6747	2
6748	4
6749	2
6750	4
6751	2
6752	2
6753	3
6754	1
6755	3
6757	2
6758	7
6759	3
6760	2
6761	3
6762	3
6763	6
6764	3
6765	5
6766	4
6767	3
6768	4
6769	4
6770	3
6771	3
6772	2
6773	1
6774	2
6775	4
6776	1
6777	4
6778	4
6779	6
6780	3
6781	3
6782	5
6783	5
6785	3
6786	1
6787	2
6788	6
6789	6
6790	2
6791	4
6792	3
6793	2
6794	2
6797	2
6798	5
6799	1
6800	2
6801	3
6802	7
6803	1
6804	1
6805	2
6807	1
6808	7
6809	1
6811	4
6812	4
6813	2
6814	4
6815	1
6816	4
6817	2
6818	4
6819	1
6820	5
6821	4
6822	2
6823	2
6824	3
6825	3
6826	4
6828	4
6829	4
6830	2
6831	3
6832	1
6833	3
6834	5
6835	2
6836	2
6837	2
6838	2
6839	4
6840	3
6841	2
6842	3
6843	3
6844	5
6845	5
6846	6
6847	1
6848	2
6849	1
6850	6
6851	4
6852	7
6853	1
6854	2
6855	3
6856	2
6857	2
6858	5
6859	2
6860	5
6861	2
6862	4
6863	1
6864	4
6865	4
6866	1
6867	6
6868	2
6870	3
6871	1
6872	1
6873	5
6874	1
6875	3
6877	3
6878	2
6879	2
6880	3
6881	5
6882	4
6883	1
6884	1
6885	2
6886	4
6887	3
6888	4
6889	3
6890	1
6891	5
6892	1
6893	4
6894	3
6895	3
6896	2
6897	7
6898	4
6900	2
6901	4
6902	1
6903	4
6905	2
6906	1
6908	2
6909	1
6910	2
6911	4
6912	4
6913	4
6914	4
6915	2
6916	3
6917	2
6918	2
6919	1
6920	3
6921	7
6922	2
6923	4
6925	4
6926	4
6927	2
6928	1
6929	3
6931	2
6932	2
6933	4
6934	1
6935	1
6936	2
6937	3
6938	2
6939	5
6940	1
6941	4
6943	6
6944	1
6945	4
6946	4
6947	3
6948	3
6949	1
6950	1
6951	3
6952	4
6953	2
6954	3
6955	4
6956	5
6957	2
6958	2
6959	3
6960	3
6961	2
6962	3
6963	3
6964	4
6965	4
6966	1
6967	3
6968	2
6969	3
6970	1
6971	4
6972	5
6973	2
6974	1
6975	2
6976	1
6977	4
6979	5
6980	1
6981	4
6982	1
6983	5
6985	4
6986	3
6987	3
6988	7
6989	2
6990	4
6991	2
6992	2
6993	5
6994	4
6995	5
6996	1
6997	2
6998	1
6999	2
7000	2
7001	1
7002	4
7003	1
7004	3
7005	3
7006	2
7007	1
7008	1
7009	4
7010	4
7011	1
7012	2
7013	1
7014	5
7015	3
7016	3
7017	1
7018	3
7019	4
7020	5
7021	2
7022	3
7023	3
7024	3
7025	2
7026	3
7028	3
7029	3
7030	2
7031	5
7032	3
7033	6
7034	5
7035	4
7036	3
7037	2
7038	2
7039	1
7040	3
7041	5
7042	1
7043	7
7044	2
7045	3
7046	4
7047	5
7049	3
7050	5
7051	2
7052	2
7053	4
7055	1
7056	3
7057	2
7058	3
7059	4
7060	3
7062	4
7063	3
7064	4
7065	4
7066	3
7067	4
7069	6
7070	6
7071	1
7072	3
7073	5
7074	2
7075	4
7076	4
7077	1
7078	3
7079	4
7080	1
7081	1
7082	1
7083	2
7084	4
7085	1
7087	2
7088	1
7089	1
7090	4
7091	2
7092	2
7093	2
7094	4
7095	4
7096	3
7097	2
7098	1
7099	3
7100	3
7101	3
7102	1
7103	2
7104	1
7105	4
7106	6
7107	2
7108	3
7110	2
7111	4
7112	4
7113	2
7114	2
7115	1
7116	1
7117	6
7118	3
7119	2
7120	2
7121	2
7122	4
7123	2
7124	2
7125	3
7126	2
7127	3
7128	7
7129	3
7130	4
7131	3
7132	3
7133	2
7134	2
7135	1
7136	4
7137	3
7138	1
7139	4
7140	4
7141	2
7142	5
7143	4
7144	2
7145	4
7146	4
7147	6
7148	4
7149	3
7150	2
7151	2
7152	1
7153	2
7154	4
7155	2
7156	1
7157	2
7158	2
7159	2
7160	3
7161	1
7162	2
7164	2
7165	4
7166	2
7167	5
7168	4
7169	3
7170	3
7171	1
7172	2
7173	1
7174	2
7175	4
7176	1
7177	3
7178	2
7179	1
7180	9
7181	4
7182	1
7183	4
7184	3
7185	2
7186	1
7187	3
7188	1
7189	2
7190	7
7192	4
7193	1
7194	2
7195	3
7196	2
7198	3
7199	4
7200	3
7201	1
7202	1
7203	1
7204	6
7205	1
7207	3
7208	7
7209	4
7210	5
7211	1
7212	3
7213	9
7214	3
7215	1
7217	1
7218	1
7219	5
7220	1
7221	2
7222	3
7223	5
7224	5
7225	3
7226	1
7228	1
7229	1
7230	2
7231	1
7232	2
7233	5
7235	2
7236	2
7237	2
7239	3
7240	1
7241	3
7242	2
7243	2
7244	4
7245	3
7246	4
7247	4
7249	2
7250	1
7251	3
7252	3
7253	3
7254	2
7255	3
7256	1
7257	1
7258	1
7259	5
7260	2
7261	4
7262	1
7263	2
7264	1
7265	3
7266	3
7267	2
7268	1
7269	2
7270	3
7271	3
7272	5
7273	4
7274	3
7275	2
7276	4
7277	4
7278	2
7279	2
7280	3
7281	1
7282	1
7283	3
7284	1
7285	3
7286	2
7287	2
7289	4
7290	3
7291	2
7292	4
7293	3
7295	1
7296	4
7297	3
7298	1
7299	7
7300	2
7301	3
7302	7
7304	5
7305	3
7306	3
7307	3
7308	2
7310	1
7311	4
7313	2
7314	2
7315	2
7316	7
7317	2
7318	6
7319	2
7320	1
7321	2
7322	3
7324	1
7325	5
7326	4
7327	3
7328	4
7329	3
7330	2
7332	6
7333	1
7334	2
7337	1
7338	2
7339	3
7340	3
7341	3
7342	1
7343	7
7344	4
7345	2
7346	4
7347	2
7348	1
7349	2
7350	1
7351	1
7352	3
7353	4
7354	2
7355	2
7356	3
7357	1
7358	4
7359	1
7360	5
7361	2
7362	5
7363	2
7364	3
7365	4
7366	1
7367	2
7368	2
7369	4
7370	3
7371	3
7372	5
7373	3
7374	4
7375	6
7376	2
7377	3
7378	4
7379	4
7380	3
7382	4
7383	3
7384	5
7385	2
7386	1
7387	2
7389	3
7390	2
7391	3
7392	1
7393	1
7394	3
7395	3
7396	2
7397	1
7398	1
7399	3
7400	3
7401	4
7402	5
7403	1
7404	3
7405	1
7407	1
7408	1
7409	1
7410	5
7411	1
7412	5
7413	2
7414	4
7415	7
7416	1
7417	3
7418	1
7419	4
7420	6
7422	3
7424	2
7425	5
7426	3
7427	2
7428	3
7429	2
7430	2
7431	2
7432	2
7434	2
7435	3
7436	4
7437	3
7438	1
7439	2
7440	2
7441	2
7442	4
7443	2
7444	2
7445	3
7446	1
7447	3
7448	6
7450	1
7451	6
7452	1
7453	2
7454	3
7455	1
7457	2
7458	2
7459	2
7460	3
7461	5
7462	2
7463	1
7464	4
7465	2
7467	3
7468	1
7469	5
7470	4
7471	2
7472	4
7473	3
7474	2
7476	4
7477	2
7478	2
7479	3
7480	3
7481	2
7482	1
7483	3
7484	1
7485	2
7486	6
7487	4
7488	6
7489	3
7490	3
7491	2
7492	2
7493	3
7494	4
7495	3
7496	1
7497	3
7498	3
7499	1
7500	4
7502	1
7503	2
7504	1
7505	1
7506	1
7507	2
7508	2
7509	1
7510	1
7511	2
7512	2
7513	3
7514	5
7515	2
7517	2
7518	7
7519	3
7520	1
7522	3
7523	4
7524	4
7525	7
7526	3
7527	1
7528	1
7529	3
7530	2
7531	4
7532	4
7533	5
7534	2
7535	3
7536	3
7537	4
7538	3
7539	6
7540	3
7543	4
7544	2
7547	3
7548	4
7549	5
7550	3
7552	3
7553	2
7554	3
7555	1
7556	2
7557	6
7558	3
7559	3
7560	1
7561	3
7562	2
7563	1
7564	2
7565	2
7566	3
7567	2
7568	2
7569	3
7571	4
7572	2
7573	2
7574	1
7575	1
7576	3
7577	3
7578	1
7579	2
7580	2
7581	1
7582	2
7583	2
7584	5
7585	2
7586	4
7587	1
7589	1
7590	1
7591	3
7592	3
7593	4
7594	2
7595	1
7596	2
7597	1
7598	3
7599	5
7600	1
7601	1
7602	3
7603	3
7604	3
7605	1
7606	2
7607	1
7608	3
7609	5
7610	4
7611	2
7613	2
7614	4
7616	3
7617	4
7618	4
7619	1
7620	3
7621	3
7622	2
7623	3
7624	2
7625	2
7626	3
7627	1
7628	1
7629	1
7631	2
7632	2
7633	3
7634	5
7635	1
7636	3
7637	2
7638	2
7639	2
7640	1
7641	2
7642	1
7643	1
7644	3
7645	3
7647	3
7648	6
7649	2
7650	4
7651	3
7652	2
7653	3
7654	2
7655	2
7657	3
7658	5
7659	7
7660	5
7661	1
7662	1
7663	2
7664	6
7665	2
7666	6
7667	2
7668	2
7669	1
7670	2
7671	4
7672	3
7673	3
7674	1
7675	4
7676	1
7677	4
7678	3
7680	3
7681	5
7682	2
7683	2
7684	2
7685	4
7686	4
7687	3
7689	1
7690	2
7691	1
7692	3
7693	3
7694	1
7695	1
7696	2
7697	4
7698	2
7699	2
7700	2
7701	3
7702	3
7703	1
7704	3
7706	2
7708	1
7709	1
7710	4
7711	6
7712	1
7714	4
7715	2
7717	4
7718	1
7720	1
7721	2
7722	2
7723	4
7724	1
7725	1
7726	3
7727	2
7728	5
7729	1
7730	1
7731	4
7732	1
7733	3
7734	3
7735	3
7736	3
7737	3
7738	4
7739	1
7740	1
7741	3
7742	2
7743	5
7744	2
7745	4
7746	5
7747	4
7748	1
7749	2
7750	1
7751	1
7752	1
7753	2
7754	1
7755	5
7756	3
7757	1
7758	2
7759	2
7760	1
7761	2
7762	6
7764	1
7765	1
7766	3
7767	1
7768	4
7769	5
7770	1
7771	2
7772	3
7773	1
7775	2
7776	2
7777	4
7778	2
7779	2
7780	1
7781	4
7782	3
7783	4
7785	2
7786	3
7787	1
7788	2
7789	1
7790	3
7792	2
7793	3
7794	4
7795	1
7796	3
7797	2
7798	1
7799	2
7800	3
7801	4
7802	1
7803	5
7804	6
7806	1
7807	2
7808	5
7809	1
7810	2
7811	3
7812	1
7813	1
7814	1
7815	1
7817	2
7818	5
7819	4
7820	3
7822	1
7823	2
7824	1
7826	1
7827	2
7828	5
7829	3
7831	3
7832	4
7834	3
7835	3
7836	1
7837	2
7838	3
7839	3
7840	1
7841	2
7843	4
7844	3
7845	5
7846	1
7847	2
7849	6
7850	2
7851	4
7852	1
7853	4
7854	2
7856	2
7857	3
7859	4
7860	3
7861	4
7863	3
7864	3
7865	2
7866	1
7867	5
7868	2
7869	3
7870	2
7871	7
7872	3
7873	4
7874	3
7876	2
7877	2
7878	2
7880	3
7881	2
7882	2
7883	2
7884	4
7885	2
7886	2
7887	1
7888	2
7889	3
7890	3
7891	3
7893	1
7894	3
7895	4
7896	2
7897	3
7899	3
7900	2
7901	5
7902	1
7903	3
7904	3
7905	2
7906	3
7907	1
7908	2
7909	4
7910	1
7911	1
7912	1
7913	1
7914	2
7915	3
7916	2
7917	3
7918	4
7919	4
7920	1
7922	1
7923	1
7924	1
7925	2
7927	2
7928	2
7929	2
7930	3
7931	1
7932	1
7933	2
7934	3
7935	2
7936	3
7937	4
7938	1
7939	2
7941	1
7942	2
7943	1
7944	3
7945	1
7946	2
7947	2
7948	1
7949	1
7950	2
7951	1
7952	1
7953	3
7954	3
7955	3
7956	1
7957	2
7958	3
7960	2
7961	1
7962	3
7963	1
7964	1
7965	1
7966	1
7967	1
7968	3
7969	3
7970	1
7972	1
7973	6
7974	4
7975	5
7976	1
7977	2
7978	6
7979	2
7981	1
7982	2
7983	2
7984	4
7985	2
7986	5
7987	1
7988	4
7990	1
7991	2
7992	2
7993	3
7994	1
7995	1
7996	1
7998	1
7999	1
8001	2
8002	1
8003	2
8004	1
8005	3
8006	2
8007	5
8008	1
8009	3
8010	1
8011	2
8012	4
8013	3
8014	1
8015	3
8016	2
8017	2
8018	7
8019	3
8020	3
8021	2
8023	3
8024	3
8025	2
8026	3
8028	2
8029	4
8030	1
8031	1
8032	4
8033	1
8034	3
8035	2
8036	1
8038	4
8039	1
8040	4
8041	2
8042	3
8043	2
8044	2
8045	3
8046	3
8047	5
8049	4
8050	1
8051	5
8052	2
8054	1
8055	1
8056	3
8057	3
8058	4
8059	1
8060	2
8061	1
8062	2
8063	1
8064	1
8066	2
8067	3
8068	2
8069	1
8071	2
8073	1
8075	3
8076	2
8077	2
8078	3
8079	3
8080	3
8081	1
8082	3
8083	1
8084	1
8085	3
8086	1
8087	4
8088	1
8089	2
8090	2
8091	4
8092	1
8094	3
8095	4
8096	1
8097	1
8098	2
8099	1
8100	2
8101	3
8102	1
8104	5
8105	1
8106	3
8107	5
8109	1
8110	2
8111	4
8112	2
8114	1
8116	2
8120	1
8121	1
8122	1
8123	3
8124	3
8125	2
8126	3
8127	1
8128	3
8129	1
8130	4
8131	3
8132	3
8133	2
8134	3
8135	3
8136	2
8138	1
8139	1
8140	2
8141	4
8142	8
8143	4
8144	2
8146	7
8147	4
8148	3
8149	5
8150	2
8151	4
8152	2
8154	1
8155	1
8156	2
8157	1
8158	5
8159	2
8160	3
8161	3
8162	2
8163	3
8164	1
8165	2
8168	4
8170	1
8171	4
8172	2
8173	1
8174	1
8175	4
8176	1
8177	1
8178	2
8179	1
8180	4
8181	2
8182	2
8183	1
8184	2
8185	1
8186	1
8188	1
8189	2
8190	6
8191	1
8192	2
8193	3
8194	1
8195	2
8196	4
8197	3
8199	4
8200	2
8202	2
8203	2
8204	2
8205	2
8206	5
8207	3
8208	2
8209	3
8210	2
8211	3
8213	1
8214	2
8215	2
8216	3
8217	3
8218	3
8219	2
8220	2
8221	3
8222	1
8223	2
8224	1
8226	3
8227	3
8228	1
8229	1
8230	1
8231	1
8232	1
8233	1
8234	3
8235	2
8237	6
8238	2
8239	3
8240	3
8241	1
8242	5
8244	1
8245	2
8246	3
8247	4
8248	3
8250	5
8251	1
8252	3
8253	1
8254	1
8255	3
8256	1
8258	2
8259	4
8260	4
8261	1
8262	5
8263	2
8264	3
8266	4
8267	4
8268	2
8269	2
8270	1
8271	1
8272	1
8273	1
8275	1
8277	2
8278	2
8279	3
8281	3
8282	3
8283	3
8284	1
8286	3
8288	2
8289	2
8290	2
8292	1
8293	1
8294	2
8297	3
8298	1
8299	2
8301	1
8302	2
8303	4
8304	2
8305	2
8306	2
8307	4
8308	2
8309	2
8310	2
8311	1
8312	1
8313	2
8314	4
8315	1
8320	3
8321	3
8322	4
8323	1
8324	4
8325	1
8327	2
8328	1
8329	2
8330	1
8332	2
8333	3
8334	2
8335	2
8337	3
8338	1
8339	4
8341	3
8342	1
8343	3
8344	2
8345	4
8346	5
8347	1
8348	3
8349	3
8350	2
8351	2
8353	3
8355	4
8356	1
8357	2
8358	3
8359	1
8360	3
8361	2
8362	2
8363	2
8364	3
8365	5
8366	1
8367	1
8368	1
8369	3
8370	1
8373	2
8374	3
8375	2
8376	1
8377	1
8378	2
8379	2
8380	2
8381	1
8382	3
8383	2
8384	4
8385	1
8386	3
8387	3
8388	4
8389	2
8390	2
8391	3
8392	3
8393	2
8394	1
8395	1
8396	1
8397	1
8398	3
8399	2
8401	1
8404	3
8405	3
8406	2
8407	1
8408	2
8409	2
8410	3
8411	5
8412	3
8415	1
8416	1
8417	1
8418	2
8419	1
8420	3
8421	3
8422	4
8423	1
8424	2
8425	2
8426	1
8427	1
8428	3
8429	3
8430	2
8431	3
8432	2
8433	1
8434	3
8435	1
8436	1
8437	2
8438	1
8440	1
8441	2
8442	2
8443	1
8444	1
8446	2
8447	1
8448	2
8449	2
8450	4
8453	1
8454	3
8455	1
8456	1
8457	3
8458	1
8459	1
8461	4
8462	3
8463	1
8464	1
8465	2
8466	1
8467	1
8468	2
8469	2
8470	1
8471	1
8473	1
8474	3
8476	2
8477	2
8478	2
8479	1
8481	3
8482	2
8483	3
8484	2
8485	2
8486	4
8487	2
8488	2
8489	4
8490	2
8491	4
8492	2
8493	2
8494	1
8495	2
8496	2
8497	1
8499	1
8500	3
8501	2
8503	1
8504	2
8507	2
8508	1
8510	3
8512	1
8513	2
8514	1
8515	1
8516	2
8517	3
8519	5
8520	1
8521	2
8522	2
8523	3
8524	3
8525	5
8526	4
8527	1
8528	2
8529	3
8530	3
8531	2
8532	3
8534	1
8535	1
8536	1
8537	2
8538	3
8539	1
8540	2
8543	1
8544	3
8545	3
8546	1
8548	6
8549	2
8550	2
8551	3
8554	1
8556	3
8558	5
8559	2
8560	4
8561	5
8562	2
8563	1
8564	4
8565	2
8566	1
8567	1
8568	3
8570	3
8571	1
8572	2
8573	1
8574	4
8575	1
8576	1
8577	2
8578	2
8579	2
8580	3
8581	3
8582	1
8583	2
8584	4
8585	3
8587	2
8588	2
8589	4
8590	1
8591	1
8592	2
8593	1
8594	4
8595	1
8596	2
8597	1
8598	2
8599	1
8601	4
8602	2
8603	2
8604	1
8605	3
8606	1
8609	2
8610	1
8611	4
8613	3
8615	2
8616	4
8617	1
8618	2
8619	2
8622	1
8623	1
8624	3
8625	5
8627	1
8628	3
8629	2
8630	3
8631	1
8632	2
8634	3
8635	2
8636	5
8637	4
8638	3
8639	3
8640	1
8641	1
8642	1
8643	3
8644	4
8645	2
8647	3
8648	1
8649	2
8650	3
8651	3
8652	4
8653	2
8654	1
8655	2
8656	1
8657	1
8658	2
8659	2
8660	2
8663	2
8666	3
8667	2
8668	4
8669	1
8672	2
8673	2
8674	3
8675	1
8676	1
8677	1
8678	3
8679	2
8680	1
8682	2
8683	1
8684	3
8685	1
8686	1
8687	1
8688	1
8689	7
8690	2
8692	1
8693	2
8694	3
8695	3
8696	2
8697	2
8698	3
8700	2
8701	1
8702	2
8703	2
8704	1
8707	1
8708	2
8709	1
8710	3
8711	2
8712	2
8713	2
8714	3
8715	1
8716	1
8717	1
8718	6
8719	2
8720	2
8721	5
8723	1
8724	2
8726	2
8727	6
8728	1
8729	3
8730	1
8731	2
8733	2
8734	2
8735	3
8738	2
8739	3
8741	1
8742	1
8744	3
8745	1
8746	3
8747	3
8748	2
8749	1
8750	3
8751	4
8752	2
8756	3
8757	1
8759	2
8760	1
8761	1
8762	1
8763	2
8764	3
8765	1
8766	2
8767	1
8768	2
8770	6
8771	1
8772	4
8773	1
8774	2
8775	3
8776	1
8777	1
8778	2
8779	3
8782	2
8783	1
8787	4
8788	1
8789	1
8790	2
8791	2
8792	1
8793	2
8794	2
8795	5
8796	1
8797	3
8800	3
8802	1
8803	5
8804	1
8805	2
8807	1
8808	4
8809	3
8810	1
8812	1
8813	2
8814	2
8815	1
8816	2
8817	2
8819	1
8820	2
8821	3
8822	1
8824	1
8826	1
8827	1
8828	4
8829	1
8830	2
8831	1
8832	2
8833	2
8834	1
8835	1
8836	3
8837	3
8838	3
8839	4
8840	2
8841	2
8843	2
8845	3
8846	3
8847	1
8848	2
8849	1
8850	2
8851	1
8852	1
8853	2
8854	3
8855	5
8856	2
8857	1
8858	3
8859	1
8860	2
8861	1
8863	1
8864	1
8865	1
8866	2
8867	2
8868	1
8870	1
8871	1
8872	1
8873	3
8874	2
8876	5
8877	1
8878	4
8879	3
8880	1
8881	1
8882	4
8883	2
8884	1
8885	2
8886	2
8887	3
8889	2
8891	3
8892	1
8893	2
8894	1
8897	1
8898	1
8899	2
8900	1
8901	1
8903	1
8904	3
8905	1
8906	3
8907	2
8908	2
8909	5
8910	1
8911	3
8913	1
8914	2
8915	1
8919	4
8920	2
8921	2
8922	2
8923	2
8925	4
8927	1
8928	3
8929	4
8930	1
8931	1
8932	3
8934	1
8935	2
8936	1
8937	2
8938	4
8939	1
8940	7
8941	2
8942	1
8943	2
8944	1
8945	2
8946	2
8947	3
8949	2
8950	2
8952	1
8953	3
8954	1
8955	2
8956	2
8957	1
8958	1
8959	2
8961	4
8962	1
8963	3
8964	3
8965	1
8966	3
8967	1
8968	4
8969	1
8970	2
8971	3
8972	1
8974	1
8975	3
8976	1
8977	1
8978	3
8979	2
8981	1
8982	1
8983	1
8984	2
8986	3
8987	2
8988	1
8989	1
8991	2
8992	1
8993	1
8994	1
8995	2
8996	3
8997	2
8998	2
8999	3
9003	1
9004	1
9005	1
9006	2
9007	1
9008	2
9009	1
9011	2
9012	3
9014	6
9015	2
9016	1
9017	1
9019	1
9020	2
9022	2
9023	3
9024	2
9025	1
9026	2
9027	1
9028	2
9029	1
9030	1
9031	1
9032	1
9033	1
9034	1
9035	1
9036	2
9037	1
9038	4
9040	2
9041	2
9043	3
9044	3
9045	2
9046	2
9047	1
9050	2
9052	3
9053	1
9054	2
9055	3
9056	2
9057	1
9059	1
9060	2
9061	2
9062	3
9063	3
9064	2
9065	1
9066	3
9067	2
9068	2
9070	2
9071	1
9072	2
9074	2
9075	3
9076	1
9077	1
9078	2
9079	4
9080	1
9082	3
9083	1
9084	2
9086	4
9087	2
9088	1
9089	5
9090	4
9091	2
9092	1
9093	3
9095	2
9096	2
9097	3
9099	1
9100	3
9101	1
9102	5
9103	2
9104	1
9105	1
9106	2
9107	2
9108	2
9109	1
9111	1
9112	2
9113	3
9114	1
9116	2
9117	3
9118	4
9119	1
9120	3
9122	4
9123	2
9124	1
9125	1
9127	4
9128	3
9129	3
9130	1
9131	1
9132	1
9133	1
9135	1
9136	1
9138	2
9139	2
9140	1
9141	1
9142	1
9143	1
9145	2
9146	2
9147	1
9152	1
9154	1
9156	7
9158	1
9159	1
9160	2
9161	1
9162	1
9163	1
9165	3
9167	3
9168	3
9169	1
9170	2
9172	1
9173	2
9174	4
9175	1
9176	2
9177	2
9180	3
9181	4
9182	1
9183	4
9184	3
9185	3
9187	1
9188	1
9189	3
9191	3
9192	1
9193	1
9194	1
9195	1
9196	1
9197	1
9198	2
9199	2
9200	1
9201	5
9202	1
9203	1
9204	1
9205	1
9206	2
9207	1
9208	1
9210	3
9212	4
9213	1
9214	3
9215	2
9216	1
9218	5
9219	1
9220	1
9221	1
9222	2
9223	2
9224	1
9226	4
9227	6
9230	1
9231	4
9232	3
9234	3
9235	1
9236	1
9237	3
9238	2
9239	2
9240	1
9241	2
9243	2
9244	3
9246	2
9247	1
9248	3
9250	1
9251	1
9254	4
9256	1
9257	2
9258	3
9259	1
9260	2
9261	5
9262	1
9264	1
9265	1
9266	2
9267	1
9268	1
9271	3
9272	1
9273	2
9274	1
9276	1
9279	1
9280	5
9281	1
9282	1
9283	1
9284	1
9286	1
9287	1
9288	1
9290	1
9291	2
9293	2
9294	3
9297	1
9298	2
9299	2
9301	2
9302	5
9304	3
9305	1
9306	3
9307	4
9309	1
9310	3
9311	5
9312	3
9313	1
9314	1
9315	1
9316	2
9317	1
9318	2
9319	2
9321	1
9322	2
9323	3
9324	2
9325	2
9326	3
9327	1
9328	1
9329	2
9330	2
9331	1
9332	1
9334	1
9335	1
9336	1
9337	1
9338	1
9339	2
9340	1
9341	1
9343	3
9344	1
9345	3
9346	1
9347	1
9348	1
9350	4
9352	2
9354	3
9355	3
9356	1
9357	3
9358	2
9359	3
9360	1
9361	3
9362	1
9363	2
9364	4
9365	1
9366	2
9368	2
9369	3
9370	2
9371	1
9372	1
9373	2
9374	3
9375	1
9376	1
9378	1
9379	2
9380	1
9381	1
9382	2
9385	1
9386	2
9387	1
9389	1
9390	4
9392	1
9393	2
9394	2
9395	1
9397	1
9398	3
9399	1
9401	2
9402	2
9403	2
9405	1
9406	2
9407	1
9409	1
9410	1
9411	1
9412	1
9413	2
9414	2
9415	1
9416	3
9417	1
9418	1
9419	1
9420	1
9421	4
9423	3
9425	1
9426	2
9427	1
9428	1
9429	2
9431	3
9432	2
9433	2
9434	3
9435	2
9437	1
9438	1
9439	1
9440	2
9442	4
9443	1
9445	2
9446	1
9448	2
9452	1
9453	1
9454	3
9455	2
9456	4
9457	1
9458	2
9459	3
9460	2
9461	2
9462	1
9464	1
9465	1
9466	1
9467	1
9468	1
9469	1
9470	2
9473	1
9474	2
9476	2
9477	1
9479	1
9480	3
9482	1
9483	1
9485	4
9486	4
9487	1
9488	1
9489	2
9491	2
9492	2
9493	3
9495	2
9496	1
9497	1
9498	2
9499	3
9500	1
9501	1
9503	3
9504	3
9506	4
9507	1
9509	1
9510	1
9511	3
9512	2
9513	2
9514	4
9517	3
9521	1
9522	2
9525	1
9526	1
9527	2
9528	4
9529	1
9533	2
9535	1
9536	1
9537	1
9538	1
9539	3
9540	1
9541	1
9542	1
9543	1
9545	1
9546	2
9547	3
9548	2
9549	4
9550	2
9551	1
9552	2
9554	3
9557	3
9558	3
9559	1
9560	4
9561	1
9563	2
9564	1
9567	1
9568	1
9569	1
9572	3
9573	1
9575	4
9576	1
9577	1
9578	2
9579	2
9581	1
9582	2
9583	1
9584	1
9586	2
9587	1
9589	1
9590	1
9591	1
9592	1
9594	3
9595	2
9596	3
9597	1
9598	1
9599	2
9603	2
9604	2
9605	1
9607	1
9609	2
9610	1
9612	4
9613	2
9614	1
9615	3
9616	2
9617	2
9618	1
9622	3
9628	2
9629	1
9632	5
9633	3
9634	4
9636	2
9637	2
9638	1
9639	1
9640	1
9641	1
9643	2
9645	2
9646	3
9647	1
9648	5
9649	2
9651	4
9652	1
9653	3
9654	1
9655	1
9656	1
9657	2
9659	2
9660	2
9661	5
9662	1
9663	1
9664	2
9665	2
9666	2
9667	2
9668	2
9669	1
9670	2
9671	1
9672	1
9673	1
9674	2
9678	1
9679	1
9680	2
9681	1
9682	1
9683	3
9684	1
9685	1
9686	1
9687	1
9688	1
9689	1
9690	1
9692	3
9695	2
9696	3
9697	1
9698	1
9699	1
9700	2
9701	1
9703	2
9704	2
9705	3
9707	4
9710	3
9711	3
9712	1
9713	2
9715	3
9716	1
9718	1
9719	3
9720	3
9721	1
9724	2
9725	1
9726	2
9727	1
9728	1
9730	2
9731	2
9732	1
9733	3
9734	3
9735	1
9737	2
9738	3
9739	2
9741	2
9743	2
9744	1
9745	1
9746	1
9750	1
9751	1
9752	4
9754	4
9755	1
9758	2
9761	1
9763	1
9764	2
9765	1
9767	1
9768	2
9769	3
9770	1
9771	2
9774	1
9775	1
9776	2
9777	3
9778	3
9779	1
9780	1
9782	4
9784	1
9789	2
9790	1
9791	2
9792	2
9793	3
9794	1
9795	2
9796	1
9797	2
9798	3
9799	1
9800	1
9801	2
9802	3
9804	2
9805	1
9807	2
9808	4
9809	4
9810	2
9812	1
9813	3
9814	1
9815	1
9816	2
9818	2
9819	1
9821	2
9822	5
9823	1
9824	1
9826	2
9827	1
9828	2
9829	1
9830	1
9831	1
9832	1
9833	2
9835	1
9836	2
9837	4
9839	2
9840	1
9841	2
9843	1
9844	2
9846	1
9847	1
9848	1
9849	1
9850	1
9851	2
9852	1
9853	1
9854	1
9855	1
9856	2
9857	1
9858	3
9859	4
9862	1
9863	2
9864	2
9865	3
9866	1
9867	2
9869	1
9870	1
9871	3
9873	1
9874	5
9875	1
9877	3
9880	4
9881	1
9882	2
9885	1
9886	3
9887	2
9889	1
9890	2
9891	1
9894	3
9895	1
9897	2
9898	1
9899	2
9900	2
9901	1
9904	1
9905	2
9906	1
9907	2
9908	2
9910	2
9911	1
9912	1
9913	2
9914	1
9915	2
9916	2
9917	1
9918	3
9919	2
9921	1
9922	4
9923	1
9925	2
9926	2
9928	4
9929	2
9930	2
9932	1
9933	4
9936	1
9937	1
9938	1
9939	2
9940	1
9941	1
9942	2
9943	2
9944	3
9945	1
9946	2
9947	1
9948	2
9949	1
9950	1
9952	1
9953	3
9957	2
9959	1
9960	1
9961	2
9963	1
9964	1
9965	4
9966	3
9967	1
9968	1
9971	1
9972	1
9973	1
9974	2
9975	2
9977	1
9978	4
9979	1
9980	1
9983	1
9984	1
9985	1
9986	1
9988	1
9989	3
9990	3
9991	2
9992	1
9993	1
9994	1
9995	1
9996	1
9998	3
9999	1
10000	2
10001	2
10002	2
10004	1
10006	2
10007	1
10010	2
10011	1
10012	2
10015	1
10016	1
10017	3
10018	2
10019	1
10020	1
10021	1
10022	1
10023	3
10024	2
10025	3
10026	2
10028	2
10030	2
10031	2
10032	2
10033	1
10036	1
10037	1
10038	2
10039	1
10040	2
10041	3
10042	2
10044	4
10045	3
10046	1
10047	1
10048	1
10049	2
10050	1
10051	2
10053	1
10054	2
10057	3
10059	4
10061	1
10062	1
10063	1
10064	2
10065	2
10066	1
10069	1
10070	1
10073	1
10074	1
10076	1
10077	3
10078	2
10079	4
10080	1
10082	1
10083	2
10084	1
10085	1
10087	1
10088	1
10089	1
10091	2
10092	2
10096	3
10098	1
10099	2
10100	1
10101	2
10103	1
10106	2
10107	1
10108	2
10109	3
10110	3
10111	1
10112	4
10113	1
10114	2
10116	2
10117	2
10119	2
10121	1
10122	1
10123	1
10124	1
10125	2
10126	2
10127	6
10128	1
10129	3
10130	1
10131	3
10132	1
10133	3
10135	1
10136	2
10137	1
10138	2
10139	1
10140	1
10141	1
10142	2
10146	1
10147	2
10148	5
10149	2
10151	3
10152	2
10153	3
10154	2
10156	2
10157	4
10159	1
10161	1
10162	2
10163	4
10165	1
10166	1
10167	3
10168	1
10169	2
10170	2
10171	3
10172	4
10174	4
10176	2
10177	2
10183	1
10185	2
10186	1
10187	3
10188	1
10189	1
10190	1
10191	1
10194	1
10196	1
10199	2
10203	3
10205	1
10206	2
10207	1
10208	2
10209	1
10212	1
10213	1
10216	3
10217	2
10219	2
10221	1
10222	1
10223	4
10224	1
10225	2
10226	2
10227	1
10229	1
10230	1
10231	1
10232	1
10233	2
10234	1
10236	1
10237	1
10238	2
10239	2
10240	1
10243	1
10244	2
10246	2
10248	1
10249	1
10250	2
10251	1
10254	1
10255	1
10256	2
10257	1
10258	1
10259	1
10260	1
10261	1
10263	3
10264	1
10265	1
10268	1
10269	2
10271	2
10272	2
10274	2
10275	3
10277	2
10278	2
10279	2
10280	1
10281	2
10283	3
10285	1
10287	2
10288	3
10290	1
10291	1
10292	1
10293	3
10294	5
10297	2
10299	2
10300	1
10301	1
10304	2
10305	2
10307	2
10309	1
10311	1
10312	1
10313	1
10316	3
10317	1
10318	2
10319	1
10320	2
10321	3
10323	1
10324	1
10325	2
10328	1
10329	1
10330	1
10331	1
10334	2
10336	1
10337	4
10338	1
10340	1
10342	3
10344	1
10345	2
10346	2
10347	1
10348	1
10350	1
10351	1
10352	1
10353	2
10354	3
10355	2
10356	1
10357	2
10363	2
10364	2
10365	1
10367	1
10368	1
10369	1
10371	3
10372	1
10373	2
10374	2
10375	1
10377	1
10378	1
10379	1
10381	1
10382	3
10383	1
10384	2
10385	2
10386	2
10387	1
10388	2
10389	3
10390	4
10391	1
10392	1
10393	2
10394	1
10395	2
10398	1
10399	1
10400	4
10401	1
10402	1
10404	2
10406	1
10407	1
10408	3
10410	1
10411	3
10413	3
10414	3
10418	2
10420	1
10422	1
10423	2
10426	1
10427	4
10428	3
10429	1
10430	1
10431	1
10433	2
10434	2
10435	1
10436	1
10438	2
10439	2
10440	1
10443	2
10447	1
10449	1
10450	1
10452	3
10453	5
10454	1
10455	1
10456	1
10457	1
10458	3
10460	2
10461	1
10462	2
10464	1
10465	1
10466	1
10467	1
10469	3
10470	1
10471	1
10472	1
10473	1
10474	1
10476	1
10477	1
10478	2
10479	1
10480	2
10481	2
10482	1
10483	2
10485	2
10487	2
10488	1
10489	1
10490	1
10491	2
10493	1
10495	1
10496	1
10497	2
10499	1
10501	2
10502	1
10503	2
10504	1
10505	3
10507	2
10510	1
10511	1
10512	1
10513	1
10516	2
10517	1
10519	1
10520	1
10521	3
10523	1
10525	1
10527	1
10529	1
10530	1
10532	1
10533	1
10536	2
10537	2
10538	2
10539	1
10540	2
10541	2
10542	1
10543	2
10544	1
10545	1
10546	2
10550	2
10551	2
10555	1
10556	1
10557	1
10559	3
10560	1
10562	1
10564	1
10565	1
10566	2
10567	3
10569	1
10570	1
10572	2
10573	1
10574	1
10575	1
10576	2
10577	1
10578	2
10579	2
10581	4
10584	2
10585	3
10587	1
10588	1
10589	1
10590	2
10591	1
10593	2
10594	1
10595	1
10599	2
10601	2
10602	2
10603	2
10606	1
10607	2
10608	2
10610	2
10614	1
10617	1
10618	1
10619	3
10620	2
10621	1
10622	3
10625	2
10626	3
10627	2
10628	1
10629	1
10630	1
10631	1
10632	2
10633	3
10636	1
10637	1
10638	1
10639	1
10640	1
10641	1
10642	2
10643	1
10645	1
10646	3
10648	3
10649	1
10650	1
10651	2
10652	1
10654	1
10656	1
10658	1
10659	2
10660	3
10663	1
10664	2
10665	3
10670	1
10675	2
10677	1
10678	2
10679	1
10680	1
10682	3
10685	2
10686	1
10689	1
10690	1
10692	2
10693	1
10695	2
10697	1
10698	2
10699	1
10700	1
10702	3
10705	2
10706	2
10707	3
10708	1
10709	1
10714	1
10715	1
10716	1
10717	1
10719	2
10720	2
10721	2
10722	1
10725	3
10728	1
10731	1
10732	3
10733	1
10734	1
10736	1
10738	1
10740	2
10741	1
10742	2
10743	2
10744	1
10745	1
10749	2
10751	1
10753	1
10754	1
10756	1
10759	1
10760	2
10762	2
10763	1
10766	1
10768	2
10769	3
10772	2
10774	2
10775	1
10776	2
10781	1
10784	1
10785	2
10786	3
10788	2
10789	1
10791	1
10792	1
10793	1
10795	2
10797	1
10799	1
10800	2
10802	1
10804	1
10808	1
10809	1
10810	1
10812	1
10813	1
10814	3
10815	4
10817	1
10819	1
10820	1
10821	3
10824	2
10825	2
10826	1
10827	4
10829	1
10833	1
10834	1
10835	1
10838	2
10842	1
10843	3
10844	1
10845	1
10846	1
10847	2
10850	2
10851	2
10852	1
10853	1
10854	2
10856	2
10857	1
10858	1
10859	1
10861	1
10863	1
10867	1
10868	1
10869	3
10871	2
10873	3
10875	1
10876	4
10877	1
10878	1
10880	2
10883	2
10884	1
10887	1
10888	3
10889	1
10890	2
10891	3
10892	3
10893	1
10894	2
10896	1
10898	1
10901	1
10902	1
10904	2
10906	1
10908	2
10909	3
10910	1
10911	2
10912	1
10913	1
10917	1
10918	2
10921	2
10922	2
10923	2
10925	1
10926	1
10927	1
10928	1
10933	1
10934	1
10935	3
10937	2
10939	1
10941	1
10942	2
10943	3
10944	1
10950	1
10951	1
10952	1
10953	1
10955	2
10956	1
10957	1
10962	1
10964	1
10965	1
10966	1
10970	2
10971	1
10972	1
10973	1
10977	2
10978	2
10981	3
10983	3
10985	2
10986	2
10987	4
10988	1
10989	1
10990	2
10992	1
10996	1
10998	3
10999	3
11000	2
11001	1
11002	1
11003	1
11004	2
11005	1
11011	2
11012	1
11015	1
11017	1
11020	1
11022	1
11023	1
11025	2
11029	1
11031	5
11033	1
11036	1
11037	3
11041	1
11042	2
11045	1
11047	1
11049	2
11050	1
11056	3
11063	1
11064	1
11066	2
11069	2
11071	2
11072	2
11073	1
11074	1
11075	1
11076	1
11079	1
11080	1
11082	1
11083	1
11084	1
11086	1
11090	1
11091	1
11093	1
11094	2
11099	1
11100	1
11101	1
11103	1
11104	1
11107	2
11109	2
11110	1
11111	1
11112	1
11113	1
11116	1
11119	1
11120	3
11121	1
11124	3
11126	1
11127	1
11128	3
11129	1
11131	1
11134	1
11135	4
11137	2
11138	1
11140	1
11141	1
11142	1
11143	1
11144	1
11145	1
11148	1
11149	3
11150	1
11151	1
11154	2
11157	1
11158	1
11159	1
11161	1
11163	2
11164	1
11167	3
11168	1
11169	1
11171	1
11172	1
11173	4
11174	4
11176	2
11177	2
11179	1
11181	1
11182	1
11184	1
11186	1
11188	2
11191	1
11194	1
11195	1
11197	1
11200	3
11201	1
11204	2
11207	2
11208	1
11209	1
11210	1
11212	1
11213	1
11214	1
11216	1
11218	1
11219	1
11220	1
11221	3
11222	1
11223	2
11225	1
11228	2
11230	2
11231	1
11232	1
11235	3
11236	1
11237	3
11240	1
11241	2
11242	1
11243	1
11244	1
11246	1
11249	2
11250	1
11251	1
11253	1
11254	2
11256	2
11260	1
11262	1
11264	2
11269	1
11270	2
11272	1
11274	2
11275	1
11276	1
11278	1
11279	1
11280	2
11281	1
11282	1
11283	1
11284	1
11285	1
11288	1
11293	1
11295	1
11297	1
11298	2
11299	1
11300	1
11301	1
11303	1
11304	1
11305	2
11306	3
11310	1
11311	1
11313	2
11314	2
11316	1
11318	2
11326	1
11327	1
11329	2
11331	1
11332	2
11333	1
11334	2
11337	2
11339	1
11340	1
11341	1
11342	1
11343	1
11345	1
11348	1
11349	1
11350	1
11351	1
11352	1
11353	1
11355	3
11358	2
11359	2
11360	1
11363	1
11364	2
11365	2
11366	1
11367	1
11370	1
11371	2
11372	1
11375	1
11376	1
11377	1
11378	1
11381	2
11382	1
11384	1
11388	1
11389	2
11391	1
11393	2
11394	2
11395	1
11396	1
11398	2
11399	1
11402	2
11406	1
11407	1
11412	3
11414	1
11416	2
11418	1
11419	1
11422	1
11424	1
11426	2
11427	1
11435	1
11436	1
11439	2
11440	1
11442	1
11449	2
11450	1
11451	1
11452	1
11453	1
11454	2
11455	1
11456	1
11457	2
11466	4
11467	2
11469	1
11470	3
11471	1
11472	2
11474	2
11475	1
11476	2
11478	1
11480	3
11482	1
11483	1
11484	2
11485	1
11486	1
11489	2
11490	1
11491	1
11492	1
11495	2
11497	1
11498	2
11499	1
11501	1
11503	1
11505	2
11508	1
11509	1
11510	1
11513	1
11517	1
11520	1
11524	1
11525	1
11528	1
11530	1
11533	1
11534	2
11535	1
11536	1
11537	2
11538	2
11539	2
11540	2
11541	2
11546	1
11550	1
11551	1
11552	1
11553	2
11554	1
11555	1
11558	1
11564	1
11565	2
11566	1
11567	1
11572	2
11576	1
11577	2
11578	2
11579	1
11583	2
11584	1
11590	2
11595	1
11596	2
11597	3
11598	1
11599	1
11601	1
11604	1
11605	1
11607	1
11612	1
11613	3
11614	1
11615	1
11617	2
11619	1
11620	1
11624	2
11625	1
11632	3
11635	2
11636	1
11637	1
11639	1
11645	2
11646	3
11648	1
11649	1
11654	2
11655	1
11660	1
11661	1
11663	1
11665	1
11666	2
11667	1
11668	2
11669	1
11670	1
11672	1
11673	1
11674	2
11675	2
11678	1
11679	1
11680	3
11681	1
11683	1
11684	2
11685	1
11686	2
11688	2
11692	1
11694	1
11695	1
11696	1
11697	1
11698	1
11701	1
11702	1
11703	2
11704	1
11705	1
11706	1
11707	4
11708	1
11710	3
11711	1
11713	1
11714	2
11717	1
11720	1
11724	3
11725	1
11728	1
11729	2
11731	1
11733	1
11734	1
11736	1
11740	2
11742	1
11744	1
11745	1
11746	1
11750	2
11752	2
11753	1
11754	1
11755	1
11756	1
11757	1
11759	1
11760	1
11761	1
11764	1
11769	1
11773	1
11774	1
11775	1
11776	1
11777	1
11780	1
11781	1
11782	1
11784	1
11787	1
11788	1
11793	2
11797	2
11798	2
11799	1
11803	1
11808	3
11809	2
11810	1
11811	1
11813	1
11814	1
11818	1
11819	1
11826	1
11829	2
11830	2
11832	1
11833	1
11834	1
11835	2
11836	2
11837	1
11839	1
11842	1
11843	3
11844	2
11845	1
11849	1
11855	3
11859	1
11860	2
11861	1
11864	2
11866	1
11870	1
11871	1
11874	1
11875	1
11876	3
11877	2
11881	1
11882	4
11884	1
11886	1
11891	2
11893	1
11896	1
11898	1
11899	2
11900	1
11901	3
11902	1
11905	1
11906	1
11908	1
11911	1
11912	1
11914	1
11915	2
11919	1
11921	1
11924	1
11925	1
11926	2
11927	1
11930	3
11932	1
11934	1
11935	1
11937	1
11938	1
11939	1
11940	1
11943	1
11944	1
11945	1
11946	1
11951	3
11952	2
11954	1
11956	1
11957	1
11958	1
11959	2
11961	1
11964	1
11966	1
11967	1
11968	1
11969	3
11971	3
11972	1
11974	2
11976	1
11981	1
11987	1
11988	2
11989	1
11991	2
11994	3
12003	1
12006	1
12007	1
12009	1
12011	2
12012	1
12013	2
12015	1
12019	1
12024	2
12027	1
12030	1
12031	1
12033	1
12035	1
12039	1
12042	1
12043	1
12044	1
12045	1
12049	2
12050	3
12052	1
12055	1
12056	1
12057	1
12058	2
12060	1
12061	1
12062	3
12063	1
12064	3
12067	2
12069	4
12072	1
12074	2
12078	1
12081	1
12082	2
12087	1
12090	2
12094	1
12095	1
12097	1
12099	1
12100	1
12103	1
12106	1
12107	1
12109	2
12112	1
12114	1
12116	1
12120	1
12122	1
12128	1
12129	1
12130	2
12131	1
12134	1
12135	1
12138	1
12139	1
12140	1
12142	1
12143	2
12144	2
12146	2
12148	1
12149	1
12150	1
12151	1
12152	1
12153	1
12154	1
12155	1
12156	2
12157	1
12158	1
12159	1
12160	2
12162	1
12163	1
12164	2
12165	1
12166	1
12167	1
12168	1
12169	1
12171	1
12172	1
12173	1
12175	1
12177	2
12179	3
12182	1
12188	2
12191	2
12192	2
12193	1
12194	3
12199	1
12200	2
12201	1
12202	4
12203	1
12205	1
12210	2
12212	1
12213	1
12214	1
12217	1
12218	2
12219	1
12220	2
12221	1
12222	1
12223	1
12224	1
12226	2
12227	1
12228	1
12229	2
12230	1
12232	1
12235	2
12236	1
12237	2
12238	2
12244	1
12245	1
12247	1
12249	1
12251	1
12255	1
12256	2
12257	2
12258	1
12259	1
12264	1
12265	1
12266	1
12268	1
12269	1
12270	2
12273	2
12276	1
12278	1
12279	1
12282	1
12288	1
12289	2
12291	1
12292	2
12295	2
12296	2
12301	1
12302	4
12307	1
12308	1
12310	1
12311	1
12312	1
12314	1
12316	1
12318	1
12319	1
12322	1
12324	1
12327	1
12328	1
12332	1
12335	2
12336	1
12339	2
12343	1
12345	1
12347	1
12349	1
12350	1
12352	1
12354	1
12356	1
12358	2
12360	2
12361	1
12364	1
12365	1
12366	1
12367	1
12368	1
12372	1
12375	1
12376	1
12379	1
12381	1
12383	1
12384	1
12385	1
12386	1
12388	1
12393	1
12395	2
12397	1
12398	2
12399	2
12403	1
12404	2
12405	1
12407	2
12409	2
12410	1
12411	2
12413	1
12415	1
12418	1
12420	2
12422	2
12423	3
12425	2
12431	1
12433	1
12435	1
12437	1
12438	1
12441	2
12445	3
12447	3
12448	2
12450	2
12453	2
12454	1
12458	1
12459	2
12462	1
12463	2
12464	2
12465	2
12467	2
12468	1
12469	1
12470	1
12471	2
12477	4
12478	1
12479	1
12481	1
12482	1
12483	1
12491	1
12493	1
12494	2
12495	2
12496	2
12498	1
12502	1
12504	1
12506	1
12507	2
12509	1
12511	1
12516	1
12517	1
12518	1
12519	1
12520	1
12521	1
12522	3
12524	1
12527	1
12529	2
12534	1
12538	2
12539	2
12541	1
12543	1
12544	1
12547	1
12548	1
12551	2
12553	1
12557	1
12559	1
12560	1
12561	2
12563	1
12564	2
12566	1
12568	1
12570	1
12574	1
12576	1
12580	3
12582	1
12585	1
12586	1
12587	1
12588	1
12595	1
12600	1
12601	1
12602	1
12606	1
12607	1
12608	2
12610	1
12614	2
12615	1
12617	1
12618	1
12619	2
12620	1
12622	1
12623	1
12625	1
12626	1
12630	2
12632	1
12633	1
12635	1
12638	1
12643	2
12644	1
12648	1
12651	1
12653	1
12654	2
12658	1
12659	1
12660	2
12664	1
12665	1
12672	2
12676	1
12677	1
12678	1
12679	1
12681	2
12683	2
12685	2
12688	2
12689	1
12690	1
12693	2
12698	1
12703	1
12707	1
12708	1
12711	1
12717	1
12720	1
12723	1
12726	1
12727	1
12728	1
12729	2
12731	1
12734	1
12735	2
12736	2
12740	1
12741	1
12743	1
12744	1
12748	1
12749	1
12751	1
12752	2
12755	2
12757	3
12759	1
12765	1
12770	2
12772	2
12781	1
12782	1
12783	1
12785	1
12786	1
12787	2
12788	2
12792	2
12796	2
12799	1
12800	1
12802	1
12803	2
12804	1
12805	1
12807	1
12809	1
12816	1
12818	1
12819	3
12821	1
12822	2
12825	1
12831	1
12833	1
12835	1
12840	2
12842	1
12844	1
12846	1
12849	1
12855	1
12858	1
12865	1
12868	1
12869	1
12870	2
12871	1
12873	1
12875	1
12878	1
12884	1
12888	1
12892	1
12893	1
12896	1
12897	1
12898	1
12899	1
12900	1
12902	1
12903	2
12904	1
12907	1
12912	1
12916	2
12922	2
12926	1
12929	2
12933	1
12939	1
12940	2
12943	1
12944	2
12948	1
12952	1
12956	1
12959	1
12960	1
12965	1
12967	2
12968	1
12977	3
12978	2
12979	1
12980	1
12981	1
12982	1
12984	1
12985	2
12986	2
12988	1
12991	1
12992	4
12995	1
12996	3
12997	1
12999	2
13000	1
13002	2
13004	1
13007	1
13011	2
13014	1
13015	1
13016	1
13020	1
13026	1
13034	1
13036	1
13038	1
13040	2
13043	4
13044	1
13052	2
13053	1
13055	1
13060	1
13064	1
13067	2
13069	1
13070	2
13071	1
13079	1
13085	1
13086	1
13088	1
13094	1
13095	3
13097	1
13101	1
13102	1
13105	1
13108	1
13109	1
13110	1
13113	1
13115	1
13116	1
13117	1
13118	2
13119	1
13122	1
13125	1
13127	1
13128	1
13129	2
13133	1
13141	1
13145	1
13151	1
13153	1
13156	1
13165	1
13166	1
13168	1
13169	1
13170	1
13171	2
13173	1
13176	1
13179	1
13180	1
13181	1
13182	1
13188	1
13189	1
13190	1
13191	1
13193	1
13202	1
13204	2
13205	3
13209	3
13211	1
13212	1
13213	1
13214	2
13215	1
13219	1
13220	1
13228	1
13234	1
13235	1
13236	1
13238	1
13240	1
13243	1
13245	1
13246	1
13250	2
13254	1
13255	1
13256	1
13257	2
13260	1
13261	1
13262	1
13263	1
13265	2
13270	1
13272	1
13274	1
13276	1
13280	1
13281	1
13282	1
13283	1
13288	2
13289	1
13294	3
13295	1
13298	1
13300	1
13301	1
13303	2
13308	2
13309	1
13311	3
13315	3
13318	1
13322	1
13326	1
13327	1
13328	1
13335	1
13336	1
13337	1
13340	1
13341	1
13343	3
13352	1
13353	2
13357	1
13363	1
13368	1
13374	1
13375	1
13380	1
13385	1
13386	1
13390	1
13393	1
13394	1
13397	1
13399	1
13402	2
13405	1
13407	2
13409	1
13411	1
13412	1
13417	1
13418	1
13419	1
13422	1
13425	2
13427	1
13428	1
13429	1
13442	1
13444	2
13445	2
13446	1
13447	1
13448	1
13455	1
13460	1
13461	2
13462	1
13463	1
13473	2
13474	2
13477	1
13480	1
13484	1
13485	1
13486	1
13488	2
13489	1
13492	1
13497	1
13503	1
13504	1
13507	2
13513	1
13517	1
13518	1
13519	1
13520	1
13530	1
13531	1
13533	1
13537	1
13539	1
13540	1
13543	1
13544	1
13546	2
13547	1
13548	1
13551	1
13557	2
13561	1
13564	2
13570	2
13573	1
13580	1
13581	1
13584	1
13587	1
13588	1
13590	1
13592	1
13593	2
13601	1
13604	1
13611	2
13617	1
13618	1
13620	1
13623	1
13625	1
13628	1
13630	1
13634	1
13635	1
13639	2
13641	1
13643	1
13647	1
13648	1
13649	1
13651	1
13653	2
13654	1
13655	3
13656	1
13659	1
13662	1
13664	1
13672	1
13673	1
13677	2
13678	2
13679	1
13682	3
13683	1
13684	1
13685	1
13688	2
13691	1
13692	1
13702	2
13703	1
13708	1
13709	2
13713	2
13714	1
13717	1
13726	1
13731	2
13733	1
13737	1
13742	1
13746	1
13753	1
13756	1
13759	1
13766	1
13767	1
13769	1
13770	1
13771	1
13773	1
13775	1
13777	1
13779	1
13786	1
13788	1
13791	1
13793	1
13795	1
13797	1
13801	2
13802	1
13807	2
13810	1
13811	3
13813	1
13818	1
13819	1
13830	1
13831	1
13833	1
13835	1
13838	1
13839	1
13840	1
13841	1
13844	1
13847	3
13848	1
13849	1
13850	1
13852	1
13855	2
13856	1
13859	1
13860	1
13863	1
13867	1
13873	1
13874	1
13875	3
13878	1
13885	1
13886	1
13889	2
13893	1
13896	2
13897	1
13898	1
13900	1
13905	1
13914	1
13917	1
13919	1
13922	1
13924	1
13930	1
13932	1
13936	1
13937	1
13939	1
13940	1
13941	1
13942	3
13944	1
13945	1
13946	1
13949	1
13950	1
13954	2
13961	1
13964	1
13965	1
13966	1
13974	1
13976	1
13977	1
13981	1
13987	1
13990	1
13994	1
13995	1
13998	1
14000	1
14001	2
14003	1
14004	2
14009	2
14011	1
14014	1
14017	1
14025	1
14026	1
14030	1
14035	1
14036	1
14038	3
14041	1
14043	1
14044	1
14045	1
14048	1
14051	1
14055	1
14057	1
14064	1
14066	1
14068	1
14070	1
14074	1
14076	1
14079	1
14082	2
14088	1
14089	1
14091	1
14092	1
14093	1
14095	1
14096	1
14098	2
14099	1
14103	1
14104	2
14110	1
14111	1
14113	1
14117	1
14121	1
14126	1
14136	1
14138	1
14144	1
14145	1
14151	1
14155	1
14160	1
14162	2
14164	2
14169	2
14170	1
14174	2
14175	2
14182	1
14183	1
14186	1
14189	1
14193	2
14197	1
14199	2
14200	1
14208	1
14212	2
14214	1
14216	3
14219	1
14220	1
14224	1
14225	1
14226	1
14230	1
14232	1
14234	1
14240	1
14241	1
14244	1
14246	1
14247	1
14249	1
14253	1
14254	2
14255	1
14258	1
14260	1
14265	1
14266	1
14267	1
14268	2
14269	1
14270	1
14271	1
14281	1
14292	1
14294	1
14296	1
14297	1
14298	1
14300	1
14301	1
14303	1
14306	1
14308	1
14311	2
14318	1
14319	1
14320	1
14321	1
14323	1
14326	1
14337	1
14346	1
14348	1
14349	1
14352	1
14357	1
14359	1
14364	1
14367	1
14372	1
14374	1
14376	1
14377	1
14383	1
14386	1
14391	1
14393	1
14396	1
14402	1
14403	1
14404	1
14405	1
14413	1
14417	1
14419	1
14421	2
14423	1
14425	1
14426	1
14427	1
14429	1
14430	1
14431	1
14441	1
14448	1
14450	2
14454	2
14458	1
14460	1
14461	2
14462	1
14466	1
14468	1
14475	1
14478	1
14479	2
14481	2
14485	1
14496	1
14503	1
14508	1
14509	1
14516	1
14517	1
14523	1
14525	1
14529	1
14530	2
14534	1
14536	3
14538	2
14540	1
14549	2
14553	2
14554	2
14555	1
14568	1
14570	2
14573	1
14574	1
14577	2
14581	1
14587	2
14589	1
14591	1
14597	1
14603	1
14604	1
14605	1
14606	1
14608	1
14610	1
14614	1
14621	1
14622	1
14623	2
14626	1
14630	2
14631	1
14632	1
14634	2
14636	1
14637	1
14638	1
14639	1
14646	1
14647	1
14650	1
14657	1
14660	1
14673	1
14676	1
14682	1
14686	1
14687	1
14688	2
14689	1
14691	1
14705	1
14713	1
14721	1
14722	1
14723	1
14726	1
14732	1
14735	1
14736	1
14743	1
14744	1
14748	1
14749	1
14750	1
14767	1
14768	1
14778	1
14785	1
14799	1
14800	1
14802	1
14803	1
14808	1
14809	1
14810	1
14811	1
14813	1
14814	2
14815	1
14820	1
14823	1
14829	1
14830	1
14831	2
14837	1
14840	1
14842	1
14843	1
14846	1
14858	2
14861	2
14862	1
14866	1
14873	1
14874	1
14877	1
14881	1
14885	1
14887	1
14888	1
14890	1
14891	2
14892	1
14893	1
14894	1
14899	2
14900	1
14902	1
14904	1
14910	2
14916	2
14924	1
14925	1
14926	2
14928	1
14941	2
14943	2
14944	3
14947	1
14949	2
14951	1
14952	1
14955	1
14959	1
14963	1
14966	2
14967	2
14971	1
14973	1
14981	2
14985	1
14986	1
14989	1
14990	1
14996	1
14997	1
14999	1
15004	2
15007	2
15009	1
15013	1
15019	1
15026	1
15028	1
15030	1
15036	1
15041	1
15047	1
15050	1
15059	1
15060	1
15066	1
15067	1
15073	1
15075	1
15080	1
15082	1
15086	1
15089	1
15097	2
15099	2
15103	3
15105	1
15107	1
15108	1
15113	1
15115	1
15117	1
15123	1
15133	1
15136	3
15137	1
15139	1
15146	1
15151	1
15152	1
15157	1
15159	1
15160	1
15163	2
15164	1
15165	1
15174	1
15184	1
15186	2
15188	2
15197	1
15200	2
15202	1
15204	1
15205	1
15206	1
15209	1
15211	1
15212	3
15213	1
15222	1
15230	1
15232	1
15234	1
15241	3
15244	1
15246	1
15248	1
15251	1
15255	2
15259	2
15266	1
15267	1
15268	1
15275	1
15282	1
15286	1
15293	1
15300	1
15304	1
15312	1
15320	2
15321	1
15322	1
15325	1
15326	2
15329	1
15331	1
15335	1
15337	1
15338	1
15339	1
15340	1
15348	1
15352	1
15353	1
15359	1
15363	1
15368	1
15369	1
15372	1
15373	1
15375	2
15377	1
15388	1
15395	2
15398	1
15400	2
15401	1
15403	1
15405	1
15406	1
15420	1
15427	1
15432	1
15434	1
15436	1
15438	1
15441	1
15442	2
15443	1
15444	1
15446	1
15448	1
15450	1
15452	1
15453	1
15455	2
15458	1
15460	1
15461	1
15468	1
15469	1
15485	1
15487	1
15489	1
15492	1
15499	1
15510	1
15512	1
15521	2
15523	1
15525	1
15532	1
15541	1
15542	1
15544	1
15549	1
15561	1
15564	1
15565	1
15566	1
15571	1
15572	1
15574	1
15576	2
15579	1
15581	2
15586	1
15602	1
15610	1
15611	1
15616	1
15618	1
15642	1
15643	1
15649	1
15650	1
15655	1
15658	2
15659	1
15660	1
15662	2
15666	1
15675	1
15677	1
15685	1
15690	1
15691	2
15706	2
15710	1
15719	2
15720	2
15722	1
15740	2
15741	1
15742	1
15748	1
15749	1
15751	2
15755	1
15764	1
15778	1
15785	1
15786	1
15790	2
15792	1
15795	1
15802	1
15817	1
15833	1
15837	1
15841	1
15843	1
15849	1
15855	1
15856	1
15859	1
15869	1
15872	1
15886	2
15893	1
15908	3
15910	1
15918	1
15921	1
15928	1
15930	1
15931	1
15940	1
15947	1
15948	2
15949	1
15951	1
15954	2
15956	1
15958	1
15963	1
15964	1
15965	1
15968	1
15972	1
15989	2
15997	1
16008	1
16009	1
16015	1
16024	1
16029	1
16034	1
16045	1
16046	1
16049	1
16050	2
16055	1
16059	2
16066	1
16067	1
16074	1
16080	1
16089	1
16092	1
16097	1
16099	1
16104	1
16116	1
16122	1
16123	1
16127	1
16131	1
16136	1
16139	2
16148	2
16150	1
16157	2
16165	1
16168	1
16171	1
16175	1
16191	1
16193	1
16197	2
16221	1
16235	2
16237	1
16244	1
16252	2
16253	1
16256	1
16257	2
16258	1
16260	1
16262	1
16271	1
16273	1
16282	1
16284	1
16291	1
16295	1
16299	1
16300	2
16301	1
16310	1
16325	1
16334	1
16337	1
16338	2
16339	3
16348	1
16351	1
16352	1
16358	1
16360	1
16368	1
16371	2
16375	1
16376	1
16377	1
16382	1
16387	1
16394	1
16395	1
16401	1
16402	1
16406	1
16410	1
16412	1
16417	1
16429	2
16432	1
16438	3
16443	1
16444	1
16453	1
16459	3
16475	1
16483	1
16492	1
16500	1
16502	1
16507	1
16509	1
16514	1
16516	1
16521	1
16528	1
16529	1
16530	1
16531	1
16539	1
16544	1
16546	2
16560	2
16562	3
16563	1
16569	1
16570	2
16573	2
16581	1
16582	2
16589	1
16602	1
16611	1
16614	1
16617	1
16619	1
16625	1
16630	1
16645	2
16646	1
16647	1
16651	1
16657	1
16658	2
16663	1
16670	2
16671	2
16683	1
16690	1
16696	1
16702	1
16707	2
16725	1
16740	1
16751	1
16753	1
16755	1
16759	1
16764	2
16773	1
16776	1
16782	2
16818	1
16822	1
16837	1
16841	1
16850	1
16852	1
16863	1
16868	1
16871	1
16879	1
16883	1
16887	1
16888	1
16889	1
16895	1
16908	1
16911	1
16914	1
16915	1
16925	1
16930	1
16931	1
16940	1
16942	1
16946	1
16948	1
16950	1
16951	1
16956	1
16965	1
16972	1
16991	1
16993	1
16995	1
16996	1
16998	1
17005	1
17006	1
17019	1
17024	1
17028	3
17036	1
17040	1
17049	1
17051	1
17059	1
17064	1
17067	1
17068	1
17075	1
17090	1
17092	1
17102	1
17111	1
17124	1
17127	1
17132	1
17133	1
17136	2
17140	1
17163	1
17171	1
17176	1
17177	1
17181	1
17182	1
17183	2
17202	1
17204	1
17209	2
17213	1
17219	1
17226	1
17231	1
17232	1
17234	1
17259	1
17261	1
17262	1
17264	1
17270	1
17283	1
17290	1
17294	2
17297	1
17298	2
17304	1
17317	1
17319	1
17325	1
17329	1
17339	1
17349	1
17350	1
17359	1
17374	1
17381	1
17388	1
17401	1
17402	1
17419	1
17425	1
17426	1
17442	1
17450	1
17453	2
17455	1
17456	1
17472	1
17482	1
17489	1
17494	2
17497	1
17507	1
17509	1
17510	1
17513	1
17516	1
17518	1
17524	1
17525	1
17528	1
17531	1
17539	1
17547	1
17553	1
17557	1
17560	1
17567	1
17570	1
17573	1
17582	1
17585	1
17587	1
17598	1
17601	1
17606	1
17607	1
17646	1
17655	1
17671	1
17674	1
17679	1
17684	1
17703	1
17704	2
17709	1
17713	2
17716	1
17717	1
17725	1
17726	1
17736	1
17737	1
17743	1
17756	1
17771	1
17773	1
17784	1
17788	1
17792	1
17797	1
17798	1
17815	1
17818	1
17820	1
17826	1
17831	1
17833	1
17834	1
17848	1
17856	1
17858	1
17875	1
17920	1
17923	1
17930	1
17936	1
17937	1
17939	1
17941	1
17947	1
17966	1
17993	1
18000	1
18002	1
18006	1
18010	1
18026	1
18029	1
18034	1
18038	1
18046	1
18047	1
18059	1
18060	1
18075	1
18081	1
18087	1
18091	1
18092	2
18098	1
18100	1
18126	1
18165	1
18168	1
18171	1
18175	1
18186	1
18200	1
18209	1
18210	1
18244	1
18245	2
18257	1
18261	1
18267	1
18286	1
18287	1
18290	1
18296	1
18298	1
18303	1
18307	1
18326	1
18342	1
18348	1
18354	1
18361	1
18364	1
18371	1
18381	1
18384	1
18385	1
18392	1
18396	1
18398	1
18426	1
18428	1
18431	1
18443	1
18454	1
18456	2
18464	1
18472	1
18485	1
18492	1
18495	1
18511	1
18520	1
18530	1
18533	1
18535	1
18536	1
18539	1
18542	1
18547	1
18561	1
18565	1
18587	1
18608	1
18638	1
18647	1
18658	2
18664	1
18665	1
18668	1
18678	1
18695	1
18697	1
18701	1
18705	1
18706	1
18723	1
18728	1
18735	1
18739	1
18764	1
18800	1
18813	1
18819	1
18831	1
18832	1
18833	1
18846	1
18870	1
18880	1
18884	1
18885	1
18908	1
18909	1
18917	1
18921	1
18922	1
18924	1
18926	1
18931	1
18941	1
18944	1
18948	1
18962	1
18982	1
18987	1
18990	1
18992	1
18999	1
19006	1
19014	1
19016	1
19020	1
19022	1
19030	1
19041	1
19042	2
19049	1
19051	1
19055	1
19065	1
19066	1
19091	1
19100	1
19106	1
19137	1
19146	1
19151	1
19155	1
19157	1
19171	1
19179	1
19187	1
19195	2
19214	1
19229	1
19231	1
19255	1
19257	1
19272	1
19282	2
19289	1
19292	1
19303	1
19319	1
19332	1
19334	1
19356	1
19363	1
19368	1
19372	1
19378	1
19386	1
19401	2
19406	1
19417	1
19423	1
19444	1
19445	1
19452	1
19455	1
19476	1
19478	1
19479	1
19500	1
19504	1
19510	1
19513	1
19516	1
19534	1
19567	1
19574	1
19576	1
19607	2
19609	1
19611	1
19612	1
19613	1
19617	1
19627	1
19633	1
19638	1
19666	1
19731	1
19737	1
19756	1
19757	1
19785	1
19791	1
19814	1
19827	1
19835	1
19839	1
19841	1
19845	2
19879	1
19898	1
19899	1
19902	1
19917	1
19920	1
19928	1
19955	1
19969	1
19984	1
19987	1
20003	1
20044	1
20049	1
20075	1
20081	1
20083	1
20123	1
20161	1
20220	1
20224	1
20234	1
20237	1
20254	1
20282	1
20318	1
20323	1
20342	1
20418	1
20422	1
20441	1
20452	1
20461	1
20517	1
20527	1
20539	1
20547	1
20550	1
20558	1
20559	1
20561	1
20580	1
20596	1
20608	1
20638	1
20652	1
20655	1
20667	1
20674	1
20697	1
20705	1
20717	1
20721	1
20725	1
20726	1
20727	1
20741	1
20747	1
20772	1
20796	1
20807	1
20815	1
20816	1
20823	1
20831	2
20833	1
20836	1
20840	1
20842	1
20857	1
20861	1
20863	1
20871	1
20875	1
20880	1
20890	1
20896	1
20916	1
20944	1
20946	1
20952	1
20964	1
20965	1
20995	1
21006	1
21009	1
21013	1
21016	1
21069	1
21074	1
21097	1
21139	1
21141	1
21149	1
21177	1
21186	1
21189	1
21227	1
21232	1
21246	1
21247	1
21251	1
21278	1
21281	1
21283	1
21299	1
21305	1
21312	1
21322	1
21367	1
21369	1
21375	1
21390	1
21412	1
21419	1
21451	1
21480	1
21490	1
21492	1
21498	1
21502	1
21526	1
21530	1
21534	1
21554	1
21569	1
21575	1
21580	1
21584	1
21610	1
21656	1
21665	1
21677	1
21681	1
21692	1
21693	1
21729	1
21809	1
21860	1
21863	1
21896	1
21898	1
21920	1
21964	1
21965	1
21988	1
22000	1
22001	1
22009	1
22020	1
22021	1
22028	1
22052	1
22099	1
22119	1
22237	1
22240	1
22245	1
22338	1
22377	1
22382	1
22404	1
22433	1
22482	1
22500	1
22509	1
22601	1
22616	1
22638	1
22649	1
22657	1
22666	1
22667	1
22672	1
22743	1
22755	1
22782	2
22876	1
22893	1
22894	1
22911	1
22926	1
22968	1
22971	1
23000	1
23018	1
23056	1
23098	1
23155	1
23192	1
23193	1
23253	1
23320	1
23326	1
23375	1
23381	1
23441	1
23455	1
23464	1
23484	1
23493	1
23519	1
23559	1
23568	1
23574	1
23589	1
23628	1
23670	1
23671	1
23675	1
23714	1
23799	1
23906	1
23958	1
24006	1
24009	1
24011	1
24017	1
24034	1
24073	1
24125	1
24154	1
24160	1
24195	1
24219	1
24242	1
24280	1
24299	1
24320	1
24373	1
24399	1
24400	1
24445	1
24457	1
24487	1
24495	1
24522	1
24523	1
24584	1
24592	1
24637	1
24693	1
24703	1
24705	1
24720	1
24744	1
24769	1
24775	1
24851	1
24871	1
24913	2
24940	1
24950	1
25001	1
25012	1
25058	1
25074	1
25110	1
25142	1
25143	1
25174	1
25205	1
25214	1
25221	1
25224	1
25233	1
25239	1
25285	1
25301	1
25338	1
25393	1
25433	1
25462	1
25487	1
25535	1
25557	1
25640	1
25671	1
25731	1
25742	1
25762	1
25865	1
25881	1
25905	1
25972	1
25996	1
26032	1
26037	1
26038	1
26065	1
26069	1
26174	1
26205	1
26260	1
26297	1
26319	1
26411	1
26414	1
26453	1
26470	1
26511	1
26513	1
26628	1
26650	1
26825	1
26877	1
26892	1
26894	1
26906	1
26964	1
27102	1
27218	1
27273	1
27297	1
27299	1
27349	1
27459	1
27521	1
27637	1
27694	1
27736	1
27761	1
27890	1
27931	1
27961	1
28027	1
28139	1
28165	1
28217	1
28263	1
28326	1
28422	1
28460	1
28463	1
28474	1
28524	1
28528	1
28530	1
28665	1
28859	1
29001	1
29182	1
29183	1
29196	1
29245	1
29283	1
29322	1
29349	1
29432	1
29495	1
29509	1
29542	1
29557	1
29621	1
29763	1
29892	1
29940	1
29953	1
30180	1
30348	1
30382	1
30398	1
30574	1
30654	1
30677	1
30881	1
30939	1
31079	1
31104	1
31477	1
31546	1
31713	1
31836	1
31857	1
32291	1
32345	1
32354	1
32389	1
32485	1
32568	1
32662	1
32779	1
33121	1
33131	1
33196	1
33365	1
33831	1
34266	1
34965	1
35093	1
35488	1
35572	1
35806	1
35817	1
36306	1
36469	1
36585	1
36844	1
37102	1
37202	1
37373	1
37375	1
37404	1
37449	1
37899	1
38509	1
38624	1
38724	1
38852	1
39065	1
39341	1
39514	1
39807	1
40065	1
41016	1
42612	1
43465	1
44442	1
45166	1
46140	1
46480	1
47013	1
47556	1
47633	1
48052	1
48442	1
49799	1
54980	1
55055	1
55186	1
57670	1
58167	1
60744	1
61170	1
61983	1
63062	1
66118	1
67486	1
72081	1
79357	1
94189	1
94426	1
95292	1
104422	1
105375	1
119114	1
128356	1
128829	1
129251	1
3007122	1
