fragment_length	frequency
82	2
83	1
84	1
85	1
86	1
88	1
89	1
91	1
98	1
99	1
100	1
101	1
113	1
115	1
117	1
121	1
122	1
128	1
132	1
145	1
146	1
152	1
158	2
161	1
164	1
166	1
173	1
185	1
189	1
195	1
197	1
201	1
208	1
210	1
216	4
223	1
226	1
229	1
239	1
240	1
243	1
247	1
250	1
251	1
256	1
257	1
267	1
268	1
269	2
272	1
274	1
276	1
278	2
294	1
296	1
298	1
306	1
308	1
310	1
315	1
327	1
330	2
334	1
340	1
347	1
348	1
351	1
356	2
362	1
368	1
369	1
371	1
375	1
377	1
380	1
381	1
384	1
394	1
395	1
399	1
402	2
410	1
411	1
418	1
420	1
424	1
427	1
429	1
430	1
439	1
456	1
457	1
462	1
466	1
468	1
477	1
485	1
487	1
488	1
499	1
501	1
503	1
512	1
515	1
516	2
517	1
519	1
524	1
525	1
530	1
531	1
538	1
543	1
548	1
549	1
550	1
554	1
559	1
561	1
563	2
575	1
585	1
599	2
600	1
611	1
617	1
620	1
622	1
627	1
642	1
648	1
657	1
660	1
682	1
692	1
699	1
714	1
717	1
724	1
731	1
743	1
744	1
746	1
753	1
757	1
758	2
765	1
767	1
775	1
776	1
795	1
810	2
815	1
834	1
849	1
851	1
854	1
880	1
893	1
896	1
898	1
906	1
919	1
925	1
937	1
946	1
948	1
959	1
960	1
969	1
971	1
992	1
994	2
1000	1
1003	2
1023	1
1029	1
1038	1
1043	1
1053	1
1074	1
1075	1
1092	1
1105	1
1107	2
1109	1
1119	1
1120	1
1128	1
1129	1
1132	1
1136	1
1145	2
1147	1
1152	1
1163	1
1166	1
1171	1
1184	1
1188	1
1189	1
1197	1
1203	1
1206	1
1209	1
1210	1
1217	1
1228	1
1247	1
1250	1
1255	1
1274	1
1277	1
1279	1
1284	1
1288	1
1296	1
1301	1
1306	1
1307	1
1310	1
1313	1
1316	1
1318	1
1319	1
1320	1
1321	1
1337	1
1343	1
1345	1
1350	1
1353	1
1355	2
1358	1
1361	1
1370	1
1373	1
1376	1
1394	1
1404	2
1409	2
1410	1
1413	1
1418	1
1425	1
1429	1
1453	1
1455	1
1467	1
1472	1
1476	1
1496	2
1498	1
1501	1
1510	1
1513	1
1536	1
1548	1
1549	1
1554	1
1568	1
1570	1
1577	1
1578	1
1579	1
1588	1
1589	1
1610	1
1636	1
1637	1
1665	1
1666	1
1671	1
1678	1
1686	1
1688	1
1720	2
1726	1
1737	1
1742	1
1749	1
1752	1
1759	1
1768	1
1778	1
1779	1
1780	1
1782	1
1786	1
1810	1
1812	2
1835	1
1864	1
1868	1
1876	1
1877	1
1880	1
1896	1
1903	2
1914	1
1931	1
1933	1
1940	1
1948	1
1953	1
1973	1
2008	1
2016	1
2023	1
2028	1
2029	1
2033	1
2034	1
2042	1
2047	1
2049	1
2054	1
2068	1
2088	2
2098	1
2114	1
2119	1
2123	1
2136	1
2139	2
2147	1
2154	1
2156	1
2164	1
2179	1
2182	2
2185	1
2187	1
2194	1
2196	1
2200	1
2237	1
2258	1
2261	1
2265	1
2285	1
2293	1
2296	1
2298	1
2304	1
2313	1
2328	1
2334	1
2336	1
2339	1
2354	1
2365	2
2369	1
2371	1
2375	1
2398	1
2400	1
2411	1
2416	1
2417	1
2421	1
2427	1
2429	1
2431	1
2434	1
2436	1
2437	2
2445	1
2446	1
2454	1
2464	1
2481	1
2483	1
2500	1
2509	1
2517	1
2519	1
2521	1
2525	1
2538	1
2542	1
2546	1
2553	1
2556	1
2562	1
2573	1
2589	1
2595	1
2599	1
2601	1
2605	1
2617	1
2634	1
2635	1
2670	1
2678	1
2679	2
2689	1
2707	1
2710	1
2713	1
2717	1
2731	1
2736	1
2751	1
2758	1
2760	1
2770	1
2771	1
2773	1
2785	1
2789	1
2822	1
2824	1
2834	1
2857	1
2860	1
2872	1
2892	1
2893	1
2919	1
2929	1
2938	1
2940	1
2951	1
2953	1
2958	1
2971	1
2980	2
2989	1
2994	1
3028	2
3031	1
3040	1
3049	1
3063	1
3065	1
3095	1
3105	1
3113	1
3131	1
3150	1
3157	1
3159	1
3168	1
3169	1
3176	1
3186	1
3205	1
3210	1
3214	1
3225	1
3232	1
3238	1
3245	1
3252	1
3261	1
3265	1
3273	1
3276	1
3284	1
3286	1
3297	2
3301	1
3328	1
3339	1
3340	1
3353	1
3356	1
3374	1
3380	1
3387	1
3388	1
3413	1
3417	1
3423	1
3447	1
3464	1
3488	1
3495	1
3507	1
3536	1
3550	1
3590	1
3594	1
3598	1
3625	1
3656	1
3669	1
3672	1
3680	1
3681	1
3688	1
3697	1
3698	1
3734	1
3769	1
3786	1
3787	1
3788	1
3803	1
3810	1
3817	1
3818	2
3853	1
3855	1
3882	1
3908	1
3911	1
3956	2
3964	1
3970	1
3993	1
4013	1
4018	1
4026	1
4048	1
4050	1
4085	1
4087	1
4112	1
4118	1
4154	1
4156	1
4168	1
4169	1
4171	1
4172	1
4187	1
4193	1
4200	1
4213	1
4215	1
4247	1
4268	1
4271	1
4272	1
4308	1
4313	1
4321	1
4324	1
4331	1
4340	1
4350	1
4365	1
4389	1
4400	1
4409	1
4420	1
4428	1
4449	2
4453	1
4459	1
4470	1
4489	1
4490	1
4502	1
4508	1
4520	1
4531	1
4548	1
4557	1
4569	1
4571	1
4577	1
4578	1
4588	2
4592	1
4604	1
4605	1
4609	1
4627	1
4628	1
4634	1
4658	1
4663	1
4672	1
4673	1
4678	1
4703	1
4707	1
4711	1
4729	1
4768	1
4795	1
4811	1
4847	1
4868	1
4946	1
4974	1
5007	1
5023	1
5025	1
5030	1
5046	1
5051	1
5060	1
5064	1
5069	1
5073	1
5076	1
5088	1
5092	1
5102	1
5121	1
5142	2
5177	1
5178	1
5199	1
5208	1
5220	1
5227	1
5240	1
5258	1
5260	1
5264	1
5286	1
5289	1
5296	1
5319	1
5331	1
5351	1
5354	1
5361	1
5391	1
5423	1
5441	1
5449	1
5477	2
5482	1
5489	1
5524	1
5544	1
5585	1
5590	1
5616	1
5619	1
5628	1
5634	1
5655	1
5682	1
5687	1
5737	1
5771	1
5775	1
5784	1
5791	1
5796	1
5809	1
5818	1
5823	1
5846	1
5863	1
5886	1
5906	1
5913	1
5922	1
5992	1
6028	2
6045	1
6094	1
6189	1
6215	1
6228	1
6237	1
6238	1
6254	1
6263	1
6284	1
6293	1
6330	1
6365	1
6376	1
6387	1
6398	1
6424	1
6449	1
6511	1
6529	1
6563	1
6586	1
6596	1
6616	1
6632	1
6653	1
6662	1
6669	1
6717	1
6720	1
6750	1
6776	1
6784	1
6809	1
6824	1
6831	1
6836	1
6837	1
6847	1
6853	1
6862	1
6913	1
6920	1
6944	1
7007	1
7011	1
7030	1
7055	1
7069	1
7102	1
7105	1
7113	1
7139	1
7144	1
7153	1
7160	1
7190	1
7208	1
7249	1
7265	1
7338	1
7449	1
7471	1
7482	1
7516	1
7531	1
7547	1
7643	1
7660	1
7711	1
7757	1
7789	1
7797	1
7823	1
7826	1
7852	1
7869	1
7870	1
7901	1
7911	1
8036	1
8110	1
8111	1
8236	1
8253	1
8268	1
8292	1
8313	1
8374	1
8376	1
8423	1
8437	1
8445	1
8477	1
8504	1
8513	1
8519	1
8530	1
8681	2
8721	1
8762	1
8769	1
8775	1
8779	1
8794	1
8812	1
8852	1
8857	1
8889	1
8901	1
8908	1
8919	1
8959	1
8968	1
8977	1
9049	1
9130	1
9136	1
9197	1
9208	1
9231	1
9251	1
9267	1
9319	1
9350	1
9377	1
9401	1
9510	1
9617	1
9625	1
9661	1
9664	1
9790	1
9851	1
9854	1
9876	1
9967	1
9988	1
10007	1
10012	1
10055	1
10067	1
10153	1
10185	1
10219	1
10353	1
10735	1
10741	1
10760	1
10835	1
10853	1
11094	1
11137	1
11243	1
11327	1
11402	1
11404	1
11504	1
11546	1
11567	1
11820	1
11904	1
11971	1
12127	1
12155	1
12159	1
12404	1
12424	1
12445	1
12492	1
12530	1
12541	1
12761	1
12777	1
12803	1
12913	1
13044	1
13156	1
13660	1
13675	1
13739	1
13803	1
13902	1
13940	1
14075	1
14145	1
14214	1
14467	1
14735	1
14814	1
14826	1
14902	1
15182	1
15192	1
15639	1
16081	1
16862	1
16901	1
17149	1
17455	1
17487	1
18448	1
18672	1
18981	1
19353	1
19424	1
19688	1
19992	1
20380	1
20426	1
20553	1
20693	1
20715	1
20763	1
20849	1
21948	1
21974	1
22039	1
22081	1
22153	1
22389	1
22402	1
25083	1
25352	1
25429	1
25518	1
28397	1
31783	1
32600	1
33218	1
33672	1
37993	1
41112	1
