fragment_length	frequency
83	2
84	1
89	1
92	1
101	1
102	1
103	1
106	1
112	2
115	1
119	1
121	1
125	1
130	2
131	3
143	1
148	1
152	1
154	1
157	1
160	1
181	1
182	1
184	1
196	1
197	1
199	1
210	1
225	1
229	1
230	1
247	1
250	1
258	1
260	1
263	1
267	1
272	1
284	2
299	1
306	1
315	1
317	1
319	1
321	2
322	1
332	1
336	1
337	1
344	1
345	1
348	1
350	1
355	1
366	1
368	2
370	1
372	1
385	1
386	2
389	1
390	1
393	1
394	1
396	1
404	1
412	1
414	2
416	1
417	1
422	1
425	1
429	1
432	1
433	1
437	1
448	1
449	1
450	1
458	1
459	1
461	1
468	1
471	1
481	1
482	1
491	1
493	1
494	1
501	1
504	1
506	1
508	1
512	1
513	1
517	1
520	1
527	1
531	1
532	1
548	1
557	1
571	1
579	1
580	1
607	1
611	1
617	1
619	1
623	1
630	1
632	1
640	1
657	2
665	1
671	1
678	1
685	1
692	1
697	1
698	1
708	1
711	1
716	1
734	1
743	1
754	1
758	1
771	1
780	1
781	1
783	1
811	1
813	1
814	1
822	1
836	1
837	1
855	1
857	1
869	1
872	1
884	1
885	1
891	1
895	1
899	2
903	1
915	1
922	1
925	1
926	1
946	1
962	1
963	1
966	1
979	1
994	1
998	1
1006	1
1023	2
1052	1
1054	1
1056	1
1063	1
1068	1
1079	1
1089	1
1091	1
1099	1
1109	1
1116	1
1143	1
1145	1
1154	1
1158	1
1171	1
1174	1
1182	1
1184	1
1194	1
1213	1
1219	1
1222	1
1223	1
1230	1
1231	1
1236	1
1240	1
1242	1
1247	1
1257	1
1278	1
1290	1
1294	1
1319	1
1320	1
1334	1
1354	1
1375	1
1382	1
1387	1
1388	1
1393	1
1401	2
1423	1
1440	1
1448	1
1451	1
1455	1
1460	1
1463	1
1479	1
1483	1
1484	1
1490	1
1495	1
1499	1
1505	1
1509	2
1538	1
1541	1
1558	1
1579	1
1603	1
1609	1
1612	2
1626	1
1638	1
1644	1
1680	1
1699	1
1743	1
1759	1
1768	1
1770	1
1778	1
1788	3
1809	1
1814	2
1823	1
1855	1
1856	1
1862	1
1864	1
1884	1
1887	1
1890	1
1894	1
1900	1
1903	2
1905	1
1923	1
1936	1
1939	1
1946	1
1950	2
1953	1
1999	1
2002	1
2008	1
2027	1
2044	1
2068	1
2070	1
2081	1
2098	1
2101	1
2111	1
2114	1
2118	1
2128	1
2131	1
2154	2
2174	1
2182	1
2209	1
2221	1
2222	1
2234	2
2237	1
2249	1
2252	1
2258	1
2269	1
2278	1
2279	1
2328	1
2351	1
2360	1
2369	1
2377	1
2383	1
2388	1
2390	1
2398	1
2402	1
2424	1
2426	1
2427	1
2428	1
2431	1
2434	1
2455	1
2463	1
2467	1
2469	1
2471	1
2472	1
2483	1
2517	1
2519	1
2521	1
2531	1
2553	1
2581	1
2593	1
2600	1
2636	1
2684	2
2700	1
2739	1
2740	1
2748	1
2766	1
2779	1
2784	1
2797	1
2816	1
2832	1
2866	1
2878	1
2881	1
2912	1
2936	1
2951	1
2956	1
2960	1
2964	1
2970	1
2977	1
2980	1
2991	1
2998	1
3007	1
3011	1
3013	1
3017	1
3040	1
3042	1
3063	1
3092	1
3100	2
3101	1
3103	1
3105	1
3110	1
3123	1
3143	1
3160	1
3166	1
3178	1
3194	1
3195	1
3197	1
3199	1
3213	1
3214	1
3216	2
3225	1
3267	1
3304	1
3306	1
3319	1
3323	1
3327	1
3333	1
3334	1
3335	1
3337	1
3347	1
3360	1
3363	1
3383	1
3386	1
3411	1
3415	1
3422	1
3444	1
3446	1
3462	1
3473	1
3569	1
3577	1
3593	1
3628	1
3645	1
3648	1
3676	1
3688	1
3707	1
3709	1
3720	1
3725	1
3750	1
3771	1
3775	1
3779	1
3791	1
3805	1
3821	1
3833	1
3834	1
3835	1
3840	1
3930	1
3946	1
3952	1
3955	1
3962	1
3971	1
4011	1
4028	1
4036	1
4048	1
4049	1
4080	1
4089	1
4094	1
4104	1
4135	1
4150	1
4168	1
4183	1
4203	1
4223	1
4225	1
4227	1
4273	1
4285	1
4312	1
4321	1
4328	1
4352	1
4353	1
4356	1
4361	1
4380	1
4501	1
4523	1
4537	1
4596	1
4602	1
4606	1
4629	1
4631	1
4641	1
4642	1
4645	1
4657	1
4675	1
4690	1
4709	1
4722	1
4791	1
4806	1
4812	1
4817	1
4823	1
4842	1
4864	1
4870	1
4878	1
4889	1
4894	1
4895	1
4905	1
4916	1
4922	1
4938	1
4963	1
4973	1
4977	1
4988	1
5008	1
5016	1
5018	1
5042	2
5058	1
5060	1
5087	1
5114	1
5122	1
5124	2
5126	1
5132	1
5152	1
5197	1
5218	1
5239	1
5241	1
5253	1
5273	1
5287	1
5292	1
5313	1
5324	1
5326	1
5359	1
5375	1
5424	1
5445	1
5463	1
5472	1
5508	1
5513	1
5535	1
5648	1
5652	1
5664	1
5667	1
5702	1
5716	1
5718	1
5765	1
5777	1
5784	1
5812	1
5836	1
5845	1
5846	2
5896	1
5902	1
5945	1
5987	1
6009	1
6042	2
6047	1
6121	1
6130	1
6131	1
6133	1
6160	1
6167	1
6200	1
6243	1
6282	1
6307	1
6310	1
6311	1
6372	1
6398	1
6401	1
6412	1
6458	1
6508	1
6541	1
6553	1
6564	1
6577	1
6657	1
6676	1
6692	1
6729	1
6730	1
6786	1
6802	1
6850	1
6875	1
6906	1
6911	1
6946	1
6975	1
7054	1
7071	1
7093	1
7105	1
7129	1
7162	1
7193	1
7199	1
7257	1
7258	1
7342	1
7352	1
7445	1
7453	1
7486	1
7561	1
7571	1
7600	1
7617	1
7620	1
7648	1
7663	1
7730	1
7735	1
7757	1
7801	1
7808	1
7824	1
7835	1
7837	1
7840	1
7875	1
7889	1
7891	1
7924	1
7965	1
7978	1
7979	1
7985	1
8021	1
8031	1
8077	1
8101	1
8189	1
8275	1
8304	1
8314	1
8374	1
8375	1
8379	1
8418	1
8441	1
8448	1
8494	1
8496	1
8501	1
8512	1
8513	1
8524	1
8528	1
8529	1
8607	1
8636	1
8746	1
8827	1
8836	2
8867	1
8900	1
8918	1
8933	1
8984	1
9194	1
9200	1
9211	1
9453	1
9461	1
9518	1
9601	1
9816	1
9856	1
9909	1
9924	1
9971	1
10131	1
10139	1
10210	1
10215	1
10231	1
10430	1
10555	1
10562	1
10603	1
10644	1
10783	1
10796	1
10909	1
10916	1
10973	1
11001	1
11151	1
11253	1
11294	1
11306	1
11417	1
11522	1
11654	1
11670	1
11742	1
11819	1
11919	1
11945	1
12171	1
12311	1
12319	1
12356	1
12493	1
12786	1
12866	1
13041	1
13153	1
13161	1
13221	1
13637	1
14032	1
14373	1
14483	1
14514	1
14925	1
14941	1
15568	1
15583	1
15656	1
15680	1
15764	1
15776	1
16214	1
16258	1
16677	1
16810	1
16979	1
17024	1
17933	1
18000	1
18008	1
18270	1
18562	1
18816	1
19395	1
22796	1
23897	1
27052	1
29179	1
33672	1
52934	1
