fragment_length	frequency
82	26
83	10
84	19
85	14
86	20
87	11
88	21
89	20
90	11
91	15
92	17
93	12
94	9
95	11
96	11
97	19
98	12
99	11
100	10
101	10
102	9
103	11
104	8
105	4
106	10
107	10
108	6
109	10
110	8
111	10
112	8
113	7
114	8
115	9
116	5
117	4
118	8
119	17
120	8
121	15
122	6
123	8
124	10
125	15
126	7
127	11
128	12
129	4
130	3
131	6
132	5
133	5
134	14
135	8
136	9
137	8
138	3
139	4
140	6
141	10
142	8
143	11
144	9
145	8
146	7
147	3
148	6
149	9
150	10
151	14
152	5
153	7
154	5
155	5
156	8
157	5
158	16
159	3
160	5
161	7
162	6
163	6
164	8
165	7
166	5
167	8
168	11
169	6
170	12
171	9
172	7
173	12
174	10
175	8
176	6
177	17
178	15
179	3
180	10
181	11
182	6
183	3
184	7
185	8
186	6
187	3
188	8
189	6
190	4
191	10
192	1
193	10
194	9
195	7
196	6
197	7
198	9
199	5
200	9
201	9
202	6
203	5
204	6
205	7
206	10
207	9
208	5
209	5
210	3
211	9
212	7
213	13
214	6
215	7
216	13
217	13
218	6
219	5
220	11
221	7
222	12
223	3
224	9
225	4
226	7
227	7
228	2
229	7
230	5
231	5
232	2
233	9
234	4
235	3
236	5
237	9
238	8
239	11
240	13
241	8
242	5
243	8
244	7
245	6
246	5
247	7
248	3
249	6
250	8
251	5
252	6
253	5
254	6
255	8
256	9
257	14
258	14
259	11
260	4
261	6
262	9
263	10
264	4
265	6
266	10
267	3
268	12
269	6
270	7
271	7
272	6
273	3
274	8
275	5
276	6
277	4
278	9
279	6
280	3
281	6
282	3
283	6
284	9
285	4
286	9
287	4
288	10
289	6
290	4
291	5
292	5
293	5
294	4
295	13
296	5
297	10
298	6
299	9
300	3
301	7
302	3
303	5
304	6
305	8
306	8
307	2
308	10
309	7
310	6
311	8
312	3
313	7
314	7
315	11
316	7
317	5
318	7
319	4
320	7
321	2
322	6
323	9
324	6
325	2
326	5
327	9
328	9
329	10
330	5
331	9
332	3
333	9
334	8
335	7
336	7
337	7
338	9
339	8
340	6
341	7
342	6
343	10
344	4
345	9
346	10
347	8
348	12
349	9
350	8
351	9
352	5
353	10
354	8
355	8
356	4
357	2
358	4
359	8
360	5
361	8
362	8
363	7
364	5
365	11
366	12
367	4
368	3
369	6
370	3
371	8
372	10
373	5
374	7
375	8
376	5
377	8
378	3
379	9
380	7
381	4
382	15
383	10
384	9
385	2
386	8
387	9
388	4
389	4
390	8
391	7
392	5
393	7
394	8
395	7
396	6
397	8
398	7
399	8
400	9
401	6
402	9
403	6
404	5
405	4
406	9
407	7
408	2
409	6
410	5
411	3
412	7
413	8
414	8
415	8
416	7
417	6
418	7
419	6
420	7
421	5
422	12
423	13
424	14
425	4
426	7
427	4
428	6
429	7
430	11
431	1
432	5
433	9
434	6
435	4
436	7
437	7
438	5
439	6
440	5
441	8
442	11
443	9
444	6
445	10
446	4
447	3
448	9
449	7
450	8
451	4
452	5
453	6
454	5
455	6
456	7
457	3
458	5
459	5
460	2
461	6
462	5
463	10
464	2
465	5
466	9
467	8
468	12
469	12
470	5
471	5
472	4
473	9
474	11
475	5
476	8
477	2
478	10
479	8
480	5
481	6
482	5
483	5
484	2
485	5
486	5
487	10
488	6
489	9
490	6
491	5
492	4
493	2
494	3
495	10
496	4
497	8
498	2
499	9
500	9
501	3
502	8
503	8
504	10
505	7
507	5
508	2
509	3
510	5
511	7
512	6
513	9
514	5
515	5
516	4
517	9
518	3
519	9
520	2
521	10
522	4
523	12
524	6
525	2
526	8
527	9
528	6
529	6
530	6
531	10
532	8
533	5
534	8
535	2
536	7
537	4
538	4
539	7
540	8
541	3
542	4
543	7
544	3
545	4
546	10
547	4
548	8
549	5
550	5
551	7
552	5
553	4
554	7
555	5
556	5
557	1
558	4
559	3
560	5
561	7
562	9
563	6
564	5
565	8
566	8
567	5
568	4
569	6
570	7
571	7
572	5
573	9
574	4
575	5
576	1
577	6
578	7
579	6
580	5
581	5
582	6
583	2
584	9
585	6
586	3
587	4
588	4
589	11
590	3
591	8
592	7
593	6
594	4
595	8
596	2
597	5
598	6
599	5
600	13
601	4
602	7
603	5
604	5
605	10
606	6
607	11
608	6
609	7
610	7
611	2
612	6
613	3
614	5
615	5
616	3
617	7
618	2
619	3
620	5
621	6
622	8
623	11
624	5
625	8
626	5
627	7
628	4
629	6
630	9
631	6
632	9
633	5
634	7
635	5
636	2
637	7
638	9
639	9
640	4
641	6
642	4
643	2
644	10
645	7
646	3
647	1
648	5
649	7
650	2
651	2
652	3
653	4
654	4
655	8
656	2
657	3
658	3
659	5
660	7
661	5
663	5
664	7
665	6
666	3
667	2
668	6
669	4
670	6
671	4
672	8
673	5
674	4
675	6
676	5
677	5
678	7
679	5
680	11
681	4
682	6
683	10
684	4
685	4
686	4
687	6
688	8
689	7
690	5
691	2
692	5
693	6
694	5
695	2
696	3
697	4
698	6
699	6
700	4
701	7
702	6
703	2
704	6
705	3
706	7
707	11
708	8
709	5
710	6
711	8
712	3
713	5
714	5
715	4
716	6
717	2
718	7
719	6
720	5
721	4
722	12
723	4
724	10
725	6
726	6
727	7
728	5
729	4
730	6
731	6
732	2
733	4
734	6
735	6
737	8
738	10
739	4
740	7
741	1
742	6
743	5
744	4
745	5
746	4
747	6
748	9
749	4
750	1
751	3
752	7
753	3
754	4
755	4
756	8
757	4
758	8
759	6
760	8
761	3
762	7
763	5
764	6
765	5
766	5
767	6
768	6
769	7
770	6
771	7
772	3
773	4
774	5
775	3
776	4
777	7
778	8
779	8
781	5
782	6
783	5
784	6
785	2
786	5
787	5
788	5
789	4
790	2
791	6
792	8
793	6
794	9
795	10
796	5
797	9
798	6
799	5
800	10
801	8
802	6
803	6
804	4
805	4
806	5
807	8
808	3
809	3
810	5
811	2
812	4
813	5
814	7
815	6
816	3
817	4
818	3
819	5
820	3
821	6
822	1
823	5
824	3
825	5
826	6
827	7
828	4
829	6
830	6
831	5
832	6
833	3
834	9
835	5
836	3
837	7
838	12
839	3
840	8
841	7
842	11
843	5
844	2
845	6
846	6
847	3
848	8
849	3
850	3
851	6
852	6
853	2
854	2
855	4
856	2
857	8
858	7
859	1
860	5
861	6
862	4
863	3
864	3
865	8
866	6
867	3
868	3
869	1
870	2
871	5
873	3
874	3
875	8
876	6
877	2
878	4
879	1
880	7
881	13
882	2
883	5
884	8
885	9
886	9
887	6
888	5
889	4
890	5
891	5
892	5
893	4
894	6
895	5
896	10
897	4
898	4
899	1
900	8
901	3
902	4
903	4
904	7
905	3
906	3
907	4
908	4
909	3
910	6
911	11
912	3
913	5
914	8
915	4
916	8
917	10
918	6
919	6
920	4
921	5
922	6
923	8
924	6
925	8
926	3
927	7
928	3
929	8
930	3
931	8
932	7
933	5
934	7
935	8
936	10
937	8
938	2
939	11
940	6
941	6
942	6
943	4
944	4
945	6
946	4
947	5
948	4
949	4
950	4
951	5
952	3
953	3
954	3
955	5
956	7
957	5
958	7
959	6
960	3
961	5
962	3
963	3
964	6
965	6
966	6
967	3
968	1
969	2
970	2
971	7
972	8
973	4
974	6
975	4
976	7
977	3
978	5
979	2
980	3
981	6
982	3
983	7
984	3
985	6
986	3
987	5
988	4
989	6
990	3
991	4
992	5
993	8
994	2
995	7
996	6
997	6
998	7
999	5
1000	3
1001	5
1002	5
1003	5
1004	3
1005	4
1006	5
1007	4
1008	5
1009	2
1010	5
1011	8
1012	7
1013	6
1014	1
1015	5
1016	5
1017	3
1018	3
1019	8
1020	6
1021	4
1022	3
1023	5
1024	2
1025	5
1026	7
1027	3
1028	3
1029	6
1030	7
1031	8
1032	6
1033	5
1034	4
1035	6
1036	6
1037	6
1038	3
1039	6
1040	9
1041	6
1042	6
1043	3
1044	3
1045	6
1046	2
1047	5
1048	5
1049	6
1050	5
1051	8
1052	5
1053	7
1054	4
1055	9
1056	6
1057	4
1058	8
1059	4
1060	3
1061	5
1062	7
1064	4
1065	3
1066	5
1067	4
1068	4
1069	5
1070	7
1071	9
1072	3
1073	3
1074	3
1075	1
1076	4
1077	4
1078	2
1080	5
1081	4
1082	7
1083	4
1084	9
1085	3
1086	2
1087	4
1088	7
1089	7
1090	4
1091	3
1092	3
1093	3
1094	3
1095	4
1096	1
1097	2
1098	6
1099	5
1100	7
1101	6
1102	6
1103	5
1104	4
1105	6
1106	4
1107	5
1108	4
1109	4
1110	3
1111	7
1112	5
1113	7
1114	6
1115	9
1116	1
1117	5
1118	5
1119	4
1120	10
1121	6
1122	4
1123	3
1124	4
1125	5
1126	3
1127	3
1128	6
1129	6
1130	15
1131	5
1132	5
1133	1
1134	7
1135	8
1136	2
1137	6
1138	4
1139	8
1140	9
1141	10
1142	8
1143	6
1144	2
1145	4
1146	5
1147	5
1148	4
1149	3
1150	2
1151	3
1152	6
1153	5
1154	5
1155	2
1156	4
1157	5
1158	5
1159	7
1160	5
1161	8
1162	7
1163	1
1164	5
1165	8
1166	5
1167	1
1168	7
1169	5
1170	5
1171	5
1172	6
1173	6
1174	3
1175	8
1176	4
1177	5
1178	4
1179	9
1180	3
1181	6
1182	5
1183	10
1184	3
1185	3
1186	4
1187	9
1188	7
1189	6
1190	5
1191	7
1192	6
1193	3
1194	6
1195	7
1196	2
1197	5
1198	11
1199	1
1200	1
1201	4
1202	5
1203	2
1204	4
1205	7
1206	1
1207	4
1208	7
1209	5
1210	8
1211	3
1212	2
1213	5
1214	2
1215	4
1216	2
1217	8
1218	8
1219	5
1220	7
1221	4
1222	2
1223	3
1224	3
1225	5
1226	2
1227	5
1228	6
1229	5
1230	5
1231	3
1232	3
1233	2
1234	7
1235	11
1236	4
1237	3
1238	4
1239	8
1240	2
1241	4
1242	2
1243	4
1244	5
1245	3
1246	4
1247	6
1248	6
1249	9
1250	2
1251	7
1252	7
1253	6
1254	2
1255	4
1256	3
1257	5
1258	7
1259	7
1260	7
1261	5
1262	4
1263	2
1264	2
1265	5
1266	7
1267	5
1268	6
1269	4
1270	4
1271	4
1272	4
1273	2
1274	6
1275	7
1276	4
1277	1
1278	9
1279	4
1280	3
1281	3
1282	3
1283	3
1284	7
1285	5
1286	8
1287	4
1288	5
1289	5
1290	2
1291	5
1292	5
1293	2
1294	7
1295	3
1296	4
1297	4
1298	11
1300	5
1301	5
1302	1
1303	5
1304	6
1305	4
1306	3
1307	8
1308	2
1309	8
1310	6
1311	5
1312	6
1313	3
1314	4
1315	5
1316	8
1317	5
1318	3
1320	6
1321	5
1322	4
1323	11
1324	3
1325	3
1326	9
1327	3
1328	3
1329	7
1330	5
1331	2
1332	5
1333	12
1334	4
1335	4
1336	3
1337	4
1338	3
1339	6
1340	5
1341	2
1342	3
1343	3
1344	8
1345	10
1346	4
1347	4
1348	5
1349	5
1351	1
1352	4
1353	2
1354	3
1355	2
1356	4
1357	6
1358	2
1359	4
1360	4
1361	6
1362	2
1363	2
1364	4
1365	6
1366	3
1367	7
1368	8
1369	6
1370	5
1371	2
1372	2
1373	6
1374	5
1375	4
1376	5
1377	4
1378	5
1380	6
1381	4
1382	2
1383	3
1384	3
1385	4
1386	2
1387	2
1388	5
1389	4
1390	2
1391	9
1392	2
1393	6
1394	4
1395	4
1396	4
1397	4
1398	6
1399	2
1400	6
1401	3
1402	6
1403	3
1404	6
1405	2
1406	2
1408	2
1409	4
1410	3
1411	2
1412	7
1413	4
1414	4
1415	4
1416	1
1417	5
1418	3
1419	9
1420	10
1421	9
1422	3
1423	8
1424	5
1425	4
1426	8
1427	5
1428	6
1429	3
1430	5
1431	3
1432	9
1433	5
1434	5
1435	2
1436	4
1437	3
1438	7
1439	3
1440	1
1441	6
1442	2
1444	4
1445	3
1446	3
1447	4
1448	1
1449	8
1451	4
1452	3
1453	4
1454	6
1455	7
1456	3
1457	7
1458	4
1459	5
1460	3
1461	3
1462	2
1463	4
1464	6
1465	7
1466	6
1467	4
1468	5
1469	2
1470	1
1471	11
1472	8
1473	4
1474	3
1475	4
1476	2
1477	2
1478	3
1479	1
1480	5
1481	2
1482	1
1483	4
1484	1
1485	3
1486	5
1487	5
1488	5
1490	6
1491	3
1492	4
1493	4
1494	2
1495	4
1496	4
1497	1
1498	5
1499	4
1500	2
1501	4
1502	5
1503	5
1504	5
1505	4
1506	1
1507	5
1508	3
1509	3
1510	9
1511	4
1512	6
1513	1
1514	8
1515	4
1516	7
1517	4
1518	5
1519	4
1520	6
1521	3
1522	4
1523	2
1524	5
1525	4
1526	5
1527	1
1528	10
1529	2
1530	6
1531	5
1532	6
1533	7
1534	8
1535	3
1536	4
1537	4
1538	3
1539	3
1540	5
1541	4
1542	6
1543	5
1544	2
1545	3
1546	3
1547	4
1548	3
1549	4
1550	4
1551	3
1552	5
1553	4
1554	3
1555	5
1556	4
1557	2
1558	3
1559	4
1560	6
1561	3
1562	3
1563	7
1564	2
1565	3
1566	5
1568	2
1569	7
1570	4
1571	5
1572	2
1573	3
1574	1
1575	5
1576	8
1577	5
1578	1
1579	3
1580	7
1581	3
1582	2
1583	8
1584	2
1585	3
1586	6
1587	4
1588	10
1589	8
1590	6
1591	5
1592	8
1593	1
1594	3
1595	4
1596	6
1597	6
1598	4
1599	4
1600	2
1601	6
1602	2
1603	5
1604	6
1605	4
1606	5
1607	7
1608	2
1609	3
1610	1
1611	3
1612	3
1613	4
1614	7
1615	3
1616	4
1617	3
1618	3
1619	6
1620	1
1621	2
1622	6
1623	6
1624	6
1625	4
1626	3
1627	3
1628	4
1629	3
1630	5
1631	7
1632	1
1633	3
1634	3
1635	2
1636	5
1637	5
1638	3
1639	5
1640	2
1641	3
1642	7
1643	5
1644	4
1645	4
1646	1
1647	3
1648	4
1649	5
1650	3
1651	2
1652	5
1653	4
1654	6
1655	5
1656	6
1657	1
1658	6
1659	4
1660	3
1661	6
1662	5
1663	5
1664	2
1665	4
1666	6
1667	2
1668	4
1669	6
1670	3
1671	7
1672	2
1674	3
1675	3
1676	4
1677	6
1678	5
1679	5
1680	3
1681	2
1682	3
1683	2
1684	2
1685	4
1686	2
1687	5
1688	3
1689	9
1690	3
1691	5
1692	5
1693	4
1694	6
1695	5
1696	5
1697	7
1698	4
1699	5
1700	3
1701	5
1702	3
1703	3
1704	6
1705	4
1706	3
1707	8
1708	8
1709	9
1710	2
1711	2
1712	4
1713	7
1714	5
1715	4
1716	4
1717	6
1718	5
1719	2
1720	4
1721	4
1722	2
1723	3
1724	4
1725	3
1726	6
1727	7
1728	3
1729	3
1730	3
1731	4
1732	5
1733	4
1734	9
1735	2
1736	2
1737	5
1738	2
1739	5
1740	6
1741	2
1742	4
1743	5
1744	5
1745	2
1746	4
1747	5
1748	3
1749	4
1751	2
1752	6
1753	6
1754	4
1755	5
1756	2
1757	6
1758	6
1759	2
1760	4
1761	2
1762	3
1763	4
1764	2
1765	2
1766	4
1767	4
1768	4
1769	7
1770	1
1771	2
1772	3
1773	2
1774	3
1775	4
1776	3
1777	3
1779	6
1780	2
1781	2
1782	5
1783	3
1784	5
1785	2
1786	3
1787	6
1788	3
1789	4
1790	4
1791	2
1792	5
1793	4
1794	4
1795	2
1796	4
1797	5
1798	4
1799	3
1800	7
1801	2
1802	7
1803	5
1804	4
1805	6
1806	2
1807	2
1808	3
1809	6
1810	6
1811	4
1812	4
1813	4
1814	9
1815	3
1816	4
1817	3
1818	2
1819	5
1820	3
1821	1
1822	5
1823	5
1824	2
1825	2
1826	5
1827	4
1828	3
1829	4
1830	5
1831	1
1832	3
1833	6
1834	5
1835	1
1836	6
1837	4
1838	1
1839	4
1840	2
1841	2
1842	3
1843	3
1844	2
1845	3
1846	3
1847	1
1848	4
1849	2
1850	3
1851	3
1852	5
1853	5
1854	2
1855	3
1856	2
1857	3
1858	4
1859	9
1860	6
1861	3
1862	4
1863	3
1864	3
1865	2
1866	6
1867	4
1868	1
1869	5
1870	4
1871	1
1872	1
1873	4
1874	4
1875	8
1876	5
1877	3
1878	1
1879	3
1880	3
1881	4
1882	6
1883	2
1884	2
1885	4
1886	6
1887	5
1888	2
1889	7
1890	3
1891	1
1892	5
1893	3
1894	3
1895	1
1896	4
1897	4
1898	5
1899	8
1900	3
1901	6
1902	4
1903	2
1904	3
1905	5
1906	3
1907	4
1908	4
1909	8
1910	4
1911	5
1912	2
1913	4
1914	1
1915	2
1916	2
1917	4
1918	2
1919	4
1920	2
1921	3
1922	6
1923	5
1924	5
1925	2
1926	6
1927	3
1928	4
1929	5
1930	5
1931	4
1932	4
1934	5
1935	1
1936	6
1937	1
1938	13
1939	8
1940	4
1941	1
1942	6
1943	2
1944	3
1945	7
1946	7
1947	2
1948	6
1949	2
1950	3
1951	4
1952	3
1953	3
1954	3
1955	3
1956	6
1957	3
1958	5
1959	2
1960	3
1961	8
1962	4
1963	3
1964	1
1965	4
1966	1
1967	2
1968	5
1969	2
1970	6
1971	5
1972	3
1973	5
1974	5
1975	2
1976	4
1977	6
1978	3
1979	2
1980	8
1981	4
1982	4
1983	4
1984	1
1985	1
1986	2
1987	1
1988	4
1989	3
1990	2
1991	2
1992	1
1993	3
1994	2
1995	3
1996	5
1997	2
1998	1
1999	3
2000	6
2001	4
2002	3
2004	3
2005	1
2006	4
2007	2
2008	2
2009	3
2010	4
2011	1
2012	1
2013	4
2014	3
2015	3
2016	5
2017	1
2018	2
2019	3
2020	5
2021	1
2022	5
2023	6
2024	4
2025	4
2026	8
2027	2
2028	3
2029	3
2030	5
2031	5
2032	2
2033	5
2034	2
2035	1
2036	6
2037	2
2038	3
2039	5
2040	7
2041	5
2042	5
2043	4
2044	4
2045	2
2047	1
2048	2
2049	3
2050	6
2051	4
2052	5
2053	5
2054	2
2055	4
2056	4
2057	4
2058	2
2059	4
2060	4
2061	3
2062	1
2063	1
2065	5
2066	6
2067	2
2069	1
2070	9
2071	4
2073	4
2074	3
2075	2
2076	2
2077	1
2078	1
2079	3
2080	5
2081	5
2082	4
2083	1
2084	1
2085	3
2086	2
2087	1
2088	3
2089	6
2090	5
2091	5
2092	1
2093	1
2094	7
2095	4
2096	4
2097	6
2098	3
2099	2
2100	2
2101	1
2102	4
2103	2
2104	1
2105	4
2106	4
2107	6
2108	3
2109	3
2110	3
2111	6
2112	3
2113	1
2114	5
2115	4
2116	3
2117	3
2118	1
2119	5
2120	2
2121	4
2122	2
2123	2
2124	2
2125	4
2126	7
2127	3
2128	4
2129	5
2130	4
2131	4
2132	3
2133	5
2134	7
2135	1
2136	2
2137	2
2138	4
2139	7
2140	3
2141	2
2142	3
2143	5
2144	1
2145	1
2146	4
2147	4
2148	4
2149	7
2150	2
2151	1
2153	3
2154	2
2155	1
2156	5
2157	1
2158	4
2159	4
2160	3
2161	5
2162	4
2163	4
2164	5
2165	5
2166	2
2167	4
2168	3
2169	3
2170	3
2171	7
2172	3
2173	3
2174	8
2175	1
2176	5
2177	5
2179	4
2180	1
2181	3
2182	2
2183	4
2184	1
2185	3
2186	6
2188	4
2189	2
2190	2
2191	1
2192	1
2193	2
2194	1
2195	3
2196	2
2197	3
2198	4
2199	2
2200	2
2201	4
2202	7
2203	1
2204	1
2205	1
2206	6
2207	3
2208	3
2209	2
2210	6
2211	3
2212	4
2213	3
2214	1
2215	2
2216	2
2217	7
2218	5
2219	2
2220	3
2221	4
2223	2
2224	3
2225	7
2226	2
2227	3
2228	3
2229	3
2230	3
2231	2
2232	2
2233	2
2234	4
2235	1
2236	7
2237	2
2238	3
2239	2
2240	4
2241	1
2242	5
2243	3
2244	3
2246	4
2247	4
2248	4
2249	9
2250	5
2251	2
2252	2
2253	3
2254	4
2255	2
2256	3
2257	5
2258	5
2259	5
2260	6
2261	2
2262	6
2263	1
2264	1
2265	5
2266	7
2267	1
2268	2
2269	4
2270	3
2271	4
2272	7
2273	2
2274	3
2275	2
2276	1
2277	4
2278	4
2279	3
2280	6
2281	1
2282	4
2283	2
2284	6
2285	4
2286	6
2287	3
2288	3
2289	7
2290	1
2291	2
2292	4
2293	1
2294	4
2295	2
2296	1
2297	2
2298	3
2299	5
2300	3
2301	3
2302	4
2303	2
2304	4
2305	3
2306	3
2307	5
2308	4
2309	4
2310	6
2311	8
2312	2
2313	3
2314	3
2315	2
2316	3
2317	3
2318	3
2319	4
2320	1
2321	2
2322	1
2323	4
2324	1
2325	1
2326	7
2327	2
2328	5
2329	4
2330	4
2331	3
2332	4
2333	5
2334	4
2335	2
2336	4
2337	2
2338	3
2339	5
2340	6
2341	2
2342	5
2343	7
2344	4
2345	4
2346	3
2347	1
2348	2
2349	6
2350	2
2351	2
2352	3
2353	3
2354	4
2355	3
2356	3
2357	3
2358	3
2359	3
2360	4
2361	4
2362	3
2363	3
2364	5
2365	3
2366	5
2367	5
2368	2
2369	2
2370	1
2371	3
2372	3
2373	5
2374	3
2375	3
2376	1
2377	4
2378	3
2379	4
2380	4
2381	1
2382	8
2383	1
2384	3
2385	4
2386	2
2387	3
2388	4
2389	4
2390	3
2391	6
2392	4
2393	2
2394	2
2395	3
2396	3
2397	3
2398	4
2399	2
2400	2
2401	2
2402	1
2403	1
2404	6
2405	3
2407	5
2408	8
2410	1
2411	5
2412	3
2413	1
2414	3
2415	6
2416	2
2417	2
2418	3
2419	1
2420	1
2421	4
2422	7
2423	2
2424	7
2425	2
2426	3
2427	5
2428	4
2429	4
2430	1
2431	3
2432	4
2433	1
2434	3
2435	2
2436	3
2437	2
2438	3
2439	4
2440	3
2441	3
2442	2
2443	2
2444	4
2445	4
2446	2
2447	5
2448	2
2449	1
2450	3
2451	2
2452	2
2453	4
2454	1
2455	2
2456	3
2457	1
2458	3
2459	5
2460	2
2461	2
2462	2
2463	4
2464	2
2465	3
2466	5
2467	3
2468	6
2469	2
2470	3
2471	2
2472	2
2473	4
2474	5
2475	5
2476	2
2477	1
2478	2
2479	1
2480	2
2481	2
2482	2
2483	5
2484	5
2485	1
2486	3
2487	5
2488	5
2490	3
2491	4
2492	3
2493	5
2494	8
2495	2
2496	4
2497	2
2498	4
2499	2
2500	4
2501	2
2502	2
2503	2
2504	1
2505	2
2506	2
2507	2
2508	2
2509	3
2510	2
2511	3
2512	6
2513	3
2514	1
2515	3
2516	2
2517	1
2518	1
2519	1
2520	2
2521	6
2522	1
2523	1
2524	1
2525	3
2526	4
2528	1
2529	5
2530	3
2531	2
2532	7
2533	6
2534	2
2535	2
2537	3
2539	3
2540	2
2541	2
2542	3
2543	7
2544	2
2545	4
2546	3
2547	2
2548	2
2549	3
2550	3
2551	4
2552	3
2553	2
2554	6
2556	3
2557	3
2558	1
2559	2
2560	3
2561	2
2562	2
2563	8
2564	1
2565	4
2566	7
2567	2
2568	6
2569	4
2570	1
2571	1
2572	3
2573	3
2574	3
2575	2
2576	1
2577	3
2578	6
2579	5
2580	3
2581	6
2582	2
2583	4
2584	2
2585	3
2587	5
2590	4
2591	1
2592	1
2593	3
2594	6
2595	3
2596	1
2597	5
2599	3
2600	6
2601	6
2602	1
2603	2
2604	6
2605	4
2606	4
2607	2
2608	8
2609	2
2610	6
2611	1
2612	3
2613	2
2614	2
2615	3
2616	2
2617	3
2618	9
2619	2
2620	4
2622	2
2623	5
2624	4
2625	3
2626	5
2627	4
2628	6
2629	1
2630	3
2631	2
2632	7
2633	3
2634	7
2635	3
2636	2
2637	6
2638	3
2639	5
2640	3
2641	2
2642	4
2643	2
2644	2
2645	2
2646	2
2647	1
2648	3
2649	2
2650	6
2652	4
2653	2
2654	3
2655	3
2656	3
2657	2
2658	2
2659	1
2660	2
2661	3
2662	1
2663	2
2664	1
2665	2
2666	3
2667	6
2668	4
2669	6
2670	1
2671	4
2673	5
2674	2
2675	4
2677	2
2678	3
2679	9
2680	2
2682	4
2683	2
2684	1
2686	5
2687	6
2688	1
2689	1
2690	5
2691	3
2692	4
2693	5
2694	6
2697	2
2698	3
2699	4
2700	3
2701	4
2702	3
2703	5
2704	2
2705	1
2706	3
2707	1
2708	1
2709	4
2710	1
2711	3
2712	7
2713	8
2714	7
2715	1
2716	3
2717	3
2718	1
2719	4
2720	2
2721	2
2722	2
2723	2
2724	3
2725	3
2726	2
2727	2
2728	2
2729	3
2730	2
2731	1
2732	1
2733	1
2734	1
2735	4
2736	2
2737	3
2738	3
2739	5
2740	4
2741	3
2742	3
2743	2
2744	4
2745	3
2746	2
2747	3
2748	7
2749	1
2750	5
2751	3
2752	5
2753	3
2754	1
2755	4
2756	1
2757	4
2758	1
2759	3
2760	4
2761	5
2762	1
2763	2
2764	3
2765	1
2766	2
2767	4
2768	3
2769	3
2770	4
2771	2
2772	3
2774	2
2775	5
2776	1
2777	2
2778	4
2779	3
2780	3
2781	4
2782	3
2783	4
2784	2
2785	2
2786	1
2787	5
2788	2
2789	1
2790	3
2791	5
2792	2
2793	1
2794	1
2795	3
2796	2
2797	4
2798	2
2799	5
2800	2
2801	3
2802	2
2803	3
2804	2
2806	2
2807	5
2808	3
2809	4
2810	5
2811	2
2812	2
2813	7
2815	1
2816	4
2817	2
2818	2
2819	3
2822	4
2823	2
2824	3
2825	2
2826	3
2827	8
2828	2
2829	4
2830	2
2831	3
2832	1
2833	2
2834	5
2835	1
2836	3
2838	3
2839	3
2840	2
2841	3
2842	5
2843	2
2844	3
2845	1
2846	2
2848	1
2849	6
2850	1
2851	6
2852	2
2855	3
2856	3
2857	3
2858	4
2859	3
2860	1
2861	3
2862	8
2863	2
2865	2
2867	1
2868	4
2869	4
2870	2
2871	5
2872	1
2873	1
2874	4
2875	3
2877	4
2878	4
2879	2
2880	2
2881	2
2883	2
2884	2
2887	1
2889	3
2890	1
2891	1
2892	1
2893	3
2894	2
2895	3
2896	2
2897	3
2899	2
2900	3
2901	3
2902	5
2903	2
2904	3
2905	5
2906	4
2907	2
2908	3
2909	2
2911	3
2912	2
2913	2
2914	3
2915	7
2916	2
2917	3
2918	2
2919	4
2920	4
2921	2
2922	4
2923	2
2924	2
2925	7
2927	2
2928	3
2930	3
2931	1
2932	3
2933	2
2934	6
2935	3
2936	2
2937	1
2938	3
2939	2
2940	2
2941	2
2942	4
2943	2
2944	2
2945	6
2946	9
2947	5
2948	2
2949	3
2950	4
2951	3
2952	6
2953	2
2955	1
2956	1
2957	2
2958	4
2959	3
2960	1
2961	3
2962	2
2963	3
2964	4
2965	1
2966	4
2967	5
2968	6
2969	2
2970	1
2972	2
2973	2
2975	3
2976	3
2977	4
2978	4
2979	2
2980	5
2981	3
2982	3
2983	2
2985	1
2986	3
2988	2
2989	1
2990	3
2991	3
2992	2
2993	3
2994	3
2995	4
2996	2
2997	6
2998	2
2999	3
3000	2
3002	2
3003	4
3004	5
3005	3
3006	3
3007	2
3008	3
3009	1
3010	2
3011	2
3012	3
3013	4
3015	3
3016	3
3017	4
3018	2
3019	2
3020	2
3021	6
3022	1
3023	1
3025	3
3026	5
3027	1
3028	3
3029	4
3030	1
3031	3
3032	1
3033	1
3034	2
3036	1
3037	2
3038	3
3039	1
3040	1
3041	3
3042	3
3044	6
3045	4
3046	6
3047	3
3048	2
3049	4
3050	3
3051	2
3052	3
3053	2
3054	4
3055	2
3056	5
3057	5
3058	1
3059	3
3060	5
3061	2
3062	2
3063	3
3065	1
3066	2
3067	3
3068	3
3069	2
3070	3
3071	4
3072	1
3073	4
3074	1
3075	4
3077	1
3078	1
3079	1
3080	2
3081	1
3082	2
3083	2
3084	1
3085	5
3086	2
3087	2
3088	7
3089	2
3091	4
3092	4
3093	3
3094	6
3095	4
3096	3
3097	3
3099	2
3100	3
3101	2
3103	2
3104	2
3105	5
3106	4
3107	7
3108	4
3109	2
3110	3
3111	2
3112	2
3113	1
3114	2
3115	4
3116	5
3117	4
3118	1
3119	4
3120	2
3121	2
3122	3
3123	1
3125	2
3126	4
3128	1
3129	2
3130	2
3131	3
3132	3
3133	2
3134	2
3135	1
3136	1
3137	6
3138	2
3139	3
3140	5
3141	2
3142	2
3143	2
3144	3
3145	1
3146	2
3147	2
3148	2
3149	4
3150	2
3151	2
3152	4
3153	2
3154	4
3155	3
3156	2
3157	6
3158	6
3159	4
3160	1
3161	5
3162	6
3163	5
3164	1
3165	2
3166	2
3167	4
3168	1
3169	4
3170	3
3171	2
3172	3
3173	2
3174	2
3175	7
3176	3
3178	5
3179	4
3181	2
3182	4
3183	6
3184	3
3185	3
3186	4
3187	4
3188	2
3189	3
3190	2
3191	5
3192	1
3193	6
3194	2
3195	3
3196	2
3197	2
3198	6
3199	3
3201	4
3202	3
3203	3
3204	2
3205	3
3206	2
3207	4
3208	3
3209	1
3210	4
3211	1
3213	2
3214	2
3215	1
3216	1
3217	1
3218	3
3219	2
3220	2
3221	2
3222	5
3223	4
3224	2
3225	4
3226	5
3228	1
3229	2
3230	2
3231	3
3232	2
3233	3
3235	1
3236	2
3237	1
3238	4
3239	2
3240	3
3242	2
3243	6
3245	1
3246	1
3247	1
3248	1
3249	1
3251	4
3252	2
3253	1
3254	1
3255	1
3256	2
3257	1
3258	2
3259	3
3260	1
3261	4
3262	2
3263	1
3264	2
3265	1
3267	1
3268	1
3269	3
3271	7
3272	1
3274	3
3275	1
3276	3
3277	3
3278	1
3279	3
3280	1
3281	3
3282	1
3284	1
3285	3
3286	5
3287	2
3289	2
3290	2
3291	2
3292	2
3293	3
3295	3
3296	3
3297	5
3298	2
3299	3
3300	3
3301	1
3303	3
3304	2
3305	4
3306	4
3307	3
3308	2
3309	1
3310	3
3311	3
3312	1
3313	3
3314	4
3315	4
3316	5
3317	1
3318	2
3319	5
3320	2
3321	2
3322	2
3323	4
3324	4
3325	2
3326	2
3328	6
3329	3
3330	1
3331	1
3332	2
3333	2
3334	5
3335	1
3336	1
3337	3
3338	1
3339	5
3341	2
3342	3
3343	2
3344	2
3345	5
3346	3
3347	3
3349	1
3350	6
3351	2
3352	7
3353	1
3354	2
3355	5
3356	2
3357	1
3358	2
3359	2
3360	1
3361	1
3362	4
3363	2
3364	3
3365	4
3366	2
3367	5
3368	3
3369	1
3370	1
3371	2
3372	1
3373	3
3374	2
3375	1
3376	1
3377	3
3378	5
3379	1
3380	2
3381	4
3382	4
3385	4
3387	4
3388	5
3389	4
3390	1
3391	1
3392	4
3394	3
3396	3
3397	3
3398	3
3399	3
3400	1
3401	1
3402	2
3403	3
3405	1
3407	2
3411	3
3412	2
3413	3
3414	2
3415	1
3416	3
3417	1
3418	1
3419	1
3420	1
3421	2
3422	3
3423	2
3424	3
3425	2
3426	3
3427	3
3428	2
3429	5
3430	2
3431	2
3432	3
3433	5
3434	3
3435	1
3436	3
3437	2
3438	5
3439	4
3440	2
3441	3
3442	2
3443	2
3444	3
3445	2
3446	2
3447	3
3448	3
3450	2
3451	2
3452	2
3453	1
3454	1
3455	1
3456	5
3457	3
3458	3
3460	2
3461	1
3462	3
3463	4
3465	1
3466	4
3467	2
3468	5
3469	4
3470	4
3471	5
3472	2
3473	3
3474	3
3475	2
3476	5
3477	1
3481	4
3482	2
3483	1
3484	1
3486	1
3487	2
3488	1
3489	4
3490	1
3491	3
3492	6
3493	2
3495	3
3496	1
3497	3
3498	1
3499	3
3501	1
3502	1
3503	2
3504	2
3505	4
3506	3
3509	5
3510	4
3512	3
3513	4
3514	2
3515	4
3516	2
3517	7
3518	4
3519	2
3520	3
3521	2
3522	3
3523	4
3524	2
3525	3
3526	1
3527	1
3528	2
3529	5
3530	1
3531	1
3532	2
3534	3
3535	1
3536	2
3537	2
3538	6
3539	3
3540	1
3541	3
3542	4
3543	3
3544	6
3545	3
3546	3
3547	2
3548	3
3549	4
3550	3
3552	2
3553	2
3554	3
3555	2
3556	1
3557	3
3558	2
3559	1
3560	3
3561	4
3562	1
3563	4
3564	1
3565	1
3566	1
3567	2
3568	3
3569	1
3570	5
3571	1
3572	4
3573	2
3574	3
3575	1
3576	2
3577	2
3579	1
3580	4
3581	5
3582	1
3584	1
3586	2
3587	1
3589	3
3590	1
3592	5
3593	3
3594	3
3595	3
3596	1
3597	4
3598	3
3600	3
3602	1
3604	2
3605	2
3606	2
3609	1
3610	4
3611	3
3612	3
3613	5
3614	2
3615	3
3616	1
3617	7
3618	2
3619	4
3620	4
3621	1
3622	1
3623	4
3624	3
3625	6
3626	1
3627	3
3628	4
3629	3
3632	3
3633	2
3634	3
3635	2
3636	3
3637	2
3638	1
3639	1
3640	3
3641	1
3642	2
3643	5
3644	3
3645	1
3646	1
3647	4
3648	3
3649	1
3650	2
3651	1
3653	1
3654	3
3655	1
3656	1
3657	1
3659	1
3660	1
3661	2
3662	2
3663	2
3664	2
3665	3
3667	3
3668	2
3669	1
3670	2
3672	2
3673	4
3677	1
3678	2
3679	4
3680	2
3683	3
3684	4
3685	3
3686	3
3687	3
3688	1
3689	1
3690	3
3691	3
3692	1
3693	3
3694	4
3695	2
3696	2
3697	1
3698	4
3699	2
3700	2
3701	2
3702	2
3704	5
3705	1
3706	1
3707	1
3708	2
3709	1
3710	6
3711	1
3712	1
3713	3
3714	2
3715	5
3717	2
3718	3
3719	3
3720	3
3721	3
3722	3
3726	1
3727	3
3728	2
3729	3
3730	1
3731	2
3733	3
3734	3
3735	4
3736	3
3737	4
3738	1
3739	3
3740	2
3742	2
3743	4
3745	3
3746	1
3748	5
3750	2
3751	2
3752	3
3754	7
3755	2
3756	1
3757	5
3758	1
3759	2
3761	2
3762	2
3763	3
3764	4
3765	2
3766	2
3767	2
3768	1
3769	3
3771	3
3772	1
3773	2
3775	1
3776	2
3777	6
3778	3
3779	4
3780	2
3781	5
3782	1
3783	1
3784	1
3785	1
3786	2
3787	3
3788	1
3789	3
3790	5
3791	3
3792	3
3793	4
3795	3
3796	3
3797	4
3798	4
3800	5
3801	2
3802	1
3803	2
3804	3
3806	3
3807	4
3808	1
3809	4
3810	3
3811	1
3812	5
3813	3
3814	1
3815	1
3816	3
3817	1
3818	1
3819	3
3820	3
3821	1
3822	1
3823	3
3824	1
3825	5
3826	3
3827	2
3828	1
3829	1
3830	2
3831	8
3832	5
3833	4
3834	3
3835	2
3836	3
3838	3
3840	2
3842	4
3844	2
3846	1
3847	3
3848	4
3849	3
3850	2
3851	2
3852	4
3854	2
3855	4
3856	4
3857	3
3858	4
3859	1
3860	3
3861	3
3863	1
3864	1
3865	3
3866	3
3867	4
3868	1
3869	3
3870	2
3871	3
3872	1
3873	2
3874	2
3875	2
3876	3
3877	1
3878	3
3881	2
3882	4
3883	1
3884	2
3885	1
3886	1
3887	2
3888	2
3889	1
3890	1
3892	4
3893	3
3894	1
3895	3
3896	1
3899	1
3900	4
3901	2
3902	1
3903	1
3904	1
3906	1
3907	2
3908	2
3909	2
3910	2
3911	6
3912	1
3913	2
3914	4
3915	3
3916	2
3917	1
3921	2
3923	5
3926	1
3927	2
3928	1
3929	1
3930	2
3931	3
3932	1
3933	4
3934	1
3935	2
3936	3
3938	1
3939	1
3940	2
3941	1
3942	1
3943	1
3944	3
3945	3
3946	4
3947	1
3948	2
3949	2
3950	4
3952	2
3953	2
3954	2
3955	1
3956	1
3957	1
3958	2
3959	2
3960	6
3961	1
3963	4
3964	4
3965	2
3966	4
3968	3
3969	3
3970	2
3971	5
3972	1
3973	1
3974	3
3975	1
3976	3
3977	1
3978	4
3979	1
3981	1
3982	3
3984	2
3985	1
3987	3
3988	2
3989	2
3990	1
3991	1
3992	5
3993	2
3994	3
3996	1
3998	3
4000	2
4001	2
4006	1
4007	3
4008	1
4009	2
4010	2
4011	1
4012	3
4013	3
4014	3
4015	3
4016	3
4019	1
4020	2
4021	2
4022	6
4023	2
4024	3
4026	1
4027	3
4028	2
4029	3
4030	3
4032	3
4033	2
4034	3
4035	2
4036	1
4037	4
4038	3
4039	5
4040	2
4041	1
4042	4
4043	2
4044	1
4045	2
4046	2
4047	1
4049	2
4051	2
4052	2
4053	1
4054	1
4055	3
4056	1
4057	3
4058	1
4059	3
4060	6
4062	4
4063	5
4064	2
4065	4
4066	2
4067	3
4068	1
4069	1
4070	4
4072	4
4073	2
4074	2
4076	1
4078	1
4079	1
4081	3
4082	1
4083	3
4084	3
4085	1
4086	1
4087	2
4089	3
4090	2
4091	5
4092	1
4097	3
4098	3
4099	2
4101	1
4102	3
4103	2
4104	1
4105	1
4106	1
4107	1
4108	1
4109	1
4110	1
4111	3
4112	3
4115	2
4117	2
4118	1
4120	3
4121	3
4122	4
4123	1
4124	1
4125	1
4126	1
4127	2
4128	2
4129	4
4130	5
4131	2
4132	3
4133	4
4136	1
4137	4
4138	3
4139	3
4140	2
4141	2
4142	4
4143	1
4144	3
4145	1
4146	2
4147	3
4148	3
4149	1
4150	1
4151	2
4152	1
4153	1
4154	1
4156	2
4157	1
4158	1
4160	4
4161	1
4162	4
4163	1
4164	3
4165	2
4166	2
4170	1
4171	1
4172	3
4173	1
4175	3
4176	2
4178	3
4179	1
4180	1
4181	1
4182	3
4183	2
4184	2
4185	3
4186	5
4187	2
4189	2
4190	1
4193	1
4195	2
4196	7
4197	4
4198	2
4200	2
4201	3
4202	2
4204	1
4205	2
4206	5
4207	2
4208	2
4209	1
4211	1
4212	1
4213	1
4214	3
4216	1
4217	2
4218	4
4219	1
4220	1
4221	2
4223	2
4224	1
4225	1
4226	2
4227	2
4228	1
4229	1
4231	3
4232	2
4233	2
4234	2
4235	2
4236	3
4238	4
4239	2
4241	2
4243	1
4245	5
4246	2
4248	2
4249	1
4252	2
4256	1
4257	1
4258	3
4259	1
4260	4
4261	6
4262	2
4263	2
4264	4
4265	3
4266	1
4267	2
4269	1
4270	1
4271	5
4272	1
4273	1
4275	3
4276	2
4278	1
4279	3
4281	2
4283	2
4285	2
4286	2
4287	3
4288	3
4289	3
4290	3
4291	1
4292	1
4293	1
4294	3
4295	2
4297	4
4298	2
4299	1
4300	1
4301	1
4302	2
4303	4
4304	1
4308	2
4309	1
4310	1
4311	3
4312	1
4313	1
4315	1
4316	3
4317	2
4318	1
4319	3
4320	2
4321	1
4322	2
4323	2
4324	1
4325	1
4326	2
4327	1
4328	3
4329	2
4330	1
4331	6
4332	4
4333	1
4334	2
4335	1
4336	3
4337	1
4338	3
4339	3
4340	2
4341	2
4342	3
4343	1
4345	2
4346	1
4347	2
4349	2
4350	1
4351	2
4352	3
4353	1
4354	3
4355	3
4356	2
4357	2
4358	5
4359	2
4360	2
4361	2
4363	1
4364	4
4366	2
4367	1
4368	1
4369	1
4371	2
4372	1
4373	2
4374	4
4375	2
4376	1
4379	1
4380	2
4381	2
4384	4
4385	2
4386	2
4387	1
4389	1
4390	2
4391	2
4392	3
4393	2
4394	2
4395	2
4396	2
4398	1
4400	3
4401	2
4402	1
4403	1
4404	1
4405	2
4406	2
4407	4
4408	2
4409	4
4410	4
4411	1
4412	1
4413	2
4415	4
4418	2
4419	2
4421	2
4422	1
4423	1
4424	1
4426	2
4427	4
4429	5
4430	1
4431	4
4432	1
4433	1
4434	1
4435	2
4436	1
4437	2
4438	3
4439	1
4440	2
4441	2
4443	1
4444	2
4445	1
4446	2
4447	1
4448	1
4450	4
4452	3
4453	1
4454	1
4455	1
4456	1
4457	2
4458	4
4459	3
4460	4
4461	1
4462	3
4465	5
4467	1
4469	1
4471	1
4473	2
4475	1
4476	3
4478	2
4479	3
4480	1
4481	2
4482	2
4483	4
4484	2
4487	3
4488	2
4490	2
4491	2
4492	3
4494	1
4495	1
4496	2
4497	2
4498	2
4500	2
4502	3
4503	3
4504	1
4505	3
4506	2
4508	2
4509	3
4510	3
4511	1
4512	2
4513	2
4514	1
4515	2
4517	1
4518	1
4519	3
4520	1
4521	2
4522	3
4524	1
4525	1
4527	6
4528	2
4529	2
4531	1
4533	1
4534	1
4535	2
4536	3
4537	1
4538	1
4539	4
4540	3
4541	6
4542	2
4545	1
4546	2
4547	2
4548	2
4549	1
4551	3
4552	6
4553	1
4554	2
4555	3
4556	1
4558	2
4559	1
4560	1
4562	3
4563	1
4564	4
4565	1
4566	4
4567	2
4568	2
4569	1
4570	3
4571	2
4573	4
4574	2
4575	2
4576	1
4577	3
4578	1
4579	2
4580	2
4581	2
4582	5
4583	2
4585	1
4586	1
4587	2
4588	2
4589	6
4590	3
4592	3
4593	1
4595	1
4596	1
4597	1
4598	1
4599	2
4601	5
4602	3
4603	1
4604	1
4606	2
4609	2
4610	1
4611	2
4612	1
4613	1
4614	1
4615	1
4616	2
4620	3
4621	2
4622	1
4623	2
4624	1
4625	3
4626	2
4627	1
4629	3
4632	2
4633	1
4634	1
4638	1
4639	2
4640	1
4641	2
4642	2
4643	1
4644	2
4645	2
4646	1
4647	1
4648	3
4649	1
4650	2
4652	1
4653	2
4654	1
4655	2
4656	4
4658	1
4660	2
4661	3
4663	1
4664	2
4665	2
4666	1
4667	1
4668	2
4670	2
4671	3
4672	1
4674	1
4675	2
4676	2
4679	1
4680	3
4681	2
4683	1
4684	1
4686	1
4687	3
4688	1
4689	3
4690	1
4691	1
4692	1
4693	1
4694	1
4695	1
4696	2
4697	2
4698	1
4699	2
4700	1
4701	3
4702	1
4703	2
4705	2
4707	1
4708	1
4709	1
4712	1
4713	1
4714	2
4715	1
4716	2
4717	3
4718	3
4719	2
4720	1
4721	2
4722	1
4723	1
4724	1
4725	5
4726	3
4727	1
4728	2
4730	3
4731	4
4732	1
4733	1
4734	1
4735	1
4736	2
4737	1
4738	1
4739	1
4740	1
4741	2
4742	5
4743	1
4744	1
4745	4
4747	2
4748	3
4749	4
4750	2
4751	1
4752	3
4753	5
4754	2
4755	1
4756	1
4757	2
4758	1
4759	1
4760	4
4761	2
4763	1
4764	2
4765	4
4766	2
4767	2
4770	2
4771	3
4772	1
4773	2
4774	2
4775	1
4776	1
4777	1
4778	2
4779	1
4780	1
4781	3
4782	1
4783	2
4784	1
4785	2
4786	2
4787	1
4788	1
4790	1
4791	3
4792	3
4793	1
4794	2
4795	1
4796	3
4797	1
4798	1
4799	1
4800	1
4801	4
4802	1
4803	1
4804	1
4805	1
4806	1
4807	3
4808	4
4809	2
4810	1
4811	1
4812	1
4813	2
4814	4
4816	1
4817	2
4819	1
4820	3
4821	1
4822	1
4824	1
4825	4
4826	3
4828	2
4830	2
4832	3
4834	1
4835	2
4837	2
4838	1
4839	2
4840	1
4843	2
4847	1
4848	2
4849	1
4851	3
4854	2
4855	2
4856	2
4857	1
4858	4
4859	2
4860	2
4861	1
4862	1
4863	2
4865	4
4866	1
4868	2
4871	1
4872	1
4873	1
4874	1
4875	2
4876	2
4877	3
4878	2
4879	1
4880	1
4881	2
4882	2
4883	2
4884	2
4885	5
4886	2
4889	1
4891	3
4892	3
4893	2
4894	1
4896	1
4897	1
4898	1
4899	5
4903	1
4904	3
4905	2
4906	2
4907	3
4909	2
4910	2
4911	1
4914	3
4915	2
4916	2
4917	1
4919	2
4920	1
4921	1
4922	3
4924	1
4925	1
4926	2
4927	5
4929	4
4930	2
4931	1
4933	1
4934	1
4937	1
4938	1
4939	4
4940	5
4941	3
4942	2
4943	1
4945	2
4946	1
4948	1
4949	3
4950	1
4951	1
4952	2
4954	3
4955	1
4956	2
4957	1
4959	1
4961	1
4963	1
4964	2
4965	1
4966	2
4968	5
4969	2
4970	2
4971	2
4972	1
4973	1
4974	3
4975	2
4976	1
4977	1
4978	3
4979	2
4981	1
4984	3
4985	1
4986	4
4987	1
4988	1
4989	2
4990	2
4991	3
4993	1
4994	2
4995	2
4996	3
4997	1
4998	1
4999	2
5002	1
5003	1
5004	1
5005	2
5006	1
5007	1
5008	1
5009	1
5010	1
5011	3
5012	3
5013	2
5014	2
5016	1
5017	1
5018	1
5019	1
5020	1
5021	2
5024	2
5025	2
5026	1
5027	1
5029	3
5030	1
5031	4
5032	1
5033	2
5036	1
5037	1
5038	4
5039	2
5040	2
5041	2
5042	1
5045	2
5046	4
5047	1
5049	2
5050	2
5053	1
5054	2
5055	1
5057	1
5059	1
5060	3
5063	2
5064	1
5065	2
5066	3
5067	2
5068	1
5069	3
5070	3
5071	4
5074	1
5075	2
5076	1
5077	1
5078	1
5079	1
5080	3
5081	3
5082	4
5083	1
5084	2
5086	3
5089	2
5090	2
5091	1
5092	2
5093	1
5094	1
5095	1
5096	2
5097	1
5099	2
5100	1
5101	2
5102	1
5104	1
5105	2
5108	2
5109	1
5110	2
5111	1
5112	1
5113	1
5114	2
5115	1
5116	2
5118	4
5119	1
5120	1
5121	1
5122	1
5123	4
5124	2
5127	1
5128	1
5130	2
5131	2
5133	1
5134	2
5135	2
5136	1
5137	1
5138	2
5139	2
5143	4
5144	1
5146	2
5149	3
5150	4
5151	1
5153	3
5154	1
5156	2
5157	4
5158	1
5159	3
5162	2
5165	1
5166	2
5168	2
5169	3
5170	1
5171	2
5173	2
5175	2
5176	1
5177	2
5178	1
5179	1
5180	4
5181	1
5183	3
5185	1
5186	1
5187	2
5188	2
5189	2
5190	2
5191	2
5192	1
5194	1
5195	1
5196	3
5197	1
5198	1
5199	6
5200	2
5202	1
5204	4
5205	1
5207	1
5208	2
5210	1
5211	2
5213	2
5215	1
5217	1
5218	3
5226	2
5228	1
5230	1
5231	1
5232	2
5233	1
5234	3
5235	2
5236	3
5237	1
5238	1
5239	2
5242	2
5244	2
5246	1
5247	2
5249	1
5250	3
5251	2
5252	3
5253	2
5254	3
5255	1
5256	2
5257	1
5259	1
5260	1
5261	3
5263	1
5264	2
5265	1
5269	1
5270	2
5271	1
5272	1
5273	4
5274	4
5276	1
5277	2
5278	1
5279	2
5280	3
5281	1
5282	1
5285	3
5287	1
5288	1
5290	1
5291	1
5294	2
5295	1
5297	3
5298	1
5300	1
5301	1
5302	2
5303	3
5304	2
5305	1
5306	1
5307	1
5308	1
5310	1
5313	2
5316	3
5317	1
5318	1
5319	3
5320	2
5321	1
5323	3
5326	1
5327	1
5328	3
5330	2
5331	1
5332	2
5333	5
5334	1
5335	1
5336	5
5337	1
5338	1
5339	2
5340	4
5341	2
5342	1
5344	2
5345	1
5346	1
5347	1
5348	2
5349	1
5351	1
5352	3
5353	1
5354	3
5355	1
5356	1
5357	3
5358	1
5360	2
5361	1
5362	2
5363	1
5364	1
5365	1
5366	4
5367	1
5368	1
5370	1
5371	1
5372	1
5373	3
5374	1
5375	3
5376	1
5377	2
5378	4
5379	1
5380	2
5384	1
5385	3
5386	2
5387	2
5388	1
5390	2
5391	2
5393	1
5394	1
5395	1
5396	3
5397	1
5398	1
5399	2
5400	1
5401	1
5402	1
5403	3
5404	1
5405	2
5408	3
5409	2
5410	3
5411	1
5412	1
5413	1
5414	1
5416	1
5417	3
5418	2
5419	2
5420	1
5421	1
5422	1
5423	1
5424	2
5425	3
5428	3
5429	2
5430	2
5431	2
5432	3
5434	3
5436	1
5439	2
5440	3
5441	1
5442	1
5443	2
5444	2
5446	1
5448	1
5452	2
5453	1
5454	1
5455	1
5458	1
5460	1
5461	4
5463	2
5464	2
5465	1
5466	1
5467	1
5469	1
5470	1
5471	2
5472	1
5475	4
5479	2
5480	2
5481	2
5482	1
5487	2
5488	2
5491	1
5492	2
5493	2
5494	2
5495	1
5496	2
5497	3
5498	2
5499	1
5500	1
5501	1
5502	1
5503	1
5504	5
5505	1
5507	2
5508	3
5511	1
5512	2
5513	1
5514	2
5516	2
5518	1
5519	1
5520	1
5521	1
5522	1
5524	1
5525	2
5526	1
5527	1
5528	3
5529	1
5532	2
5533	2
5535	2
5536	1
5538	1
5539	2
5540	2
5541	3
5543	1
5545	2
5546	1
5547	2
5548	2
5549	1
5550	2
5551	1
5552	1
5553	1
5554	1
5555	2
5556	2
5557	2
5559	1
5561	1
5563	2
5565	1
5568	1
5570	1
5571	2
5572	1
5573	2
5574	1
5575	2
5576	1
5577	3
5579	1
5580	2
5581	2
5582	1
5583	2
5584	3
5585	1
5586	2
5587	1
5589	1
5591	1
5592	1
5594	2
5595	2
5596	1
5597	1
5598	2
5601	2
5602	1
5603	2
5604	2
5605	4
5607	1
5608	1
5609	3
5612	3
5613	1
5614	2
5616	4
5617	1
5618	2
5619	2
5620	5
5621	2
5622	3
5625	2
5626	2
5628	1
5629	1
5633	1
5634	1
5638	1
5639	1
5640	2
5641	3
5642	1
5644	1
5645	2
5648	2
5649	1
5650	2
5651	2
5652	3
5656	2
5657	3
5658	2
5661	1
5662	1
5663	1
5664	1
5666	3
5667	2
5669	1
5671	1
5672	3
5673	1
5674	2
5675	2
5677	2
5678	2
5679	1
5680	2
5684	1
5685	2
5687	1
5688	2
5689	2
5690	1
5691	1
5692	1
5693	1
5694	1
5696	1
5697	1
5698	3
5699	1
5700	2
5702	1
5703	2
5704	2
5706	1
5707	1
5708	1
5709	1
5710	1
5711	2
5712	1
5713	1
5714	2
5715	4
5717	2
5719	1
5720	3
5721	1
5722	2
5723	1
5727	1
5729	1
5730	3
5731	3
5732	2
5733	1
5734	1
5735	1
5737	4
5738	2
5739	3
5740	2
5742	1
5743	3
5745	1
5746	2
5747	1
5748	5
5749	1
5752	2
5755	1
5756	5
5759	1
5760	1
5762	2
5763	2
5765	1
5768	1
5769	1
5771	1
5772	1
5773	2
5775	3
5776	2
5777	1
5778	2
5779	3
5780	1
5781	4
5782	1
5784	1
5786	1
5787	1
5789	1
5790	1
5793	2
5794	4
5795	1
5798	2
5799	2
5800	1
5801	2
5802	2
5803	4
5805	4
5806	2
5807	2
5809	1
5810	1
5812	3
5813	2
5815	1
5816	2
5817	1
5821	1
5822	1
5823	1
5824	1
5827	1
5829	1
5830	3
5831	1
5835	1
5837	1
5838	1
5839	1
5840	1
5842	1
5843	2
5844	1
5845	4
5846	2
5848	3
5849	2
5850	1
5852	2
5857	1
5858	1
5859	1
5861	2
5862	1
5863	1
5864	1
5866	1
5868	1
5870	1
5871	1
5872	1
5873	1
5874	2
5877	3
5879	2
5881	2
5882	3
5883	2
5884	1
5886	1
5888	3
5889	2
5892	1
5894	1
5895	1
5896	2
5898	1
5899	2
5900	2
5901	2
5902	2
5903	3
5904	2
5905	1
5906	1
5907	3
5909	2
5911	3
5913	1
5914	1
5915	5
5918	2
5919	1
5920	2
5921	2
5923	1
5924	1
5925	2
5927	1
5928	2
5930	1
5931	2
5932	1
5933	2
5935	2
5936	1
5937	1
5938	2
5939	1
5940	1
5942	1
5943	1
5944	1
5945	2
5947	1
5948	2
5950	2
5952	2
5953	1
5957	2
5958	1
5959	1
5960	2
5961	2
5962	1
5965	1
5966	1
5967	1
5968	2
5969	1
5971	3
5972	1
5973	1
5975	1
5976	3
5977	3
5978	1
5979	1
5980	2
5983	1
5985	1
5988	2
5990	1
5991	1
5992	4
5994	1
5995	1
5996	1
5997	1
5999	1
6002	1
6003	2
6004	1
6006	1
6008	1
6009	1
6011	3
6012	2
6013	2
6015	1
6016	2
6018	2
6021	1
6022	3
6023	1
6025	3
6026	1
6027	1
6028	1
6029	3
6034	2
6035	1
6036	2
6037	1
6038	1
6039	2
6040	3
6041	1
6042	1
6044	1
6046	1
6048	2
6049	2
6050	1
6051	1
6053	1
6058	1
6061	1
6065	1
6066	1
6067	1
6068	1
6069	1
6072	1
6073	4
6075	1
6076	1
6082	2
6084	2
6085	3
6086	1
6087	2
6088	2
6090	2
6091	1
6092	1
6094	1
6097	2
6099	2
6102	1
6103	2
6105	1
6106	2
6109	2
6110	3
6111	1
6112	1
6113	1
6115	1
6116	1
6119	1
6120	2
6121	1
6124	1
6125	1
6126	1
6128	1
6131	4
6132	1
6133	2
6134	1
6136	2
6137	1
6140	1
6141	2
6142	1
6144	1
6146	1
6147	2
6148	2
6149	4
6150	1
6151	2
6152	1
6154	2
6155	1
6157	2
6159	3
6161	3
6162	1
6163	4
6164	1
6165	2
6166	4
6168	5
6170	6
6171	1
6172	2
6173	1
6174	2
6175	1
6176	1
6177	3
6178	1
6179	2
6180	1
6181	1
6182	1
6183	1
6187	1
6188	2
6189	1
6190	1
6191	1
6193	2
6194	1
6195	1
6197	1
6198	4
6199	1
6202	1
6203	1
6204	1
6205	2
6206	2
6207	2
6208	2
6209	1
6210	1
6212	1
6213	2
6214	1
6215	1
6216	1
6217	1
6220	2
6224	1
6225	1
6228	1
6229	2
6231	1
6233	1
6234	3
6235	1
6236	1
6237	1
6238	2
6239	1
6241	2
6245	1
6246	1
6247	2
6250	1
6253	2
6254	1
6256	1
6261	1
6263	1
6264	2
6265	3
6266	1
6267	3
6268	2
6269	1
6271	1
6273	1
6274	3
6276	1
6278	1
6280	1
6281	1
6283	2
6284	3
6286	3
6287	1
6289	2
6292	1
6294	3
6297	1
6298	1
6299	2
6302	1
6303	1
6305	3
6307	2
6308	1
6309	3
6310	1
6316	2
6318	2
6319	3
6322	3
6323	1
6325	2
6326	1
6327	2
6328	2
6331	1
6332	1
6333	1
6334	2
6336	3
6339	2
6342	1
6344	1
6346	3
6349	3
6350	2
6351	1
6352	1
6353	2
6355	1
6357	3
6358	1
6360	2
6361	1
6363	2
6364	1
6365	2
6367	2
6368	1
6369	1
6370	1
6371	1
6372	2
6373	1
6376	1
6377	3
6378	1
6379	1
6380	1
6381	1
6382	1
6383	2
6384	1
6385	2
6386	2
6387	1
6388	1
6390	2
6392	3
6393	2
6394	2
6395	1
6397	1
6399	1
6400	2
6402	1
6405	1
6406	2
6407	1
6408	1
6409	1
6410	2
6412	1
6413	1
6418	1
6419	1
6420	1
6422	5
6423	1
6424	1
6425	1
6426	1
6428	1
6429	2
6430	2
6432	2
6437	2
6439	3
6443	1
6445	3
6446	1
6447	2
6449	3
6450	2
6451	1
6453	2
6455	2
6458	2
6461	2
6462	1
6464	1
6465	2
6467	4
6468	2
6470	2
6471	1
6472	2
6473	1
6474	1
6475	1
6476	1
6477	2
6478	4
6479	1
6480	1
6481	2
6482	1
6483	2
6484	1
6487	1
6488	3
6490	1
6492	2
6499	2
6501	1
6505	1
6508	1
6510	1
6511	2
6515	2
6517	1
6519	1
6520	1
6523	1
6524	1
6525	1
6526	2
6527	2
6529	3
6533	2
6536	1
6540	1
6541	1
6544	1
6545	1
6546	2
6548	2
6550	3
6551	2
6552	1
6553	2
6555	2
6556	2
6558	2
6560	2
6562	3
6563	3
6564	1
6566	1
6567	1
6569	1
6572	1
6573	1
6577	2
6578	1
6579	2
6582	2
6583	2
6584	1
6585	2
6587	1
6588	1
6589	2
6592	1
6593	1
6594	2
6596	1
6597	1
6598	1
6600	1
6604	1
6605	1
6607	1
6608	2
6609	1
6611	1
6612	2
6614	2
6615	1
6616	3
6618	1
6619	1
6620	3
6621	2
6622	2
6624	1
6625	3
6627	1
6628	1
6629	2
6630	2
6632	1
6634	3
6636	1
6637	1
6638	1
6639	2
6642	1
6643	1
6644	4
6645	2
6646	1
6648	1
6650	1
6651	3
6653	1
6654	2
6655	1
6658	1
6659	1
6661	1
6662	2
6664	2
6665	2
6666	1
6667	3
6669	1
6671	2
6673	2
6677	2
6679	1
6680	3
6681	1
6682	1
6683	1
6689	1
6690	1
6692	1
6694	1
6695	2
6697	1
6698	1
6699	1
6700	1
6703	1
6704	1
6708	1
6709	1
6710	1
6712	2
6713	2
6715	1
6716	2
6717	1
6719	1
6721	1
6724	1
6725	2
6726	1
6729	2
6730	4
6734	1
6735	1
6737	1
6739	1
6740	2
6741	1
6743	2
6744	2
6745	1
6747	1
6748	1
6750	3
6752	3
6753	2
6754	2
6756	1
6757	1
6758	1
6759	1
6760	1
6761	1
6764	3
6766	1
6767	1
6769	1
6770	1
6772	3
6773	1
6774	2
6775	5
6776	2
6779	2
6780	1
6781	1
6782	1
6785	1
6787	1
6788	2
6789	1
6790	3
6792	1
6793	3
6795	1
6796	1
6798	4
6800	1
6802	1
6803	1
6804	1
6806	1
6810	1
6814	2
6815	1
6817	1
6819	2
6820	2
6821	2
6823	2
6826	1
6828	2
6829	4
6830	1
6834	1
6837	2
6838	1
6840	1
6843	3
6845	2
6847	2
6848	1
6852	2
6853	2
6854	1
6857	1
6858	2
6859	1
6860	1
6861	2
6862	1
6863	1
6866	1
6869	1
6870	3
6873	1
6875	1
6879	1
6885	1
6886	2
6887	1
6888	1
6889	1
6893	1
6895	1
6897	1
6902	2
6903	2
6904	1
6905	1
6909	1
6910	3
6911	1
6912	2
6913	2
6915	2
6916	1
6917	1
6919	1
6921	2
6922	1
6923	2
6924	1
6927	1
6928	1
6929	1
6930	1
6931	2
6933	1
6934	1
6936	1
6937	1
6938	1
6940	1
6943	1
6946	1
6949	1
6951	1
6952	1
6954	2
6958	1
6960	1
6963	2
6965	1
6966	1
6968	3
6974	1
6976	1
6977	1
6980	3
6984	1
6986	2
6987	1
6990	1
6991	1
6993	1
6994	1
6995	1
6996	1
6997	1
6998	1
6999	3
7000	2
7003	3
7005	2
7006	1
7011	1
7013	1
7015	2
7019	3
7020	2
7021	1
7030	2
7031	1
7034	1
7035	3
7036	2
7037	2
7038	4
7040	1
7042	2
7043	2
7045	1
7047	2
7048	1
7049	1
7051	3
7055	1
7056	2
7059	2
7060	1
7062	2
7063	1
7064	1
7068	1
7072	1
7075	1
7078	2
7080	1
7081	1
7082	2
7085	1
7086	2
7088	3
7089	2
7093	1
7097	1
7099	1
7101	2
7102	1
7104	4
7110	2
7111	2
7112	1
7113	1
7115	1
7116	3
7120	1
7121	1
7122	2
7123	2
7125	1
7126	2
7136	1
7137	1
7139	1
7140	3
7142	1
7144	1
7145	2
7146	1
7147	1
7149	1
7154	1
7157	1
7159	1
7160	1
7162	1
7163	1
7164	2
7165	1
7166	1
7167	1
7168	1
7169	2
7170	1
7171	1
7173	1
7174	1
7176	1
7177	2
7179	1
7180	2
7181	1
7182	2
7187	4
7188	1
7191	1
7192	1
7193	1
7197	1
7199	2
7200	2
7201	1
7202	2
7203	1
7204	1
7207	2
7209	2
7210	1
7211	2
7212	1
7213	1
7214	1
7216	1
7217	1
7219	1
7223	1
7224	1
7227	1
7228	2
7231	1
7233	1
7234	1
7237	1
7238	1
7241	2
7242	1
7244	2
7245	1
7246	2
7251	2
7253	1
7254	1
7255	1
7256	2
7259	2
7260	1
7261	2
7262	1
7263	2
7265	1
7267	1
7268	1
7270	4
7272	1
7275	3
7276	2
7277	1
7278	1
7279	2
7280	1
7281	1
7282	2
7283	1
7285	1
7287	1
7288	1
7290	1
7293	1
7294	2
7295	1
7296	2
7298	1
7299	1
7300	2
7301	1
7303	1
7304	2
7307	2
7313	3
7314	1
7316	2
7317	1
7319	3
7321	2
7324	1
7326	2
7329	3
7333	5
7334	1
7335	1
7336	2
7340	1
7343	1
7344	1
7345	1
7350	1
7353	1
7354	2
7356	1
7359	2
7360	1
7363	3
7365	1
7370	3
7374	1
7375	1
7383	1
7385	1
7386	3
7388	1
7389	2
7391	1
7392	1
7395	3
7396	2
7398	1
7399	2
7400	2
7403	1
7405	1
7409	1
7410	1
7411	1
7412	1
7414	1
7419	1
7420	1
7421	1
7429	1
7433	2
7434	1
7436	1
7437	1
7439	2
7443	2
7446	1
7447	3
7448	2
7449	1
7451	1
7452	1
7453	1
7458	1
7460	1
7464	2
7466	1
7469	1
7470	2
7471	1
7474	1
7480	2
7483	2
7484	2
7485	1
7491	1
7493	1
7494	2
7497	1
7499	2
7505	1
7506	1
7507	2
7508	2
7509	1
7510	1
7516	2
7518	2
7519	2
7520	1
7521	1
7523	3
7524	1
7525	1
7526	1
7527	3
7528	2
7529	1
7530	1
7531	2
7533	1
7534	1
7535	1
7536	1
7537	2
7538	1
7539	2
7540	1
7542	1
7543	1
7544	1
7552	2
7553	2
7554	2
7555	2
7557	1
7559	1
7562	1
7563	2
7564	2
7566	2
7567	1
7570	1
7572	1
7575	1
7576	1
7577	2
7581	4
7585	1
7586	2
7587	1
7588	1
7589	1
7591	1
7592	1
7593	1
7594	2
7595	1
7596	1
7599	1
7600	1
7602	1
7603	1
7608	2
7609	2
7612	1
7615	1
7616	1
7617	1
7619	1
7621	1
7622	1
7623	2
7624	1
7625	1
7627	1
7632	1
7633	1
7637	1
7638	2
7646	1
7647	1
7648	1
7649	1
7650	1
7651	1
7655	1
7659	2
7660	1
7661	1
7663	1
7665	1
7666	1
7667	1
7668	1
7669	1
7670	1
7671	2
7672	1
7673	1
7680	1
7681	1
7683	1
7686	1
7688	1
7689	2
7691	1
7693	1
7695	1
7696	2
7697	1
7699	3
7700	2
7702	1
7703	2
7706	3
7709	1
7710	1
7711	1
7712	1
7716	1
7717	1
7718	1
7719	1
7720	1
7721	3
7723	1
7724	2
7725	1
7726	1
7727	1
7728	1
7729	1
7730	1
7734	1
7735	3
7738	2
7739	2
7740	1
7742	3
7745	1
7748	1
7749	1
7751	1
7754	1
7760	1
7761	3
7762	1
7763	1
7765	1
7767	2
7768	1
7771	1
7774	1
7780	1
7785	1
7786	1
7788	1
7789	2
7791	1
7792	1
7793	1
7794	1
7796	1
7797	2
7799	1
7801	1
7804	2
7805	1
7808	1
7809	2
7810	1
7811	1
7815	2
7820	1
7821	1
7822	1
7824	1
7827	1
7828	1
7830	1
7831	1
7832	2
7834	1
7835	1
7836	1
7837	2
7841	3
7845	1
7849	3
7852	1
7856	1
7858	1
7859	1
7860	1
7861	1
7864	1
7870	1
7871	2
7874	1
7878	1
7879	1
7880	3
7881	3
7885	1
7888	2
7890	1
7892	2
7893	1
7899	2
7900	1
7907	2
7909	3
7911	2
7913	1
7914	1
7916	1
7918	1
7919	2
7920	1
7923	1
7926	1
7928	2
7930	1
7931	1
7932	1
7935	1
7936	3
7937	2
7945	1
7946	1
7947	1
7948	2
7949	1
7953	1
7954	1
7955	1
7956	1
7959	1
7964	1
7965	2
7966	1
7970	2
7971	1
7972	2
7973	2
7974	2
7977	1
7983	1
7985	1
7986	1
7992	1
7994	1
7996	2
7997	1
7998	1
8003	2
8006	1
8008	1
8010	1
8015	1
8017	1
8018	1
8020	1
8022	1
8023	1
8025	2
8026	1
8027	1
8032	2
8036	1
8037	1
8040	3
8041	1
8043	1
8045	1
8046	1
8047	1
8048	1
8049	1
8053	1
8054	1
8056	1
8058	1
8059	1
8060	1
8068	1
8070	1
8071	2
8072	1
8074	1
8080	1
8081	1
8085	2
8087	1
8088	3
8089	1
8092	1
8095	2
8104	1
8105	1
8107	2
8108	1
8114	2
8115	1
8118	1
8120	1
8121	1
8122	1
8125	1
8126	1
8127	1
8128	1
8132	1
8133	2
8135	1
8138	1
8139	1
8141	2
8142	1
8143	1
8144	2
8146	3
8147	1
8150	1
8151	1
8152	1
8155	1
8163	1
8166	2
8167	1
8168	1
8169	2
8171	1
8172	1
8175	1
8176	1
8177	1
8178	1
8180	2
8183	2
8185	1
8187	2
8188	1
8191	1
8192	1
8194	2
8196	2
8197	1
8198	2
8200	2
8202	1
8205	4
8206	1
8208	3
8209	1
8213	2
8215	1
8216	1
8222	2
8224	1
8226	2
8227	2
8229	3
8230	3
8232	1
8233	2
8234	1
8235	1
8236	2
8240	1
8241	3
8242	1
8245	1
8249	1
8250	3
8251	1
8262	1
8267	2
8268	1
8271	1
8272	1
8275	1
8276	1
8280	2
8282	1
8285	2
8289	1
8291	1
8293	1
8295	1
8297	1
8299	3
8306	1
8310	1
8312	2
8315	2
8316	3
8318	1
8320	2
8323	2
8324	2
8325	1
8329	2
8331	1
8335	1
8340	3
8341	1
8344	1
8346	1
8352	1
8355	1
8357	2
8358	1
8360	1
8361	2
8363	1
8365	2
8366	1
8372	2
8378	1
8381	1
8383	1
8388	1
8391	2
8392	3
8395	3
8401	1
8402	1
8405	1
8406	2
8411	2
8413	1
8414	1
8415	2
8419	1
8421	3
8425	2
8429	3
8430	1
8431	1
8432	1
8434	2
8435	1
8436	1
8442	1
8444	2
8448	1
8449	3
8451	1
8452	1
8455	1
8457	2
8461	2
8462	2
8465	1
8466	2
8467	1
8468	2
8475	2
8480	2
8484	2
8487	1
8488	1
8489	1
8492	1
8493	1
8495	1
8497	1
8500	2
8504	1
8505	1
8508	1
8509	1
8515	2
8518	2
8526	1
8527	1
8531	1
8533	1
8535	1
8536	1
8537	1
8539	2
8544	2
8545	2
8549	1
8551	1
8552	1
8555	1
8556	2
8562	1
8563	2
8564	1
8565	1
8569	1
8570	1
8571	2
8573	1
8574	1
8579	1
8581	1
8582	1
8583	1
8594	1
8596	1
8597	1
8598	2
8599	1
8601	2
8603	1
8610	1
8611	1
8613	2
8615	1
8618	1
8619	2
8621	1
8623	2
8626	1
8630	1
8633	1
8636	1
8639	1
8641	1
8647	1
8648	3
8650	1
8651	1
8653	1
8657	1
8658	2
8660	1
8662	2
8663	1
8664	1
8665	2
8666	3
8669	1
8674	1
8676	1
8678	1
8679	2
8681	1
8682	1
8684	1
8690	1
8692	1
8693	1
8696	2
8699	1
8700	2
8701	1
8710	1
8711	4
8714	1
8721	1
8722	2
8725	1
8734	1
8738	1
8740	2
8742	1
8743	1
8744	1
8750	3
8751	1
8752	1
8756	1
8757	1
8758	3
8759	1
8765	1
8767	2
8777	1
8778	1
8779	1
8780	2
8781	1
8782	1
8783	1
8784	1
8785	1
8793	1
8795	1
8796	2
8797	1
8798	1
8799	1
8801	1
8802	1
8804	1
8808	1
8814	1
8820	1
8821	1
8823	3
8824	1
8825	2
8830	2
8833	1
8840	1
8845	1
8847	2
8850	1
8853	1
8855	1
8857	1
8863	1
8866	1
8871	2
8874	1
8877	1
8879	3
8881	2
8887	1
8896	2
8897	1
8898	1
8900	1
8902	1
8903	2
8905	1
8909	1
8910	1
8923	1
8928	1
8934	1
8935	1
8942	1
8944	1
8948	1
8950	1
8951	1
8952	1
8953	1
8955	1
8958	1
8961	1
8963	1
8966	1
8971	2
8972	3
8973	1
8975	1
8979	2
8983	2
8984	2
8990	2
8991	2
8992	1
8995	1
9001	1
9004	1
9005	2
9006	2
9011	1
9015	1
9017	2
9019	1
9021	1
9022	1
9023	1
9024	3
9025	1
9026	3
9027	2
9029	2
9031	1
9032	1
9033	1
9034	1
9035	1
9036	2
9042	1
9046	2
9049	1
9053	1
9054	1
9055	2
9056	1
9057	1
9063	1
9064	2
9065	1
9067	1
9068	2
9069	2
9070	2
9073	1
9076	1
9077	2
9080	1
9084	1
9086	2
9088	1
9091	2
9093	1
9095	1
9096	1
9097	2
9098	4
9099	2
9100	1
9101	1
9102	2
9107	1
9111	1
9115	2
9118	2
9119	1
9120	1
9121	1
9124	1
9125	1
9128	2
9134	1
9139	1
9142	1
9144	1
9147	1
9148	1
9149	1
9151	1
9153	1
9156	1
9157	1
9158	1
9160	2
9161	1
9163	2
9164	1
9165	1
9169	1
9183	1
9187	1
9189	1
9190	2
9193	1
9194	1
9202	1
9203	1
9205	1
9206	2
9209	1
9213	1
9215	1
9216	1
9218	1
9222	1
9228	2
9229	2
9231	1
9232	2
9233	1
9236	1
9238	1
9246	1
9247	1
9251	1
9252	2
9253	2
9256	2
9259	1
9265	1
9267	1
9268	2
9269	2
9286	1
9287	1
9295	1
9296	1
9298	1
9300	1
9303	1
9305	1
9306	1
9308	1
9311	2
9313	1
9314	1
9317	1
9318	1
9320	1
9321	1
9325	1
9326	3
9332	1
9335	1
9336	1
9337	2
9339	1
9340	3
9341	2
9345	1
9349	1
9351	1
9352	1
9355	1
9360	1
9367	2
9371	2
9372	1
9375	1
9376	2
9379	1
9381	1
9388	2
9391	1
9393	1
9401	2
9410	1
9411	1
9413	1
9414	1
9417	1
9419	1
9427	1
9435	1
9438	1
9440	1
9443	1
9445	1
9446	1
9450	1
9456	1
9458	1
9462	1
9465	1
9468	1
9470	1
9472	1
9475	1
9479	1
9482	1
9483	2
9484	1
9489	1
9493	1
9494	3
9496	1
9501	1
9502	2
9505	1
9506	1
9507	2
9508	2
9511	2
9512	1
9514	1
9516	1
9517	1
9518	1
9528	1
9531	1
9537	1
9538	1
9539	1
9540	1
9545	2
9546	2
9554	2
9560	1
9561	1
9562	1
9567	2
9568	1
9572	1
9574	1
9575	1
9577	1
9578	1
9581	2
9582	1
9586	3
9591	2
9595	1
9597	1
9601	1
9603	1
9606	1
9607	2
9609	1
9612	1
9618	2
9625	1
9631	1
9639	1
9641	1
9646	1
9648	1
9649	1
9652	2
9656	1
9659	1
9662	1
9663	2
9664	1
9665	1
9669	2
9670	1
9672	1
9675	1
9680	1
9681	1
9683	1
9685	2
9687	1
9688	1
9696	1
9697	1
9699	1
9700	1
9705	1
9709	1
9711	1
9721	1
9722	1
9723	1
9724	1
9726	1
9732	2
9734	1
9736	1
9740	1
9744	1
9745	1
9746	1
9747	1
9750	2
9753	1
9754	1
9757	1
9759	1
9760	1
9767	1
9768	2
9772	1
9773	1
9775	1
9776	1
9778	1
9781	1
9784	2
9788	1
9789	1
9790	1
9791	1
9795	1
9797	1
9800	1
9802	1
9805	1
9814	2
9815	1
9819	2
9821	1
9823	1
9826	1
9831	1
9833	1
9835	1
9841	1
9843	1
9844	1
9845	1
9846	3
9853	1
9874	1
9875	1
9876	2
9877	1
9878	1
9882	1
9884	1
9891	1
9894	1
9901	1
9902	1
9910	1
9919	1
9923	2
9925	1
9929	2
9931	2
9937	1
9941	1
9943	2
9944	3
9945	1
9947	1
9953	1
9954	1
9968	2
9971	2
9976	1
9977	1
9980	1
9985	1
9986	2
9987	1
9992	1
9993	1
9997	1
9999	1
10002	2
10004	2
10006	2
10010	1
10012	1
10015	1
10017	1
10020	1
10026	2
10034	1
10038	3
10039	1
10045	1
10046	2
10049	2
10052	1
10057	1
10061	1
10062	3
10063	1
10064	1
10070	1
10076	1
10080	2
10083	2
10086	1
10087	1
10089	1
10091	1
10092	1
10094	1
10096	1
10103	1
10106	1
10107	1
10114	1
10127	1
10129	1
10131	1
10134	1
10141	1
10142	1
10143	1
10144	3
10149	1
10160	2
10161	1
10164	1
10165	1
10166	1
10172	1
10173	1
10180	2
10188	1
10200	2
10203	1
10206	1
10212	1
10213	1
10221	1
10222	2
10227	1
10230	1
10231	1
10234	1
10245	1
10248	3
10249	2
10250	1
10251	2
10258	1
10274	1
10275	1
10276	1
10277	1
10284	2
10286	1
10292	1
10298	1
10299	2
10303	1
10306	1
10311	1
10313	1
10314	2
10318	1
10320	1
10322	1
10327	1
10329	1
10331	1
10332	2
10338	1
10346	1
10350	1
10357	1
10359	1
10366	1
10367	2
10369	1
10371	1
10374	1
10376	1
10379	1
10385	1
10392	2
10399	1
10400	2
10413	2
10418	1
10422	1
10429	3
10432	1
10439	1
10443	1
10444	1
10446	1
10447	2
10448	1
10450	2
10453	2
10454	1
10456	1
10463	3
10464	1
10465	1
10469	1
10470	1
10474	1
10479	1
10483	1
10486	1
10489	1
10494	1
10517	1
10521	1
10522	1
10532	1
10534	1
10536	1
10545	2
10549	3
10557	1
10562	1
10572	1
10573	1
10579	1
10582	1
10584	2
10585	2
10591	1
10596	1
10597	1
10599	1
10601	1
10602	1
10604	1
10607	1
10608	1
10610	1
10615	2
10616	1
10619	2
10623	1
10624	1
10630	1
10632	1
10637	2
10639	1
10640	1
10644	1
10646	1
10649	1
10651	1
10654	1
10656	1
10658	1
10660	2
10662	1
10667	1
10670	1
10671	1
10676	1
10677	2
10680	1
10681	1
10682	1
10683	1
10686	1
10695	1
10696	1
10713	1
10717	1
10718	1
10722	1
10723	1
10725	1
10730	1
10731	1
10732	1
10739	1
10750	1
10751	1
10754	1
10757	1
10759	1
10768	1
10772	1
10777	2
10780	1
10782	1
10787	1
10790	1
10798	1
10799	1
10806	1
10809	2
10811	2
10812	1
10817	1
10821	1
10824	1
10826	3
10838	1
10840	1
10841	1
10842	1
10845	1
10856	1
10857	1
10859	1
10875	1
10883	1
10884	1
10888	1
10892	1
10903	1
10909	1
10914	1
10916	1
10918	1
10922	1
10923	1
10931	1
10935	1
10936	1
10939	1
10940	1
10942	1
10943	1
10953	1
10955	2
10959	2
10960	2
10963	1
10966	1
10970	1
10972	1
10976	1
10979	1
10986	1
10989	1
10992	1
10999	1
11003	2
11008	1
11014	1
11018	1
11020	1
11021	1
11024	1
11028	1
11032	1
11035	1
11037	1
11041	1
11043	1
11051	2
11053	1
11056	1
11058	2
11071	1
11072	1
11082	2
11089	1
11090	1
11091	1
11092	1
11097	1
11099	1
11100	1
11104	1
11105	1
11110	1
11113	1
11126	1
11130	1
11131	1
11132	2
11137	1
11138	1
11143	1
11147	1
11148	1
11151	1
11162	2
11175	1
11181	1
11191	1
11196	3
11201	1
11218	1
11219	2
11224	1
11225	1
11232	1
11235	1
11239	1
11241	1
11247	1
11248	1
11249	1
11250	1
11259	1
11282	1
11283	1
11285	1
11295	1
11301	1
11304	2
11306	1
11307	2
11309	2
11324	1
11326	1
11327	1
11328	1
11329	1
11331	1
11333	1
11335	1
11344	1
11352	1
11364	1
11365	1
11368	1
11373	1
11375	1
11379	1
11380	1
11381	1
11383	1
11386	1
11389	1
11407	1
11415	1
11421	1
11430	1
11433	1
11435	1
11438	2
11439	1
11450	1
11458	1
11463	1
11467	1
11475	1
11477	1
11478	1
11482	2
11483	1
11484	1
11485	1
11488	2
11500	1
11511	1
11513	1
11521	1
11524	1
11528	2
11535	1
11536	2
11543	1
11546	1
11548	1
11554	1
11555	1
11565	1
11576	2
11581	1
11588	1
11589	1
11591	1
11593	1
11594	1
11599	1
11602	1
11604	1
11605	1
11608	1
11610	1
11611	2
11613	1
11616	1
11622	1
11625	1
11628	1
11629	1
11632	1
11635	1
11644	1
11646	1
11650	1
11654	1
11656	2
11658	1
11675	1
11676	1
11693	1
11694	2
11696	1
11697	1
11699	1
11701	1
11711	2
11722	1
11729	1
11740	1
11742	1
11743	1
11744	2
11758	1
11763	2
11765	1
11780	1
11781	1
11783	1
11786	1
11787	1
11790	1
11791	1
11798	1
11799	1
11802	1
11812	1
11820	1
11831	1
11832	1
11835	1
11842	1
11844	1
11849	1
11851	1
11857	1
11869	1
11871	1
11880	1
11886	1
11887	2
11894	1
11895	1
11902	1
11904	1
11906	1
11912	1
11916	1
11921	2
11922	1
11929	1
11936	1
11938	1
11939	1
11954	1
11959	1
11960	1
11985	1
11999	1
12002	1
12010	1
12015	1
12027	1
12029	1
12035	1
12036	1
12040	1
12058	1
12060	1
12063	1
12066	1
12071	1
12072	1
12089	1
12096	1
12101	1
12105	1
12106	1
12110	1
12118	1
12124	1
12126	1
12127	1
12136	2
12144	1
12150	1
12157	1
12158	1
12170	1
12171	1
12172	1
12176	2
12178	1
12185	1
12187	1
12189	1
12195	1
12197	1
12198	1
12204	1
12205	1
12210	1
12217	2
12228	1
12236	1
12245	1
12249	1
12250	1
12256	1
12266	1
12272	1
12274	1
12278	1
12282	1
12292	1
12293	1
12294	2
12306	1
12319	1
12321	1
12328	1
12346	1
12365	1
12367	1
12369	1
12381	1
12383	1
12385	1
12386	1
12391	1
12397	2
12409	1
12425	1
12428	1
12440	1
12442	1
12444	1
12449	1
12451	1
12464	1
12467	1
12470	1
12471	1
12472	1
12481	1
12484	1
12502	1
12506	1
12515	1
12516	1
12520	1
12524	1
12529	1
12535	1
12538	2
12542	1
12546	1
12558	1
12559	1
12560	1
12569	1
12572	2
12578	1
12585	1
12588	1
12593	1
12599	2
12600	1
12605	1
12606	1
12607	1
12608	2
12612	1
12624	1
12627	1
12632	1
12639	1
12640	2
12644	1
12647	1
12648	1
12649	1
12656	1
12658	1
12680	1
12681	1
12682	1
12683	1
12690	1
12694	1
12706	2
12714	1
12727	1
12733	1
12744	1
12745	1
12757	1
12791	1
12797	1
12807	1
12814	1
12815	1
12816	1
12824	1
12842	1
12846	1
12862	1
12864	1
12871	1
12878	1
12886	2
12888	1
12895	1
12901	1
12903	1
12908	1
12915	1
12921	1
12923	2
12953	1
12963	1
12967	1
12968	1
12980	1
12981	1
12986	2
12988	2
13007	1
13026	1
13027	1
13030	1
13037	1
13059	1
13085	1
13092	1
13097	1
13111	1
13121	1
13128	1
13143	1
13153	1
13154	1
13155	1
13164	1
13186	1
13191	1
13200	1
13202	1
13205	1
13206	1
13213	1
13215	1
13234	1
13235	1
13238	1
13267	2
13269	1
13270	1
13275	1
13283	1
13301	1
13302	1
13306	1
13324	1
13329	2
13352	1
13363	1
13364	1
13368	1
13371	1
13378	1
13379	1
13400	1
13413	1
13414	2
13415	1
13419	1
13420	1
13421	1
13424	1
13433	1
13444	1
13446	1
13451	1
13466	1
13470	1
13477	1
13486	1
13490	1
13493	1
13498	1
13499	1
13513	1
13523	1
13531	1
13565	1
13571	1
13579	1
13596	1
13600	1
13611	1
13626	1
13631	1
13635	1
13640	1
13644	2
13646	1
13648	1
13657	1
13661	1
13664	1
13681	1
13689	1
13710	1
13711	1
13722	1
13726	1
13727	1
13737	1
13742	1
13751	1
13752	1
13766	1
13769	1
13770	1
13776	1
13788	1
13797	1
13803	1
13814	1
13815	1
13818	1
13822	2
13824	1
13834	2
13836	1
13838	1
13846	1
13855	1
13861	1
13863	1
13873	1
13874	1
13880	1
13891	1
13894	1
13899	1
13919	1
13930	1
13934	1
13958	1
13960	1
13967	1
13971	1
13973	1
13981	1
13987	1
13989	1
14005	1
14021	1
14040	1
14041	1
14045	1
14071	1
14073	1
14079	1
14080	1
14084	1
14107	1
14119	1
14131	1
14135	1
14140	1
14165	1
14168	1
14178	1
14189	1
14190	1
14193	1
14206	1
14209	1
14213	1
14217	1
14227	1
14230	1
14252	1
14256	1
14265	1
14267	1
14281	1
14284	1
14291	1
14295	1
14301	1
14305	1
14311	1
14316	1
14323	1
14324	1
14347	1
14349	1
14359	1
14392	1
14401	1
14404	1
14408	1
14416	1
14429	1
14441	1
14444	2
14460	1
14472	1
14505	2
14506	1
14512	1
14518	1
14553	1
14565	1
14575	1
14579	1
14580	1
14582	1
14594	1
14606	1
14614	1
14617	1
14618	1
14620	1
14627	1
14653	1
14655	1
14670	1
14680	2
14686	1
14688	1
14715	1
14759	1
14771	1
14774	1
14781	1
14782	1
14791	1
14795	1
14818	1
14819	1
14823	1
14824	1
14826	1
14844	1
14877	1
14879	1
14886	1
14892	1
14894	1
14904	1
14907	1
14909	1
14913	1
14914	1
14925	1
14932	1
14958	1
14975	1
14977	1
14992	1
14995	1
14998	1
15000	1
15003	1
15004	1
15043	1
15063	1
15078	1
15083	1
15087	1
15092	1
15104	1
15127	1
15132	1
15148	1
15167	1
15169	1
15186	1
15205	2
15209	1
15222	1
15249	1
15253	1
15257	1
15268	1
15279	1
15280	2
15284	1
15293	1
15294	1
15300	1
15323	1
15325	1
15328	1
15336	1
15340	1
15342	1
15360	1
15372	1
15375	1
15378	1
15380	1
15386	1
15391	1
15424	1
15443	1
15450	1
15478	1
15481	1
15486	1
15496	1
15500	1
15502	1
15515	1
15530	1
15550	1
15608	2
15613	1
15614	1
15628	1
15638	1
15666	1
15685	1
15718	1
15719	1
15721	1
15723	1
15732	1
15741	1
15765	1
15767	1
15781	1
15785	1
15793	1
15797	1
15820	1
15822	1
15827	1
15849	1
15857	1
15863	1
15870	1
15899	1
15925	1
15940	1
15968	1
15991	1
16017	1
16024	1
16030	1
16062	1
16065	1
16066	1
16068	1
16081	1
16088	1
16094	1
16098	1
16116	1
16169	1
16188	1
16190	1
16205	1
16229	1
16235	1
16245	1
16249	1
16264	1
16270	1
16283	1
16314	1
16316	1
16322	1
16331	1
16342	1
16343	1
16349	1
16372	1
16383	1
16389	2
16401	1
16404	1
16415	1
16417	1
16431	1
16435	1
16462	1
16470	1
16473	1
16516	1
16551	1
16589	1
16634	1
16658	2
16665	1
16695	1
16708	1
16728	1
16736	1
16740	1
16753	1
16810	1
16831	1
16890	1
16894	1
16910	1
16911	1
16926	1
16949	1
16980	1
16985	1
16999	1
17006	1
17028	1
17063	1
17066	1
17097	1
17131	1
17141	1
17153	1
17158	1
17159	1
17170	1
17182	1
17197	1
17211	1
17237	1
17242	1
17268	1
17311	1
17325	1
17330	1
17333	1
17349	1
17356	1
17366	1
17372	1
17377	1
17389	1
17402	1
17403	1
17424	1
17432	1
17539	1
17566	1
17572	1
17579	1
17581	1
17608	1
17643	1
17663	1
17679	1
17741	1
17764	1
17774	1
17805	1
17861	1
17950	1
17954	1
18012	1
18017	1
18060	1
18088	1
18089	1
18128	1
18129	1
18179	1
18193	1
18196	1
18245	2
18256	1
18313	1
18319	1
18384	1
18422	1
18446	1
18450	1
18460	1
18488	1
18544	1
18551	1
18555	1
18622	1
18672	1
18677	2
18689	1
18716	1
18723	1
18743	1
18760	1
18765	1
18773	1
18835	1
18862	1
18865	1
18877	1
18910	1
18944	1
18996	1
18999	1
19030	1
19062	1
19068	1
19081	1
19143	1
19154	1
19157	1
19217	1
19224	1
19275	1
19345	1
19360	1
19373	1
19376	1
19403	1
19459	1
19467	1
19546	1
19571	1
19629	1
19668	1
19712	1
19716	1
19793	1
19868	1
19873	1
19875	1
19881	1
19890	1
19925	1
19931	1
19940	1
19959	1
19994	1
20000	1
20037	1
20079	1
20094	1
20106	1
20114	1
20128	1
20149	1
20210	2
20215	1
20311	1
20344	1
20354	1
20383	1
20440	1
20455	1
20464	1
20465	1
20495	1
20603	1
20619	1
20632	1
20642	1
20661	1
20731	1
20748	1
20842	1
20910	1
20939	1
20941	1
20950	1
20979	1
21012	1
21068	1
21106	1
21130	1
21238	1
21300	1
21324	1
21449	1
21471	1
21508	1
21524	1
21614	1
21639	1
21703	1
21732	1
21814	1
21883	1
21947	1
21988	1
22035	1
22088	1
22180	1
22252	1
22316	1
22428	1
22464	1
22524	1
22550	1
22573	1
22613	1
22640	1
22646	1
22672	1
22708	1
22762	1
22794	1
22825	1
22870	1
22892	1
23028	1
23075	1
23150	1
23206	1
23237	1
23432	1
23459	1
23678	1
23707	1
23726	1
23740	1
23860	1
23966	1
24259	1
24261	1
24443	1
24487	1
24529	1
24551	1
24586	1
24635	1
24637	1
24779	1
24915	1
25121	1
25186	1
25269	1
25284	1
25298	1
25339	1
25495	1
25507	1
25532	1
25558	1
25580	1
25654	1
25858	1
25968	1
26087	1
26128	2
26162	1
26377	1
26645	1
26690	1
26816	1
27120	1
27715	1
27907	1
28197	1
28547	1
28839	1
28857	1
29098	1
29303	1
29466	1
29556	1
29607	1
29690	1
29709	1
29785	1
29904	1
30102	1
31376	1
31535	1
32150	1
32550	1
32807	1
32828	1
32863	1
33152	1
33199	1
33418	1
34649	1
34758	1
34820	1
36005	1
36308	1
36752	1
36927	1
38514	1
39188	1
39273	1
39634	1
44361	1
45058	1
49418	1
50132	1
52756	1
61358	1
66640	1
78595	1
3007314	1
