fragment_length	frequency
82	72
83	33
84	43
85	27
86	50
87	42
88	43
89	54
90	24
91	24
92	54
93	39
94	33
95	44
96	28
97	52
98	35
99	30
100	26
101	29
102	22
103	23
104	23
105	23
106	19
107	25
108	25
109	19
110	22
111	21
112	26
113	17
114	16
115	20
116	18
117	21
118	18
119	26
120	27
121	23
122	26
123	25
124	19
125	16
126	22
127	29
128	31
129	12
130	27
131	29
132	16
133	27
134	25
135	22
136	19
137	23
138	28
139	18
140	14
141	31
142	13
143	21
144	26
145	11
146	16
147	22
148	28
149	13
150	23
151	23
152	22
153	21
154	21
155	24
156	21
157	25
158	21
159	27
160	21
161	17
162	20
163	21
164	19
165	14
166	23
167	11
168	17
169	12
170	24
171	27
172	18
173	35
174	21
175	21
176	14
177	26
178	36
179	19
180	25
181	17
182	34
183	24
184	17
185	29
186	19
187	24
188	17
189	23
190	25
191	19
192	22
193	21
194	8
195	13
196	19
197	29
198	19
199	14
200	16
201	15
202	29
203	22
204	9
205	16
206	21
207	35
208	14
209	21
210	28
211	20
212	24
213	36
214	24
215	29
216	50
217	16
218	18
219	19
220	22
221	15
222	25
223	13
224	24
225	20
226	23
227	25
228	19
229	19
230	10
231	15
232	20
233	18
234	19
235	18
236	26
237	25
238	28
239	25
240	14
241	23
242	12
243	33
244	16
245	17
246	20
247	18
248	13
249	22
250	19
251	15
252	17
253	19
254	24
255	17
256	16
257	19
258	20
259	18
260	20
261	16
262	14
263	20
264	25
265	24
266	21
267	14
268	23
269	26
270	21
271	18
272	20
273	15
274	14
275	13
276	9
277	16
278	18
279	16
280	17
281	18
282	21
283	22
284	15
285	17
286	13
287	18
288	23
289	20
290	14
291	22
292	21
293	13
294	18
295	14
296	18
297	15
298	23
299	11
300	15
301	24
302	20
303	14
304	14
305	25
306	29
307	17
308	17
309	20
310	13
311	14
312	18
313	16
314	20
315	21
316	15
317	21
318	21
319	17
320	20
321	15
322	16
323	26
324	19
325	17
326	25
327	21
328	19
329	17
330	21
331	18
332	30
333	22
334	18
335	15
336	14
337	17
338	19
339	13
340	19
341	19
342	22
343	17
344	13
345	24
346	26
347	17
348	20
349	15
350	24
351	9
352	13
353	16
354	18
355	15
356	18
357	14
358	21
359	20
360	21
361	22
362	23
363	21
364	16
365	14
366	40
367	22
368	20
369	18
370	19
371	28
372	20
373	22
374	14
375	17
376	17
377	15
378	15
379	19
380	16
381	12
382	21
383	16
384	18
385	16
386	23
387	15
388	20
389	24
390	14
391	10
392	16
393	21
394	21
395	24
396	13
397	18
398	15
399	20
400	15
401	16
402	18
403	17
404	28
405	25
406	17
407	20
408	20
409	21
410	23
411	15
412	15
413	28
414	25
415	15
416	17
417	15
418	26
419	15
420	18
421	14
422	16
423	17
424	21
425	20
426	15
427	18
428	17
429	19
430	12
431	16
432	20
433	16
434	18
435	20
436	11
437	23
438	14
439	17
440	9
441	12
442	17
443	19
444	20
445	20
446	16
447	23
448	15
449	14
450	8
451	18
452	16
453	21
454	16
455	14
456	13
457	5
458	6
459	20
460	16
461	13
462	25
463	19
464	6
465	24
466	15
467	19
468	17
469	16
470	15
471	16
472	17
473	12
474	24
475	17
476	16
477	22
478	21
479	20
480	15
481	18
482	24
483	15
484	19
485	15
486	15
487	16
488	20
489	20
490	19
491	14
492	12
493	16
494	23
495	18
496	23
497	21
498	13
499	17
500	15
501	18
502	11
503	12
504	23
505	17
506	18
507	31
508	12
509	14
510	14
511	14
512	20
513	16
514	15
515	11
516	9
517	19
518	14
519	13
520	12
521	8
522	16
523	21
524	18
525	11
526	13
527	14
528	13
529	20
530	17
531	17
532	22
533	23
534	17
535	19
536	20
537	10
538	19
539	20
540	20
541	14
542	16
543	18
544	14
545	13
546	12
547	19
548	17
549	12
550	23
551	16
552	10
553	17
554	20
555	14
556	16
557	20
558	15
559	13
560	19
561	13
562	11
563	15
564	16
565	17
566	19
567	22
568	18
569	15
570	18
571	17
572	12
573	13
574	18
575	23
576	23
577	26
578	11
579	18
580	15
581	11
582	18
583	18
584	18
585	13
586	16
587	13
588	12
589	20
590	19
591	9
592	15
593	11
594	13
595	7
596	14
597	10
598	19
599	7
600	17
601	22
602	20
603	14
604	15
605	13
606	9
607	14
608	18
609	26
610	14
611	20
612	10
613	20
614	21
615	8
616	19
617	14
618	21
619	15
620	23
621	13
622	15
623	12
624	17
625	21
626	18
627	15
628	23
629	11
630	17
631	15
632	14
633	18
634	16
635	21
636	11
637	11
638	13
639	10
640	12
641	17
642	12
643	18
644	14
645	14
646	10
647	20
648	18
649	22
650	17
651	7
652	18
653	7
654	11
655	10
656	15
657	14
658	8
659	19
660	22
661	16
662	17
663	16
664	17
665	15
666	17
667	18
668	17
669	15
670	16
671	19
672	12
673	17
674	16
675	15
676	10
677	11
678	13
679	15
680	18
681	19
682	17
683	15
684	14
685	20
686	19
687	11
688	21
689	19
690	13
691	18
692	18
693	15
694	17
695	13
696	14
697	17
698	15
699	16
700	13
701	17
702	17
703	16
704	14
705	19
706	10
707	12
708	13
709	20
710	24
711	9
712	14
713	16
714	15
715	12
716	21
717	21
718	20
719	19
720	14
721	13
722	19
723	23
724	10
725	16
726	18
727	17
728	13
729	14
730	9
731	14
732	10
733	13
734	13
735	21
736	11
737	12
738	17
739	12
740	22
741	14
742	8
743	16
744	11
745	13
746	4
747	16
748	13
749	11
750	17
751	10
752	16
753	15
754	13
755	7
756	20
757	22
758	4
759	15
760	11
761	15
762	18
763	18
764	12
765	22
766	13
767	18
768	16
769	18
770	8
771	14
772	14
773	17
774	14
775	19
776	19
777	19
778	18
779	24
780	14
781	19
782	14
783	16
784	9
785	14
786	21
787	11
788	21
789	15
790	11
791	11
792	14
793	26
794	16
795	17
796	16
797	16
798	16
799	10
800	8
801	14
802	14
803	15
804	15
805	12
806	16
807	11
808	12
809	19
810	14
811	22
812	23
813	16
814	3
815	13
816	14
817	10
818	20
819	17
820	14
821	15
822	8
823	11
824	8
825	8
826	20
827	19
828	13
829	21
830	12
831	15
832	20
833	14
834	17
835	11
836	19
837	12
838	10
839	13
840	16
841	13
842	15
843	15
844	22
845	16
846	23
847	10
848	19
849	7
850	17
851	14
852	15
853	21
854	14
855	13
856	14
857	9
858	8
859	12
860	15
861	9
862	24
863	11
864	12
865	8
866	10
867	14
868	13
869	7
870	15
871	19
872	13
873	12
874	21
875	14
876	13
877	15
878	17
879	18
880	13
881	20
882	19
883	11
884	20
885	7
886	13
887	9
888	21
889	12
890	13
891	13
892	13
893	16
894	25
895	7
896	13
897	6
898	14
899	19
900	7
901	15
902	14
903	15
904	12
905	14
906	15
907	15
908	10
909	17
910	8
911	21
912	16
913	13
914	13
915	14
916	14
917	19
918	19
919	14
920	15
921	12
922	14
923	13
924	11
925	17
926	7
927	21
928	11
929	15
930	16
931	17
932	15
933	5
934	11
935	12
936	16
937	13
938	11
939	13
940	15
941	9
942	8
943	11
944	9
945	14
946	13
947	14
948	16
949	9
950	18
951	13
952	18
953	11
954	11
955	15
956	8
957	8
958	11
959	6
960	14
961	14
962	10
963	20
964	14
965	15
966	6
967	11
968	9
969	11
970	21
971	19
972	17
973	10
974	13
975	9
976	21
977	23
978	14
979	16
980	6
981	11
982	6
983	10
984	15
985	18
986	12
987	13
988	13
989	13
990	16
991	10
992	7
993	12
994	9
995	13
996	14
997	13
998	12
999	12
1000	12
1001	15
1002	10
1003	22
1004	19
1005	7
1006	12
1007	9
1008	15
1009	13
1010	16
1011	11
1012	7
1013	22
1014	9
1015	9
1016	14
1017	9
1018	12
1019	25
1020	15
1021	13
1022	7
1023	13
1024	9
1025	14
1026	12
1027	10
1028	8
1029	12
1030	15
1031	16
1032	19
1033	13
1034	14
1035	10
1036	16
1037	15
1038	17
1039	18
1040	8
1041	18
1042	12
1043	15
1044	13
1045	14
1046	4
1047	12
1048	13
1049	20
1050	10
1051	11
1052	13
1053	11
1054	12
1055	13
1056	17
1057	18
1058	16
1059	15
1060	10
1061	16
1062	20
1063	21
1064	11
1065	9
1066	8
1067	20
1068	11
1069	15
1070	7
1071	18
1072	19
1073	8
1074	13
1075	14
1076	10
1077	17
1078	16
1079	13
1080	15
1081	15
1082	12
1083	10
1084	7
1085	10
1086	18
1087	10
1088	19
1089	12
1090	9
1091	10
1092	18
1093	10
1094	16
1095	14
1096	6
1097	11
1098	11
1099	9
1100	19
1101	15
1102	14
1103	18
1104	15
1105	20
1106	13
1107	9
1108	16
1109	12
1110	15
1111	9
1112	14
1113	7
1114	16
1115	12
1116	10
1117	15
1118	11
1119	18
1120	11
1121	20
1122	11
1123	15
1124	11
1125	10
1126	12
1127	13
1128	13
1129	10
1130	49
1131	16
1132	12
1133	11
1134	13
1135	16
1136	12
1137	15
1138	13
1139	16
1140	19
1141	20
1142	9
1143	11
1144	15
1145	14
1146	18
1147	10
1148	14
1149	16
1150	13
1151	14
1152	15
1153	12
1154	8
1155	17
1156	12
1157	7
1158	10
1159	17
1160	11
1161	20
1162	8
1163	10
1164	8
1165	16
1166	13
1167	13
1168	10
1169	8
1170	19
1171	13
1172	9
1173	10
1174	16
1175	8
1176	7
1177	10
1178	15
1179	16
1180	14
1181	12
1182	13
1183	14
1184	11
1185	12
1186	10
1187	12
1188	14
1189	7
1190	9
1191	21
1192	3
1193	15
1194	14
1195	9
1196	9
1197	18
1198	5
1199	9
1200	9
1201	16
1202	13
1203	14
1204	17
1205	13
1206	11
1207	7
1208	14
1209	12
1210	9
1211	11
1212	16
1213	11
1214	7
1215	8
1216	21
1217	11
1218	14
1219	9
1220	8
1221	11
1222	10
1223	13
1224	17
1225	19
1226	12
1227	15
1228	12
1229	16
1230	16
1231	9
1232	15
1233	12
1234	7
1235	16
1236	12
1237	12
1238	11
1239	10
1240	10
1241	17
1242	10
1243	13
1244	12
1245	11
1246	8
1247	11
1248	9
1249	9
1250	12
1251	8
1252	9
1253	16
1254	8
1255	12
1256	9
1257	8
1258	13
1259	14
1260	9
1261	18
1262	16
1263	15
1264	15
1265	14
1266	12
1267	11
1268	17
1269	14
1270	12
1271	14
1272	12
1273	11
1274	9
1275	14
1276	14
1277	18
1278	8
1279	9
1280	20
1281	15
1282	16
1283	13
1284	17
1285	22
1286	11
1287	17
1288	14
1289	11
1290	14
1291	13
1292	7
1293	11
1294	13
1295	15
1296	5
1297	9
1298	8
1299	12
1300	7
1301	9
1302	12
1303	13
1304	6
1305	12
1306	9
1307	11
1308	12
1309	16
1310	12
1311	8
1312	13
1313	10
1314	6
1315	14
1316	17
1317	7
1318	11
1319	13
1320	8
1321	5
1322	8
1323	12
1324	13
1325	14
1326	9
1327	19
1328	9
1329	8
1330	11
1331	8
1332	14
1333	13
1334	20
1335	11
1336	7
1337	8
1338	17
1339	10
1340	9
1341	12
1342	3
1343	11
1344	7
1345	13
1346	13
1347	12
1348	9
1349	16
1350	11
1351	18
1352	9
1353	13
1354	14
1355	15
1356	8
1357	15
1358	16
1359	11
1360	18
1361	9
1362	13
1363	22
1364	19
1365	16
1366	16
1367	17
1368	7
1369	18
1370	16
1371	6
1372	14
1373	11
1374	15
1375	12
1376	10
1377	6
1378	8
1379	8
1380	14
1381	15
1382	13
1383	12
1384	12
1385	12
1386	13
1387	8
1388	9
1389	9
1390	16
1391	9
1392	13
1393	11
1394	8
1395	14
1396	13
1397	12
1398	9
1399	14
1400	6
1401	17
1402	16
1403	11
1404	15
1405	10
1406	8
1407	10
1408	9
1409	14
1410	10
1411	12
1412	10
1413	8
1414	13
1415	6
1416	17
1417	9
1418	14
1419	10
1420	8
1421	8
1422	18
1423	6
1424	10
1425	6
1426	16
1427	10
1428	6
1429	12
1430	15
1431	14
1432	9
1433	17
1434	7
1435	18
1436	7
1437	9
1438	17
1439	9
1440	12
1441	8
1442	7
1443	11
1444	19
1445	10
1446	17
1447	11
1448	6
1449	10
1450	11
1451	12
1452	17
1453	12
1454	18
1455	10
1456	12
1457	15
1458	16
1459	9
1460	12
1461	9
1462	8
1463	14
1464	13
1465	6
1466	11
1467	9
1468	12
1469	10
1470	16
1471	9
1472	8
1473	6
1474	8
1475	14
1476	10
1477	13
1478	18
1479	14
1480	13
1481	17
1482	14
1483	12
1484	23
1485	7
1486	12
1487	7
1488	11
1489	5
1490	18
1491	8
1492	9
1493	12
1494	14
1495	7
1496	12
1497	6
1498	11
1499	6
1500	10
1501	11
1502	10
1503	15
1504	15
1505	4
1506	9
1507	11
1508	12
1509	13
1510	9
1511	8
1512	6
1513	6
1514	12
1515	5
1516	11
1517	17
1518	13
1519	4
1520	15
1521	11
1522	13
1523	10
1524	16
1525	9
1526	5
1527	7
1528	13
1529	11
1530	20
1531	11
1532	13
1533	8
1534	9
1535	9
1536	11
1537	15
1538	10
1539	12
1540	10
1541	10
1542	9
1543	10
1544	10
1545	14
1546	10
1547	12
1548	12
1549	10
1550	9
1551	15
1552	7
1553	12
1554	16
1555	14
1556	14
1557	9
1558	9
1559	11
1560	6
1561	13
1562	16
1563	12
1564	9
1565	6
1566	9
1567	8
1568	9
1569	11
1570	8
1571	9
1572	14
1573	9
1574	16
1575	17
1576	7
1577	11
1578	9
1579	7
1580	13
1581	9
1582	15
1583	9
1584	14
1585	7
1586	11
1587	16
1588	11
1589	7
1590	9
1591	10
1592	9
1593	9
1594	12
1595	10
1596	11
1597	11
1598	6
1599	13
1600	10
1601	7
1602	4
1603	14
1604	4
1605	15
1606	12
1607	8
1608	9
1609	11
1610	9
1611	9
1612	20
1613	8
1614	12
1615	11
1616	9
1617	10
1618	7
1619	14
1620	12
1621	17
1622	7
1623	7
1624	10
1625	12
1626	16
1627	17
1628	8
1629	7
1630	10
1631	9
1632	16
1633	10
1634	8
1635	16
1636	7
1637	23
1638	6
1639	11
1640	11
1641	6
1642	12
1643	8
1644	6
1645	9
1646	11
1647	9
1648	14
1649	10
1650	7
1651	12
1652	15
1653	5
1654	13
1655	13
1656	11
1657	11
1658	10
1659	12
1660	7
1661	9
1662	8
1663	7
1664	13
1665	16
1666	9
1667	6
1668	5
1669	10
1670	11
1671	8
1672	10
1673	8
1674	14
1675	10
1676	19
1677	9
1678	8
1679	23
1680	6
1681	11
1682	10
1683	12
1684	7
1685	13
1686	9
1687	18
1688	4
1689	7
1690	12
1691	14
1692	6
1693	8
1694	10
1695	8
1696	10
1697	10
1698	6
1699	11
1700	13
1701	8
1702	14
1703	12
1704	11
1705	6
1706	10
1707	14
1708	7
1709	10
1710	7
1711	11
1712	14
1713	7
1714	13
1715	3
1716	9
1717	13
1718	13
1719	10
1720	13
1721	8
1722	12
1723	16
1724	10
1725	5
1726	18
1727	15
1728	16
1729	9
1730	5
1731	6
1732	18
1733	15
1734	9
1735	8
1736	8
1737	11
1738	8
1739	9
1740	10
1741	4
1742	9
1743	9
1744	7
1745	10
1746	4
1747	8
1748	10
1749	9
1750	5
1751	10
1752	10
1753	11
1754	7
1755	11
1756	6
1757	6
1758	7
1759	13
1760	17
1761	11
1762	13
1763	9
1764	12
1765	7
1766	7
1767	9
1768	14
1769	11
1770	11
1771	9
1772	10
1773	13
1774	12
1775	11
1776	9
1777	13
1778	8
1779	10
1780	12
1781	13
1782	8
1783	11
1784	9
1785	9
1786	10
1787	14
1788	4
1789	11
1790	9
1791	11
1792	12
1793	11
1794	12
1795	10
1796	9
1797	19
1798	9
1799	15
1800	7
1801	12
1802	8
1803	8
1804	9
1805	8
1806	19
1807	8
1808	12
1809	8
1810	9
1811	15
1812	13
1813	14
1814	7
1815	14
1816	14
1817	11
1818	9
1819	9
1820	11
1821	7
1822	11
1823	10
1824	12
1825	8
1826	5
1827	8
1828	12
1829	18
1830	13
1831	13
1832	8
1833	8
1834	19
1835	11
1836	10
1837	6
1838	8
1839	9
1840	6
1841	7
1842	10
1843	11
1844	10
1845	12
1846	9
1847	19
1848	8
1849	6
1850	6
1851	13
1852	4
1853	12
1854	10
1855	10
1856	9
1857	15
1858	7
1859	7
1860	16
1861	14
1862	8
1863	12
1864	11
1865	16
1866	12
1867	10
1868	7
1869	11
1870	11
1871	7
1872	8
1873	4
1874	8
1875	8
1876	8
1877	5
1878	9
1879	14
1880	7
1881	12
1882	5
1883	9
1884	9
1885	7
1886	11
1887	7
1888	6
1889	17
1890	13
1891	6
1892	12
1893	12
1894	14
1895	15
1896	7
1897	9
1898	13
1899	8
1900	15
1901	13
1902	14
1903	8
1904	11
1905	10
1906	7
1907	15
1908	9
1909	12
1910	8
1911	9
1912	15
1913	14
1914	14
1915	11
1916	8
1917	13
1918	9
1919	13
1920	7
1921	10
1922	12
1923	4
1924	12
1925	5
1926	1
1927	14
1928	7
1929	21
1930	5
1931	8
1932	7
1933	11
1934	12
1935	9
1936	7
1937	5
1938	13
1939	7
1940	13
1941	9
1942	12
1943	9
1944	7
1945	9
1946	9
1947	7
1948	11
1949	12
1950	11
1951	7
1952	9
1953	12
1954	7
1955	9
1956	7
1957	17
1958	4
1959	9
1960	11
1961	13
1962	12
1963	11
1964	9
1965	2
1966	10
1967	11
1968	8
1969	7
1970	15
1971	9
1972	18
1973	10
1974	7
1975	13
1976	16
1977	12
1978	10
1979	12
1980	9
1981	12
1982	10
1983	6
1984	9
1985	7
1986	10
1987	6
1988	10
1989	12
1990	11
1991	9
1992	10
1993	4
1994	12
1995	10
1996	8
1997	11
1998	10
1999	8
2000	12
2001	3
2002	5
2003	7
2004	5
2005	14
2006	11
2007	6
2008	11
2009	12
2010	8
2011	11
2012	11
2013	10
2014	8
2015	4
2016	10
2017	9
2018	17
2019	16
2020	9
2021	8
2022	9
2023	10
2024	7
2025	10
2026	11
2027	15
2028	8
2029	8
2030	6
2031	13
2032	9
2033	7
2034	7
2035	11
2036	11
2037	9
2038	4
2039	12
2040	8
2041	7
2042	9
2043	13
2044	13
2045	9
2046	7
2047	13
2048	14
2049	7
2050	10
2051	4
2052	8
2053	5
2054	7
2055	9
2056	10
2057	11
2058	8
2059	15
2060	5
2061	12
2062	7
2063	9
2064	12
2065	12
2066	11
2067	14
2068	10
2069	11
2070	14
2071	11
2072	5
2073	7
2074	7
2075	8
2076	8
2077	5
2078	11
2079	5
2080	8
2081	6
2082	11
2083	9
2084	13
2085	10
2086	6
2087	11
2088	4
2089	9
2090	8
2091	5
2092	11
2093	9
2094	10
2095	11
2096	14
2097	8
2098	6
2099	7
2100	6
2101	6
2102	13
2103	7
2104	7
2105	16
2106	11
2107	2
2108	11
2109	8
2110	7
2111	6
2112	6
2113	10
2114	13
2115	9
2116	8
2117	6
2118	18
2119	7
2120	5
2121	7
2122	11
2123	7
2124	6
2125	8
2126	9
2127	12
2128	9
2129	9
2130	7
2131	12
2132	8
2133	19
2134	9
2135	8
2136	10
2137	10
2138	8
2139	8
2140	8
2141	9
2142	10
2143	10
2144	11
2145	14
2146	8
2147	5
2148	15
2149	7
2150	5
2151	5
2152	12
2153	12
2154	2
2155	13
2156	14
2157	9
2158	14
2159	15
2160	9
2161	8
2162	11
2163	5
2164	9
2165	11
2166	10
2167	8
2168	7
2169	12
2170	4
2171	6
2172	9
2173	9
2174	14
2175	10
2176	12
2177	5
2178	11
2179	9
2180	11
2181	5
2182	4
2183	6
2184	13
2185	4
2186	7
2187	9
2188	7
2189	5
2190	15
2191	10
2192	4
2193	9
2194	17
2195	7
2196	6
2197	6
2198	7
2199	13
2200	8
2201	6
2202	5
2203	5
2204	8
2205	12
2206	11
2207	4
2208	8
2209	14
2210	14
2211	8
2212	11
2213	9
2214	10
2215	7
2216	12
2217	9
2218	6
2219	15
2220	15
2221	10
2222	9
2223	9
2224	6
2225	5
2226	8
2227	9
2228	10
2229	4
2230	12
2231	6
2232	8
2233	15
2234	10
2235	14
2236	13
2237	11
2238	9
2239	7
2240	7
2241	4
2242	13
2243	10
2244	6
2245	9
2246	5
2247	8
2248	8
2249	11
2250	19
2251	8
2252	13
2253	6
2254	9
2255	2
2256	9
2257	6
2258	7
2259	11
2260	12
2261	10
2262	8
2263	13
2264	9
2265	6
2266	10
2267	13
2268	10
2269	12
2270	6
2271	17
2272	8
2273	10
2274	9
2275	10
2276	9
2277	4
2278	4
2279	12
2280	9
2281	5
2282	10
2283	3
2284	14
2285	13
2286	10
2287	11
2288	7
2289	7
2290	9
2291	8
2292	7
2293	8
2294	7
2295	5
2296	6
2297	8
2298	11
2299	10
2300	6
2301	11
2302	10
2303	10
2304	7
2305	7
2306	6
2307	8
2308	11
2309	7
2310	16
2311	5
2312	11
2313	8
2314	6
2315	11
2316	3
2317	5
2318	10
2319	9
2320	8
2321	9
2322	11
2323	6
2324	12
2325	11
2326	7
2327	9
2328	11
2329	6
2330	7
2331	5
2332	4
2333	8
2334	8
2335	5
2336	6
2337	11
2338	8
2339	11
2340	5
2341	10
2342	16
2343	15
2344	9
2345	9
2346	5
2347	10
2348	7
2349	16
2350	7
2351	5
2352	13
2353	11
2354	11
2355	9
2356	9
2357	7
2358	3
2359	10
2360	9
2361	8
2362	9
2363	5
2364	6
2365	11
2366	8
2367	10
2368	7
2369	3
2370	8
2371	7
2372	9
2373	10
2374	6
2375	7
2376	11
2377	9
2378	11
2379	7
2380	6
2381	9
2382	7
2383	8
2384	7
2385	1
2386	7
2387	8
2388	9
2389	10
2390	11
2391	15
2392	10
2393	10
2394	6
2395	9
2396	16
2397	11
2398	6
2399	7
2400	9
2401	12
2402	6
2403	4
2404	9
2405	13
2406	8
2407	8
2408	9
2409	8
2410	9
2411	7
2412	7
2413	5
2414	12
2415	10
2416	3
2417	8
2418	6
2419	7
2420	8
2421	10
2422	10
2423	5
2424	8
2425	8
2426	6
2427	6
2428	10
2429	4
2430	14
2431	9
2432	9
2433	9
2434	6
2435	5
2436	7
2437	5
2438	7
2439	4
2440	9
2441	4
2442	6
2443	6
2444	8
2445	7
2446	7
2447	7
2448	6
2449	8
2450	12
2451	11
2452	8
2453	8
2454	8
2455	8
2456	5
2457	11
2458	8
2459	7
2460	9
2461	6
2462	10
2463	11
2464	9
2465	2
2466	7
2467	9
2468	9
2469	11
2470	9
2471	7
2472	9
2473	14
2474	6
2475	11
2476	6
2477	8
2478	3
2479	8
2480	5
2481	8
2482	7
2483	9
2484	10
2485	7
2486	8
2487	3
2488	11
2489	6
2490	10
2491	7
2492	6
2493	7
2494	6
2495	5
2496	7
2497	5
2498	5
2499	6
2500	6
2501	7
2502	16
2503	12
2504	4
2505	11
2506	10
2507	3
2508	5
2509	4
2510	7
2511	3
2512	7
2513	12
2514	5
2515	10
2516	8
2517	6
2518	10
2519	7
2520	10
2521	3
2522	6
2523	11
2524	5
2525	10
2526	5
2527	7
2528	4
2529	13
2530	10
2531	6
2532	11
2533	8
2534	4
2535	12
2536	7
2537	8
2538	12
2539	3
2540	9
2541	12
2542	14
2543	9
2544	5
2545	12
2546	6
2547	6
2548	8
2549	6
2550	14
2551	9
2552	9
2553	2
2554	4
2555	4
2556	8
2557	6
2558	8
2559	4
2560	6
2561	7
2562	4
2563	5
2564	9
2565	6
2566	9
2567	14
2568	7
2569	8
2570	7
2571	8
2572	7
2573	8
2574	4
2575	10
2576	3
2577	7
2578	9
2579	6
2580	6
2581	8
2582	10
2583	2
2584	7
2585	10
2586	9
2587	7
2588	7
2589	13
2590	5
2591	5
2592	8
2593	6
2594	7
2595	4
2596	9
2597	9
2598	5
2599	7
2600	5
2601	9
2602	9
2603	8
2604	9
2605	8
2606	10
2607	8
2608	7
2609	9
2610	9
2611	6
2612	12
2613	10
2614	6
2615	6
2616	9
2617	9
2618	11
2619	10
2620	5
2621	4
2622	10
2623	9
2624	8
2625	4
2626	3
2627	10
2628	8
2629	8
2630	12
2631	7
2632	8
2633	8
2634	7
2635	4
2636	9
2637	9
2638	7
2639	8
2640	5
2641	7
2642	8
2643	10
2644	8
2645	8
2646	7
2647	8
2648	7
2649	7
2650	6
2651	9
2652	8
2653	5
2654	10
2655	3
2656	5
2657	10
2658	6
2659	6
2660	13
2661	4
2662	8
2663	7
2664	5
2665	5
2666	4
2667	7
2668	8
2669	7
2670	9
2671	7
2672	8
2673	6
2674	6
2675	8
2676	5
2677	6
2678	10
2679	7
2680	12
2681	10
2682	9
2683	9
2684	9
2685	3
2686	8
2687	7
2688	11
2689	1
2690	7
2691	9
2692	8
2693	3
2694	8
2695	7
2696	10
2697	5
2698	5
2699	5
2700	4
2701	4
2702	5
2703	14
2704	7
2705	13
2706	4
2707	7
2708	10
2709	7
2710	7
2711	11
2712	7
2713	7
2714	7
2715	4
2716	9
2717	11
2718	8
2719	8
2720	7
2721	9
2722	6
2723	6
2724	10
2725	8
2726	10
2727	8
2728	8
2729	6
2730	8
2731	9
2732	13
2733	4
2734	13
2735	7
2736	6
2737	5
2738	5
2739	10
2740	9
2741	5
2742	7
2743	8
2744	4
2745	9
2746	12
2747	5
2748	3
2749	6
2750	6
2751	11
2752	7
2753	9
2754	5
2755	7
2756	9
2757	8
2758	4
2759	12
2760	5
2761	9
2762	6
2763	7
2764	8
2765	3
2766	8
2767	10
2768	5
2769	7
2770	3
2771	6
2772	5
2773	8
2774	4
2775	13
2776	6
2777	6
2778	6
2779	15
2780	9
2781	6
2782	6
2783	6
2784	7
2785	6
2786	10
2787	11
2788	10
2789	5
2790	7
2791	11
2792	10
2793	7
2794	8
2795	6
2796	8
2797	2
2798	3
2799	8
2800	11
2801	4
2802	5
2803	5
2804	10
2805	7
2806	8
2807	5
2808	8
2809	1
2810	9
2811	6
2812	5
2813	12
2814	13
2815	8
2816	6
2817	5
2818	8
2819	8
2820	7
2821	7
2822	1
2823	5
2824	6
2825	10
2826	9
2827	10
2828	7
2829	11
2830	8
2831	3
2832	13
2833	6
2834	8
2835	6
2836	7
2837	8
2838	8
2839	6
2840	8
2841	9
2842	5
2843	8
2844	6
2845	8
2846	7
2847	12
2848	5
2849	8
2850	5
2851	9
2852	7
2853	12
2854	9
2855	5
2856	8
2857	5
2858	7
2859	6
2860	6
2861	7
2862	6
2863	6
2864	7
2865	8
2866	10
2867	5
2868	3
2869	6
2870	2
2871	6
2872	6
2873	7
2874	6
2875	7
2876	3
2877	9
2878	9
2879	11
2880	8
2881	8
2882	7
2883	9
2884	8
2885	13
2886	4
2887	8
2888	4
2889	9
2890	7
2891	5
2892	6
2893	7
2894	3
2895	3
2896	10
2897	9
2898	1
2899	4
2900	6
2901	8
2902	7
2903	6
2904	6
2905	8
2906	2
2907	9
2908	6
2909	14
2910	12
2911	3
2912	8
2913	6
2914	7
2915	6
2916	9
2917	9
2918	5
2919	6
2920	10
2921	4
2922	5
2923	8
2924	7
2925	4
2926	8
2927	8
2928	7
2929	9
2930	6
2931	10
2932	6
2933	12
2934	10
2935	12
2936	6
2937	7
2938	7
2939	7
2940	9
2941	7
2942	6
2943	7
2944	7
2945	3
2946	6
2947	10
2948	12
2949	4
2950	7
2951	1
2952	9
2953	3
2954	4
2955	5
2956	5
2957	7
2958	6
2959	12
2960	3
2961	4
2962	5
2963	9
2964	7
2965	4
2966	7
2967	8
2968	8
2969	4
2970	6
2971	8
2972	7
2973	5
2974	9
2975	9
2976	11
2977	11
2978	5
2979	2
2980	6
2981	8
2982	14
2983	6
2984	7
2985	8
2986	5
2987	11
2988	9
2989	7
2990	9
2991	8
2992	9
2993	6
2994	12
2995	9
2996	2
2997	8
2998	6
2999	8
3000	11
3001	9
3003	6
3004	9
3005	7
3006	6
3007	9
3008	5
3009	3
3010	3
3011	8
3012	8
3013	7
3014	9
3015	8
3016	8
3017	5
3018	12
3019	7
3020	7
3021	4
3022	2
3023	5
3024	5
3025	13
3026	6
3027	9
3028	4
3029	4
3030	6
3031	7
3032	5
3033	6
3034	7
3035	6
3036	5
3037	5
3038	6
3039	4
3040	3
3041	6
3042	8
3043	5
3044	7
3045	8
3046	7
3047	10
3048	4
3049	9
3050	7
3051	7
3052	5
3053	8
3054	9
3055	12
3056	7
3057	2
3058	6
3059	7
3060	5
3061	7
3062	4
3063	6
3064	10
3065	10
3066	6
3067	6
3068	7
3069	9
3070	6
3071	11
3072	7
3073	4
3074	4
3075	6
3076	7
3077	6
3078	6
3079	7
3080	8
3081	6
3082	5
3083	8
3084	5
3085	8
3086	8
3087	2
3088	7
3089	3
3090	3
3091	3
3092	5
3093	4
3094	2
3095	8
3096	6
3097	4
3098	5
3099	9
3100	8
3101	7
3102	6
3103	4
3104	9
3105	12
3106	6
3107	8
3108	7
3109	9
3110	7
3111	4
3112	7
3113	9
3114	4
3115	6
3116	2
3117	4
3118	7
3119	4
3120	6
3121	10
3122	5
3123	6
3124	7
3125	2
3126	5
3127	5
3128	4
3129	9
3130	8
3131	3
3132	5
3133	6
3134	9
3135	13
3136	7
3137	7
3138	5
3139	8
3140	9
3141	8
3142	4
3143	9
3144	5
3145	8
3146	3
3147	3
3148	9
3149	6
3150	6
3151	8
3152	7
3153	4
3154	8
3155	5
3156	6
3157	2
3158	3
3159	2
3160	5
3161	5
3162	6
3163	5
3164	12
3165	4
3166	2
3167	6
3168	7
3169	4
3170	10
3171	5
3172	9
3173	4
3174	2
3175	1
3176	6
3177	5
3178	6
3179	13
3180	6
3181	6
3182	5
3183	2
3184	4
3185	6
3186	9
3187	3
3188	10
3189	7
3190	2
3191	4
3192	4
3193	7
3194	9
3195	8
3196	6
3197	6
3198	6
3199	6
3200	9
3201	7
3202	4
3203	6
3204	8
3205	5
3206	11
3207	7
3208	6
3209	6
3210	4
3211	6
3212	13
3213	8
3214	6
3215	6
3216	7
3217	7
3218	8
3219	8
3220	4
3221	6
3222	7
3223	8
3224	8
3225	14
3226	9
3227	6
3228	4
3229	3
3230	8
3231	7
3232	6
3233	7
3234	5
3235	6
3236	6
3237	7
3238	4
3239	7
3240	7
3241	6
3242	5
3243	2
3244	5
3245	10
3246	4
3247	4
3248	8
3249	12
3250	6
3251	4
3252	3
3253	2
3254	10
3255	7
3256	4
3257	6
3258	1
3259	5
3260	8
3261	9
3262	3
3263	4
3264	10
3265	8
3266	4
3267	6
3268	5
3269	7
3270	6
3271	8
3272	7
3273	8
3274	8
3275	3
3276	7
3277	7
3278	9
3279	5
3280	8
3281	8
3282	6
3283	7
3284	4
3285	7
3286	6
3287	4
3288	4
3289	3
3290	5
3291	5
3292	7
3293	7
3294	5
3295	5
3296	6
3297	6
3298	8
3299	6
3300	5
3301	6
3302	10
3303	6
3304	2
3305	7
3306	5
3307	6
3308	5
3309	7
3310	8
3311	9
3312	4
3313	4
3314	4
3315	7
3316	5
3317	9
3318	10
3319	6
3320	4
3321	8
3322	4
3323	3
3324	7
3325	4
3326	11
3327	5
3328	4
3329	5
3330	6
3331	4
3332	7
3333	4
3334	4
3335	8
3336	4
3337	10
3338	6
3339	14
3340	4
3341	6
3342	4
3343	7
3344	6
3345	3
3346	3
3347	6
3348	6
3349	6
3350	3
3351	6
3352	9
3353	7
3354	6
3355	7
3356	9
3357	5
3358	9
3359	7
3360	6
3361	6
3362	9
3363	7
3364	6
3365	4
3366	4
3367	4
3368	4
3369	3
3370	2
3371	5
3372	7
3373	4
3374	7
3375	6
3376	5
3377	8
3378	8
3379	7
3380	6
3381	6
3382	9
3383	4
3384	6
3385	5
3386	9
3387	4
3388	4
3389	2
3390	7
3391	4
3392	10
3393	5
3394	7
3395	7
3396	15
3397	3
3398	6
3399	4
3400	7
3401	5
3402	7
3403	6
3404	5
3405	7
3406	3
3407	4
3408	7
3409	4
3410	4
3411	7
3412	6
3413	3
3414	3
3415	4
3416	7
3417	10
3418	4
3419	3
3420	10
3421	7
3422	5
3423	6
3424	6
3425	5
3426	5
3427	8
3428	10
3429	9
3430	6
3431	6
3432	7
3433	8
3434	4
3435	7
3436	9
3437	4
3438	7
3439	4
3440	6
3441	3
3442	7
3443	9
3444	4
3445	4
3446	6
3447	8
3448	8
3449	5
3450	6
3451	6
3452	8
3453	6
3454	4
3455	8
3456	6
3457	6
3458	4
3459	3
3460	7
3461	3
3462	10
3463	7
3464	12
3465	2
3466	4
3467	4
3468	5
3469	4
3470	4
3471	9
3472	5
3473	6
3474	5
3475	4
3476	9
3477	5
3478	7
3479	7
3480	6
3481	5
3482	5
3483	9
3484	8
3485	7
3486	3
3487	8
3488	5
3489	5
3490	7
3491	6
3492	7
3493	3
3494	3
3495	5
3496	13
3497	2
3498	5
3499	4
3500	3
3501	4
3502	4
3503	11
3504	7
3505	6
3506	9
3507	9
3508	3
3509	8
3510	9
3511	6
3512	4
3513	4
3514	3
3515	7
3516	5
3517	10
3518	6
3519	5
3520	3
3521	10
3522	11
3523	5
3524	8
3525	7
3526	4
3527	8
3528	5
3529	2
3530	8
3531	10
3532	2
3533	5
3534	8
3535	4
3536	7
3537	3
3538	5
3539	8
3540	10
3541	4
3542	5
3543	11
3544	8
3545	6
3546	5
3547	5
3548	8
3549	6
3550	4
3551	7
3552	11
3553	5
3554	2
3555	8
3556	5
3557	2
3558	7
3559	8
3560	6
3561	9
3562	4
3563	6
3564	9
3565	5
3566	6
3567	10
3568	6
3569	5
3570	5
3571	4
3572	5
3573	4
3574	8
3575	8
3576	10
3577	4
3578	4
3579	4
3580	3
3581	3
3582	7
3583	11
3584	7
3585	3
3586	2
3587	10
3588	6
3589	9
3590	5
3591	11
3592	9
3593	7
3594	4
3595	6
3596	8
3597	6
3598	8
3599	9
3600	5
3601	5
3602	6
3603	9
3604	7
3605	5
3606	7
3607	7
3608	7
3609	6
3610	7
3611	6
3612	6
3613	11
3614	1
3615	2
3616	4
3617	5
3618	5
3619	6
3620	5
3621	8
3622	8
3623	6
3624	6
3625	4
3626	6
3627	12
3628	5
3629	4
3630	4
3631	5
3632	8
3633	7
3634	6
3635	4
3636	3
3637	7
3638	14
3639	3
3640	6
3641	7
3642	12
3643	5
3644	4
3645	4
3646	4
3647	8
3648	7
3649	9
3650	4
3651	4
3652	6
3653	4
3654	3
3655	5
3656	9
3657	5
3658	7
3659	8
3660	2
3661	2
3662	2
3663	6
3664	4
3665	9
3666	8
3667	3
3668	7
3669	7
3670	4
3671	11
3672	9
3673	4
3674	6
3675	12
3676	5
3677	5
3678	2
3679	6
3680	6
3681	5
3682	8
3683	8
3684	6
3685	5
3686	9
3687	4
3688	4
3689	4
3690	4
3691	7
3692	5
3693	2
3694	3
3695	6
3696	7
3697	4
3698	3
3699	2
3700	9
3701	6
3702	3
3703	6
3704	3
3705	9
3706	7
3707	7
3708	6
3709	7
3710	3
3711	5
3712	5
3713	5
3714	1
3715	5
3716	6
3717	9
3718	8
3719	4
3720	7
3721	8
3722	10
3723	3
3724	2
3725	2
3726	4
3727	4
3728	7
3729	8
3730	6
3731	3
3732	6
3733	4
3734	5
3735	4
3736	11
3737	3
3738	7
3739	6
3740	7
3741	4
3742	8
3743	5
3744	11
3745	5
3746	6
3747	2
3748	5
3749	5
3750	7
3751	5
3752	8
3753	8
3754	3
3755	6
3756	6
3757	4
3758	8
3759	7
3760	6
3761	4
3762	3
3763	4
3764	7
3765	6
3766	5
3767	6
3768	4
3769	11
3770	7
3771	7
3772	4
3773	6
3774	4
3775	2
3776	6
3777	4
3778	6
3779	5
3780	8
3781	4
3782	7
3783	8
3785	4
3786	6
3787	2
3788	2
3789	8
3790	7
3791	5
3792	8
3793	5
3794	6
3795	7
3796	5
3797	5
3798	6
3799	8
3800	11
3801	3
3802	9
3803	4
3804	4
3805	4
3806	5
3807	2
3808	7
3809	1
3810	3
3811	4
3812	5
3813	7
3814	6
3815	8
3816	4
3817	3
3818	4
3819	6
3820	3
3821	8
3822	3
3823	5
3824	9
3825	6
3826	6
3827	4
3828	3
3829	3
3830	2
3831	2
3832	10
3833	4
3834	6
3835	4
3836	10
3837	5
3838	6
3839	5
3840	8
3841	1
3842	7
3843	4
3844	5
3845	6
3846	3
3847	4
3848	5
3849	9
3850	7
3851	5
3852	4
3853	7
3854	7
3855	3
3856	2
3857	4
3858	2
3859	5
3860	5
3861	7
3862	5
3863	8
3864	6
3865	8
3866	6
3867	5
3868	3
3869	6
3870	8
3871	3
3872	4
3873	11
3874	3
3875	4
3876	2
3877	6
3878	6
3879	7
3880	9
3881	6
3882	5
3883	8
3884	8
3885	4
3886	7
3887	4
3888	7
3889	9
3890	9
3891	4
3892	3
3893	6
3894	5
3895	7
3896	5
3897	4
3898	4
3899	6
3900	3
3901	7
3902	4
3903	12
3904	5
3905	4
3906	7
3907	6
3908	2
3909	5
3910	3
3911	6
3912	4
3913	5
3914	3
3915	8
3916	4
3917	7
3918	6
3919	6
3920	5
3921	2
3922	3
3923	8
3924	6
3925	5
3926	7
3927	8
3928	4
3929	3
3930	6
3931	9
3932	1
3933	12
3934	2
3935	2
3936	7
3937	4
3938	7
3939	9
3940	5
3941	4
3942	8
3943	5
3944	7
3945	5
3946	4
3947	1
3948	4
3949	7
3950	8
3951	5
3952	2
3953	6
3954	7
3955	8
3956	8
3957	7
3958	3
3959	5
3960	6
3961	7
3962	8
3963	5
3964	2
3965	6
3966	4
3967	5
3968	1
3969	5
3970	2
3971	5
3972	12
3973	5
3974	8
3975	9
3976	7
3977	7
3978	4
3979	8
3980	3
3981	1
3982	6
3983	5
3984	6
3985	8
3986	4
3987	4
3988	2
3989	6
3990	6
3991	9
3992	7
3993	4
3994	1
3995	8
3996	4
3997	5
3998	8
3999	3
4000	7
4001	7
4002	6
4003	5
4004	3
4005	7
4006	3
4007	5
4008	8
4009	4
4010	1
4011	8
4012	4
4013	1
4014	4
4015	10
4016	2
4017	4
4018	3
4019	7
4020	9
4021	7
4022	5
4023	4
4024	12
4025	5
4026	4
4027	6
4028	9
4029	7
4030	6
4031	6
4032	3
4033	6
4034	8
4035	6
4036	2
4037	3
4038	4
4039	5
4040	5
4041	3
4042	6
4043	6
4044	4
4045	6
4046	5
4047	6
4048	6
4049	5
4050	1
4051	3
4052	5
4053	10
4054	8
4055	2
4056	1
4057	7
4058	4
4059	10
4060	3
4061	5
4062	4
4063	4
4064	6
4065	7
4066	10
4067	5
4068	2
4069	8
4070	5
4071	3
4072	6
4073	4
4074	2
4075	2
4076	5
4077	2
4078	3
4079	4
4080	2
4081	6
4082	7
4083	6
4084	10
4085	5
4086	4
4087	1
4088	4
4089	8
4090	10
4091	8
4092	4
4093	4
4094	4
4095	3
4096	7
4097	1
4098	3
4099	4
4100	4
4101	7
4102	3
4103	9
4104	6
4105	5
4107	6
4108	5
4109	5
4110	1
4111	2
4112	4
4113	1
4114	7
4115	5
4116	4
4117	8
4118	7
4119	5
4120	4
4121	4
4122	7
4123	7
4124	1
4125	2
4126	5
4127	6
4128	9
4129	8
4130	9
4131	5
4132	5
4133	5
4134	6
4135	4
4136	1
4137	5
4138	3
4139	6
4140	10
4141	5
4142	6
4143	6
4144	2
4145	3
4146	5
4147	1
4148	4
4149	4
4150	7
4151	6
4152	6
4153	3
4154	4
4155	2
4156	4
4157	5
4158	13
4159	3
4160	3
4161	2
4162	9
4163	3
4164	1
4165	2
4166	4
4167	4
4168	4
4169	8
4170	5
4171	5
4172	9
4173	3
4174	4
4175	3
4176	2
4177	2
4178	7
4179	5
4180	7
4181	1
4182	6
4183	2
4184	3
4185	3
4186	7
4187	3
4188	5
4189	4
4190	6
4191	4
4192	6
4193	1
4194	6
4195	2
4196	8
4197	12
4198	5
4199	4
4200	4
4201	5
4202	6
4203	7
4204	4
4205	2
4206	4
4207	4
4208	1
4209	7
4210	6
4211	2
4212	4
4213	8
4214	2
4215	3
4216	8
4217	4
4218	6
4219	2
4220	3
4221	8
4222	7
4223	7
4224	3
4225	4
4226	5
4227	6
4228	3
4229	5
4230	3
4231	3
4232	2
4233	6
4234	4
4235	3
4236	6
4237	4
4238	5
4239	4
4240	5
4241	7
4242	4
4243	4
4244	3
4245	4
4246	2
4247	9
4248	3
4249	3
4250	5
4251	4
4252	4
4253	4
4254	4
4255	6
4256	2
4257	1
4258	7
4259	4
4260	6
4261	3
4262	8
4263	7
4264	4
4265	2
4266	5
4267	1
4268	3
4269	2
4271	4
4272	7
4273	3
4274	1
4275	3
4276	1
4277	7
4278	4
4279	9
4280	1
4281	3
4282	3
4283	10
4284	2
4285	9
4286	5
4287	6
4288	4
4289	8
4290	3
4291	9
4292	5
4293	7
4294	6
4295	3
4296	4
4297	3
4298	2
4299	5
4300	7
4301	5
4302	7
4303	2
4304	3
4305	6
4306	9
4307	5
4308	4
4309	4
4310	5
4311	6
4312	4
4313	5
4314	4
4315	4
4316	4
4317	1
4318	3
4319	3
4320	6
4321	6
4322	6
4323	5
4324	4
4325	1
4326	3
4327	3
4328	6
4329	5
4330	4
4331	8
4332	3
4333	4
4334	3
4335	5
4336	9
4337	4
4338	2
4339	4
4340	4
4341	1
4342	4
4343	11
4344	5
4345	2
4346	3
4347	5
4348	7
4349	3
4350	7
4351	5
4352	4
4353	2
4354	3
4355	8
4356	7
4357	3
4358	8
4359	11
4360	2
4361	7
4362	3
4363	4
4364	2
4365	5
4366	7
4367	5
4368	7
4369	2
4370	1
4371	6
4372	6
4373	7
4374	5
4375	2
4376	2
4377	5
4378	12
4379	8
4380	3
4381	2
4382	8
4383	6
4384	6
4385	3
4386	6
4387	1
4388	8
4389	6
4390	3
4391	4
4392	7
4393	2
4394	6
4395	3
4396	4
4397	11
4398	3
4399	4
4400	8
4401	3
4402	3
4403	7
4404	4
4405	5
4406	8
4407	3
4408	3
4409	5
4410	1
4411	2
4412	5
4413	6
4414	1
4415	2
4416	3
4417	8
4418	8
4419	5
4420	5
4421	2
4422	5
4423	4
4424	5
4425	4
4426	3
4427	3
4428	8
4429	9
4430	4
4431	1
4432	4
4433	1
4434	5
4435	4
4436	2
4437	5
4438	11
4439	5
4440	7
4441	8
4442	3
4443	4
4444	5
4445	2
4446	4
4447	3
4448	2
4449	2
4450	2
4451	8
4452	7
4453	4
4454	5
4455	4
4456	4
4457	5
4458	6
4459	3
4460	4
4461	3
4462	5
4463	1
4464	5
4465	6
4466	6
4467	6
4468	2
4469	3
4470	2
4471	7
4472	3
4473	1
4474	1
4475	3
4476	4
4477	2
4478	3
4479	4
4480	4
4481	4
4482	5
4483	8
4484	3
4485	3
4486	4
4487	7
4488	7
4489	6
4490	5
4491	3
4492	3
4493	6
4494	8
4495	4
4496	8
4497	3
4498	4
4499	4
4500	3
4501	8
4502	2
4503	5
4504	6
4505	4
4506	1
4507	4
4508	3
4509	2
4510	1
4511	4
4512	4
4513	4
4514	4
4515	3
4516	4
4517	6
4518	6
4519	1
4520	3
4521	4
4522	3
4523	5
4524	1
4525	3
4526	2
4527	7
4528	7
4529	5
4530	5
4531	3
4532	2
4533	3
4534	4
4535	2
4536	5
4537	4
4538	4
4539	2
4540	4
4541	1
4542	3
4543	8
4544	4
4545	6
4546	1
4547	6
4548	6
4549	4
4550	3
4551	10
4552	1
4553	9
4554	6
4555	2
4556	7
4557	4
4559	1
4560	4
4561	5
4562	1
4563	2
4564	2
4565	3
4566	6
4567	6
4568	6
4569	3
4570	6
4571	2
4572	6
4573	6
4574	3
4575	4
4576	5
4577	3
4578	1
4579	2
4580	7
4581	5
4582	5
4583	6
4584	4
4585	3
4586	3
4587	4
4588	2
4589	3
4590	4
4591	4
4592	3
4593	6
4594	11
4595	3
4596	2
4597	5
4598	6
4599	4
4600	4
4601	5
4602	6
4603	6
4604	5
4605	4
4606	1
4607	2
4608	5
4609	4
4610	6
4611	6
4612	6
4613	3
4614	3
4615	3
4617	3
4618	5
4619	3
4620	7
4621	5
4622	3
4623	6
4624	3
4625	3
4626	4
4627	5
4628	2
4629	8
4630	7
4631	3
4632	2
4633	3
4634	1
4635	6
4636	6
4637	3
4638	7
4639	3
4640	4
4641	7
4642	5
4643	11
4644	8
4645	5
4646	7
4647	6
4648	2
4649	5
4650	3
4651	7
4652	5
4653	5
4654	2
4655	4
4656	3
4657	3
4658	4
4659	8
4660	4
4661	2
4662	4
4663	5
4664	5
4665	3
4666	5
4667	1
4668	5
4669	2
4670	7
4671	3
4672	2
4673	2
4674	5
4675	4
4676	5
4677	3
4678	5
4679	4
4680	4
4681	2
4682	7
4683	6
4684	3
4685	3
4686	3
4687	4
4688	2
4689	2
4690	2
4691	3
4692	4
4693	1
4694	1
4695	1
4696	7
4697	7
4698	2
4699	6
4700	8
4701	6
4702	5
4703	2
4704	4
4705	3
4706	5
4707	6
4709	3
4710	3
4711	5
4712	2
4713	6
4714	6
4715	5
4716	4
4717	9
4718	7
4719	6
4720	2
4721	1
4722	5
4723	6
4724	7
4725	7
4726	1
4727	4
4728	5
4729	7
4730	4
4731	4
4732	3
4733	5
4734	5
4735	7
4736	3
4737	4
4738	6
4739	3
4740	3
4741	4
4742	4
4743	1
4744	6
4745	7
4746	2
4747	1
4748	3
4749	9
4750	6
4751	5
4752	3
4753	4
4754	4
4755	1
4756	2
4757	3
4758	5
4759	6
4761	4
4762	3
4763	3
4764	5
4765	3
4766	3
4767	2
4768	7
4769	6
4770	4
4771	5
4772	8
4773	9
4774	3
4775	4
4776	4
4777	3
4778	4
4779	8
4780	4
4781	6
4782	5
4783	1
4784	7
4785	6
4786	3
4787	1
4788	3
4789	3
4790	2
4791	3
4792	3
4793	2
4794	6
4795	4
4796	3
4797	2
4798	4
4799	4
4800	2
4801	5
4802	2
4803	4
4804	6
4805	3
4806	2
4807	1
4808	2
4809	5
4810	2
4811	2
4812	3
4813	5
4814	5
4815	6
4816	5
4817	5
4818	4
4819	6
4820	3
4821	4
4822	1
4823	3
4824	4
4825	6
4826	4
4827	3
4828	4
4829	4
4830	11
4831	3
4832	3
4833	4
4834	1
4835	3
4836	3
4837	2
4838	4
4839	5
4840	3
4841	8
4842	4
4843	5
4844	3
4845	8
4846	6
4847	5
4848	10
4849	4
4850	6
4851	6
4852	1
4853	5
4854	4
4855	4
4856	6
4857	3
4858	2
4859	5
4860	1
4861	5
4862	5
4863	2
4864	3
4865	5
4866	3
4867	2
4868	4
4869	6
4870	5
4871	5
4872	3
4873	5
4874	4
4875	1
4876	6
4877	5
4878	4
4879	2
4880	13
4881	3
4882	7
4883	4
4884	6
4886	7
4887	5
4888	8
4889	7
4890	4
4891	2
4892	2
4893	2
4894	6
4895	5
4896	5
4897	4
4898	2
4899	5
4900	5
4901	4
4903	4
4905	1
4906	6
4908	1
4909	2
4910	7
4911	5
4912	2
4913	4
4914	3
4915	2
4916	2
4917	2
4918	5
4919	4
4920	3
4921	4
4922	1
4923	4
4924	2
4925	1
4926	5
4927	4
4928	5
4930	3
4931	5
4932	2
4933	4
4934	6
4935	8
4936	5
4937	5
4938	3
4939	4
4940	2
4941	5
4942	3
4943	3
4944	1
4945	7
4946	2
4947	4
4948	8
4949	5
4950	4
4951	3
4952	9
4953	5
4954	4
4955	5
4956	3
4957	3
4958	4
4959	2
4960	2
4961	6
4962	5
4963	1
4964	3
4965	6
4966	2
4967	4
4968	3
4969	3
4970	3
4971	3
4972	5
4973	3
4975	3
4976	3
4977	4
4978	4
4979	4
4980	3
4981	3
4982	5
4983	5
4984	3
4985	3
4986	6
4987	1
4988	6
4989	6
4990	3
4991	6
4992	4
4993	6
4994	2
4995	4
4996	4
4997	2
4998	7
4999	5
5000	3
5001	5
5002	2
5003	4
5004	4
5006	5
5007	2
5008	5
5009	3
5010	4
5011	2
5012	6
5013	8
5014	4
5015	1
5016	3
5017	3
5018	4
5019	5
5020	3
5021	4
5022	2
5023	6
5024	3
5025	5
5026	4
5027	4
5028	3
5029	4
5030	2
5031	9
5032	5
5033	2
5034	2
5035	3
5036	5
5037	4
5038	2
5039	5
5040	5
5041	3
5043	1
5044	4
5045	5
5046	5
5047	5
5048	3
5049	6
5050	5
5051	6
5052	4
5053	2
5054	6
5055	2
5056	3
5057	1
5058	6
5059	1
5060	5
5061	5
5062	3
5063	3
5064	3
5065	3
5066	3
5067	5
5068	6
5069	8
5070	6
5071	4
5072	2
5073	3
5074	5
5075	7
5076	5
5077	4
5078	5
5079	7
5080	7
5081	3
5082	6
5083	1
5084	5
5085	5
5086	6
5087	7
5088	4
5089	7
5090	8
5091	2
5092	6
5093	4
5094	4
5095	4
5096	6
5097	6
5098	4
5099	4
5100	1
5101	3
5103	4
5104	1
5106	4
5107	3
5108	4
5110	4
5111	2
5112	2
5113	1
5114	5
5115	2
5116	2
5117	5
5118	2
5119	3
5120	4
5121	3
5122	4
5123	2
5125	4
5126	1
5127	4
5128	3
5129	8
5130	3
5131	5
5132	4
5133	3
5134	5
5135	6
5136	2
5137	3
5138	3
5139	6
5140	5
5141	3
5142	1
5143	3
5144	3
5145	3
5146	4
5147	6
5148	4
5149	1
5150	4
5151	7
5152	6
5153	2
5154	9
5155	1
5156	2
5157	1
5158	3
5159	3
5160	2
5161	2
5162	6
5163	3
5164	4
5165	4
5166	3
5167	5
5168	5
5169	5
5170	3
5171	4
5172	7
5173	4
5174	4
5175	3
5176	5
5177	2
5178	1
5179	2
5180	3
5181	5
5182	6
5183	4
5184	2
5185	3
5186	2
5187	7
5188	2
5189	3
5190	5
5191	1
5192	3
5193	2
5194	4
5195	5
5196	3
5197	7
5198	5
5199	5
5200	4
5201	3
5202	8
5203	3
5204	3
5205	3
5206	6
5207	9
5208	5
5209	2
5210	4
5211	4
5212	3
5213	4
5214	1
5215	3
5216	7
5217	3
5218	5
5219	2
5220	3
5221	2
5222	3
5223	3
5224	7
5225	1
5226	4
5227	6
5228	2
5229	4
5230	2
5231	4
5232	8
5233	1
5234	4
5235	6
5236	5
5237	5
5238	4
5239	3
5240	3
5241	4
5242	6
5243	1
5244	7
5245	4
5246	2
5248	4
5249	2
5250	4
5251	5
5252	3
5253	2
5254	3
5255	5
5256	2
5258	1
5259	2
5260	3
5261	1
5262	4
5263	4
5264	3
5265	3
5267	5
5268	1
5269	2
5270	7
5271	5
5272	1
5273	3
5274	2
5275	3
5276	1
5277	3
5278	2
5279	3
5280	4
5281	4
5282	2
5283	3
5284	6
5285	2
5286	3
5287	2
5288	2
5289	6
5290	2
5291	5
5292	1
5293	2
5294	3
5295	8
5296	4
5297	2
5298	4
5299	5
5300	1
5301	6
5303	5
5304	3
5305	3
5306	5
5307	1
5308	3
5309	3
5310	4
5311	3
5312	4
5313	4
5314	5
5315	3
5316	4
5317	2
5318	4
5319	3
5320	5
5321	6
5322	2
5323	2
5324	6
5325	2
5326	2
5327	1
5328	3
5329	2
5330	3
5331	1
5332	2
5333	2
5334	4
5335	3
5336	1
5337	4
5338	4
5339	2
5340	4
5341	4
5342	4
5343	6
5344	2
5345	1
5347	4
5348	2
5349	3
5350	1
5351	2
5352	4
5353	6
5354	5
5355	3
5356	4
5357	4
5358	5
5359	3
5360	2
5361	3
5362	4
5363	3
5364	1
5365	3
5366	5
5367	4
5368	5
5369	5
5370	2
5371	4
5372	2
5373	3
5374	3
5375	7
5376	1
5377	7
5378	3
5379	2
5380	7
5381	2
5382	2
5383	4
5384	5
5385	7
5386	2
5387	4
5388	4
5389	4
5390	8
5391	3
5392	3
5393	4
5394	4
5395	3
5396	5
5397	2
5398	4
5399	4
5400	2
5401	5
5402	1
5403	3
5404	3
5405	4
5406	4
5407	1
5408	3
5409	5
5410	6
5411	2
5412	2
5413	3
5414	3
5415	3
5416	5
5417	2
5418	6
5419	3
5420	4
5421	3
5422	3
5423	6
5424	3
5425	4
5426	7
5427	2
5428	4
5429	2
5430	2
5431	4
5432	4
5433	1
5434	4
5435	3
5436	6
5437	2
5438	1
5439	3
5440	5
5441	2
5442	8
5443	5
5444	2
5445	4
5446	3
5447	3
5448	6
5449	3
5450	3
5451	1
5452	3
5453	5
5454	3
5455	2
5456	1
5457	5
5458	4
5459	4
5460	5
5461	7
5462	4
5463	5
5464	1
5465	4
5466	7
5467	4
5468	4
5469	8
5470	3
5471	5
5472	1
5473	4
5474	5
5475	3
5476	5
5477	2
5478	3
5479	2
5480	1
5481	2
5482	4
5483	3
5484	1
5485	3
5486	3
5487	2
5488	2
5489	2
5490	6
5491	3
5492	5
5493	6
5494	6
5495	2
5496	6
5497	5
5498	4
5499	3
5500	5
5501	1
5502	1
5503	1
5504	2
5505	2
5506	4
5507	5
5508	1
5509	7
5510	3
5511	4
5513	7
5514	5
5515	1
5516	6
5517	2
5518	2
5519	3
5520	4
5521	3
5522	3
5523	1
5524	2
5525	4
5526	6
5527	3
5528	1
5529	2
5530	3
5531	2
5532	3
5533	3
5534	2
5535	3
5536	3
5538	3
5539	4
5540	1
5541	2
5542	2
5543	5
5544	1
5545	2
5546	3
5547	5
5548	3
5549	4
5550	5
5551	6
5552	3
5553	2
5554	4
5555	4
5556	6
5557	4
5558	3
5559	5
5560	5
5561	1
5562	1
5563	3
5564	4
5565	7
5566	6
5567	1
5568	1
5569	1
5570	2
5571	5
5572	5
5573	1
5574	2
5575	1
5576	4
5577	3
5578	4
5579	2
5580	3
5581	4
5582	4
5583	2
5584	1
5585	5
5586	3
5587	4
5588	6
5589	5
5590	1
5591	4
5592	1
5593	6
5594	1
5595	3
5596	3
5597	3
5598	3
5599	7
5600	1
5601	2
5602	3
5603	4
5604	1
5605	6
5606	1
5607	2
5608	5
5609	3
5610	3
5611	3
5612	6
5613	3
5614	4
5615	3
5616	3
5617	1
5618	4
5619	3
5620	2
5621	5
5622	4
5623	3
5624	2
5625	3
5626	3
5627	7
5628	1
5629	2
5630	3
5631	1
5632	3
5633	5
5634	3
5635	3
5636	3
5637	2
5638	3
5639	1
5640	2
5641	9
5642	4
5643	3
5644	4
5645	2
5646	3
5647	3
5648	1
5649	3
5650	4
5651	6
5652	3
5653	4
5654	1
5655	2
5656	1
5657	6
5658	2
5659	4
5660	4
5662	5
5663	6
5664	1
5665	4
5666	2
5667	5
5668	1
5669	2
5670	2
5671	3
5672	4
5673	6
5674	6
5675	1
5676	2
5677	5
5678	4
5679	4
5680	4
5682	4
5683	4
5685	2
5686	3
5687	3
5688	3
5689	2
5690	2
5691	5
5692	2
5693	2
5694	7
5696	3
5697	4
5698	1
5700	4
5701	4
5702	3
5703	4
5704	1
5705	4
5706	2
5707	3
5708	6
5709	1
5710	1
5711	2
5712	2
5713	5
5714	3
5715	4
5716	2
5717	4
5718	1
5719	6
5720	1
5721	3
5722	6
5723	3
5724	5
5726	3
5727	5
5728	5
5729	4
5730	4
5733	3
5734	1
5735	2
5736	4
5737	5
5738	6
5739	2
5740	1
5741	3
5742	3
5743	5
5744	2
5745	3
5746	2
5747	7
5748	3
5749	3
5750	3
5751	2
5752	2
5753	6
5754	1
5755	3
5756	3
5757	5
5758	3
5759	1
5760	3
5761	2
5762	3
5763	2
5764	4
5765	1
5766	7
5767	2
5768	4
5769	2
5770	2
5771	5
5772	6
5773	5
5774	3
5775	3
5776	3
5777	3
5778	4
5779	4
5780	4
5781	2
5782	2
5783	2
5784	3
5785	4
5786	6
5787	4
5788	2
5789	4
5790	4
5791	1
5792	3
5793	2
5794	3
5795	3
5796	4
5797	4
5798	1
5799	1
5800	1
5801	4
5802	3
5803	2
5804	2
5805	2
5806	6
5807	4
5808	4
5809	2
5810	3
5811	5
5812	3
5813	6
5814	4
5815	2
5816	3
5818	3
5819	2
5820	2
5821	6
5822	5
5823	2
5825	5
5826	2
5827	2
5828	3
5829	5
5830	2
5831	3
5832	2
5833	3
5835	5
5836	3
5837	6
5838	8
5839	2
5840	4
5841	4
5842	2
5843	4
5844	3
5845	3
5846	3
5847	2
5848	1
5849	2
5850	3
5851	5
5852	4
5853	4
5854	4
5855	3
5856	3
5857	3
5858	3
5859	4
5860	7
5861	3
5862	5
5863	3
5864	1
5865	2
5866	3
5867	2
5868	5
5869	2
5870	4
5871	3
5872	3
5873	3
5874	4
5875	3
5876	1
5877	2
5878	4
5879	3
5880	3
5881	1
5882	2
5883	6
5884	3
5885	3
5886	1
5887	2
5888	2
5889	4
5890	1
5891	4
5892	2
5893	2
5894	3
5895	4
5896	3
5897	6
5898	4
5899	4
5900	3
5901	2
5902	1
5903	2
5904	2
5905	3
5906	4
5907	2
5908	1
5909	5
5910	2
5911	4
5912	2
5913	3
5914	1
5915	4
5916	2
5917	6
5918	2
5919	8
5920	3
5922	1
5923	2
5924	1
5925	1
5926	3
5927	4
5928	2
5929	4
5930	2
5931	2
5932	4
5933	4
5934	4
5935	6
5936	1
5937	6
5938	8
5939	1
5940	3
5941	4
5942	1
5943	2
5944	3
5945	4
5946	4
5948	3
5949	4
5950	3
5951	2
5952	5
5953	4
5954	5
5955	4
5956	5
5957	1
5958	1
5959	4
5960	3
5961	1
5962	4
5963	3
5964	5
5965	6
5966	4
5967	3
5968	5
5969	4
5970	1
5972	8
5973	3
5975	3
5977	3
5978	3
5979	5
5980	4
5981	5
5982	5
5983	2
5984	2
5985	4
5986	1
5987	4
5988	5
5989	4
5990	2
5991	3
5993	7
5995	3
5996	5
5997	1
5998	2
5999	4
6000	3
6001	2
6002	1
6003	3
6004	2
6005	2
6006	3
6007	2
6008	2
6009	4
6010	2
6011	6
6012	3
6013	4
6014	4
6015	3
6016	2
6017	2
6018	3
6019	6
6020	1
6021	7
6022	5
6023	1
6024	1
6025	2
6026	1
6027	8
6028	3
6029	1
6030	1
6031	3
6032	2
6033	5
6034	2
6036	4
6037	7
6038	6
6039	2
6040	2
6041	3
6042	7
6043	4
6044	4
6045	3
6046	4
6047	3
6048	5
6049	3
6050	2
6051	4
6052	1
6053	1
6054	3
6055	3
6056	3
6057	5
6058	2
6059	4
6060	3
6061	6
6062	4
6063	1
6064	3
6065	4
6066	3
6067	2
6068	1
6069	3
6070	3
6071	3
6072	5
6073	5
6074	2
6075	1
6076	3
6077	1
6078	2
6079	2
6080	2
6081	2
6082	1
6083	1
6084	2
6085	3
6086	3
6087	2
6088	3
6089	6
6090	3
6091	3
6093	1
6095	9
6096	1
6097	4
6098	1
6099	2
6100	3
6101	3
6102	3
6103	3
6104	6
6105	3
6106	6
6107	3
6108	3
6109	2
6110	2
6111	5
6112	8
6113	3
6115	6
6116	2
6117	6
6118	1
6119	4
6120	2
6121	5
6122	3
6123	1
6124	2
6125	1
6126	3
6127	2
6128	1
6129	3
6132	1
6133	3
6134	6
6135	5
6136	5
6137	1
6138	6
6139	1
6140	4
6141	3
6142	4
6143	4
6144	4
6145	2
6146	7
6148	2
6149	4
6150	1
6151	1
6152	6
6153	1
6154	3
6155	1
6156	2
6157	3
6159	3
6160	1
6161	3
6162	6
6164	6
6165	1
6166	3
6167	4
6168	2
6171	3
6172	2
6173	3
6174	3
6175	5
6176	4
6177	4
6178	1
6179	3
6180	1
6181	1
6182	1
6183	3
6184	3
6185	6
6186	3
6187	1
6188	5
6190	5
6191	7
6192	1
6194	3
6195	1
6196	2
6197	1
6198	1
6199	6
6200	1
6201	6
6202	2
6203	3
6204	4
6205	5
6206	3
6209	3
6210	3
6211	4
6212	2
6213	1
6214	3
6215	2
6218	2
6220	2
6221	2
6222	2
6223	5
6224	9
6225	2
6226	1
6227	3
6228	4
6229	2
6231	5
6232	2
6233	2
6234	3
6235	1
6236	1
6237	4
6238	2
6239	1
6240	3
6241	4
6242	4
6244	1
6245	4
6246	3
6247	3
6248	7
6249	4
6250	4
6251	3
6252	2
6253	3
6254	3
6255	2
6256	2
6257	2
6258	3
6259	2
6260	5
6262	5
6263	3
6264	2
6265	4
6266	1
6267	5
6268	3
6270	6
6271	8
6272	2
6275	4
6276	5
6277	2
6278	2
6279	3
6280	5
6281	7
6282	4
6283	1
6285	6
6286	1
6287	3
6288	2
6289	3
6290	3
6291	3
6292	4
6293	1
6294	3
6297	1
6298	5
6299	5
6300	6
6301	3
6302	1
6303	4
6304	1
6305	4
6306	3
6307	4
6308	1
6309	3
6310	3
6311	3
6312	4
6313	2
6315	2
6316	4
6317	4
6318	3
6319	2
6320	2
6321	1
6322	1
6323	2
6324	3
6325	9
6326	1
6327	3
6328	1
6329	2
6330	2
6331	4
6332	2
6333	3
6334	4
6335	5
6336	3
6337	2
6338	3
6339	4
6340	3
6341	5
6342	4
6343	4
6345	4
6346	3
6347	4
6349	8
6350	4
6353	3
6354	4
6355	3
6356	2
6357	3
6358	3
6361	1
6362	2
6363	1
6364	2
6365	2
6366	2
6367	3
6368	4
6369	5
6371	1
6372	6
6373	1
6374	1
6375	3
6376	4
6377	7
6378	3
6379	4
6380	4
6381	2
6382	3
6383	1
6384	2
6385	2
6386	5
6387	2
6388	6
6389	2
6390	7
6392	4
6393	2
6394	3
6395	1
6396	2
6397	8
6398	2
6399	2
6400	3
6401	1
6402	3
6403	4
6404	1
6405	4
6406	1
6408	3
6409	3
6410	2
6411	4
6412	2
6413	2
6414	4
6415	2
6416	2
6417	2
6418	4
6419	2
6421	5
6422	2
6423	1
6424	3
6425	5
6426	2
6427	2
6428	7
6429	7
6431	3
6432	5
6433	2
6434	4
6435	1
6436	1
6437	3
6438	3
6439	2
6440	3
6441	3
6442	1
6445	2
6446	1
6447	4
6450	1
6451	2
6452	5
6453	1
6455	8
6456	3
6457	2
6458	2
6459	4
6460	1
6461	1
6462	2
6463	5
6464	3
6466	4
6467	3
6468	3
6469	2
6470	3
6472	4
6474	6
6475	1
6476	4
6477	2
6478	1
6479	3
6480	1
6481	1
6482	4
6483	1
6484	1
6485	2
6486	2
6487	1
6488	2
6489	4
6490	1
6491	2
6492	2
6493	2
6494	1
6495	2
6496	2
6497	2
6498	3
6499	3
6501	2
6502	4
6503	1
6504	1
6505	2
6506	3
6507	2
6509	1
6510	5
6511	4
6512	4
6513	1
6514	1
6515	2
6516	2
6517	4
6518	2
6519	5
6520	2
6522	1
6523	6
6524	4
6525	3
6526	3
6527	5
6528	1
6529	1
6530	2
6531	5
6532	2
6533	3
6534	2
6535	5
6537	2
6538	4
6539	3
6540	5
6541	3
6542	2
6543	1
6544	2
6545	1
6546	2
6547	1
6549	3
6550	5
6551	5
6552	3
6553	6
6554	1
6555	1
6556	2
6557	2
6558	2
6559	4
6560	2
6561	3
6562	2
6563	2
6564	6
6565	2
6566	2
6567	5
6568	2
6569	5
6570	4
6571	3
6572	1
6573	2
6574	5
6575	3
6576	2
6577	2
6578	3
6579	5
6580	1
6582	3
6583	2
6584	2
6585	3
6586	1
6587	2
6589	2
6590	2
6591	4
6592	2
6593	2
6594	2
6595	5
6596	1
6597	4
6598	1
6599	3
6600	2
6601	4
6602	3
6603	1
6604	1
6605	1
6606	3
6608	2
6609	2
6610	4
6611	2
6612	3
6613	3
6615	2
6616	5
6617	1
6618	3
6619	2
6620	5
6621	1
6622	2
6623	6
6624	1
6625	5
6626	3
6627	2
6628	4
6629	1
6630	4
6633	4
6635	3
6636	5
6637	1
6638	3
6640	2
6641	5
6642	3
6643	2
6644	1
6645	1
6646	3
6647	1
6648	1
6649	2
6650	1
6651	2
6652	7
6653	3
6654	5
6655	3
6656	2
6657	2
6658	2
6659	5
6660	4
6662	2
6663	5
6664	2
6665	1
6666	2
6667	5
6668	5
6670	5
6671	3
6672	2
6673	3
6674	2
6675	4
6676	3
6677	2
6678	1
6679	4
6680	1
6681	3
6682	1
6683	5
6684	2
6685	3
6686	1
6687	3
6689	1
6690	2
6691	4
6692	2
6693	1
6694	3
6695	5
6696	2
6697	2
6698	2
6699	2
6700	4
6701	1
6702	2
6703	1
6704	2
6705	1
6706	2
6707	1
6708	1
6709	1
6710	2
6711	2
6712	2
6713	3
6714	1
6715	2
6716	3
6717	1
6718	3
6719	6
6720	3
6721	4
6722	2
6723	3
6724	2
6725	1
6726	3
6727	3
6728	3
6729	5
6730	2
6731	2
6732	3
6734	2
6735	2
6736	5
6737	2
6738	1
6739	3
6740	1
6741	5
6742	6
6743	1
6744	3
6745	4
6746	2
6747	1
6748	1
6749	2
6750	3
6751	1
6752	2
6753	1
6754	1
6755	3
6756	5
6757	5
6758	5
6759	5
6760	2
6761	1
6762	1
6763	2
6764	5
6765	2
6766	5
6767	1
6769	1
6770	4
6771	3
6772	2
6774	4
6775	3
6776	2
6777	2
6778	1
6779	4
6780	4
6781	1
6782	3
6783	2
6784	3
6785	4
6786	2
6787	1
6788	7
6789	1
6790	3
6791	2
6792	1
6793	2
6794	1
6795	2
6796	7
6797	1
6798	1
6799	2
6800	2
6801	2
6802	2
6804	1
6805	4
6806	2
6808	2
6809	4
6811	2
6812	2
6814	2
6815	2
6816	4
6817	1
6818	2
6819	2
6820	3
6821	4
6822	3
6823	4
6824	1
6825	3
6826	2
6827	3
6828	5
6829	2
6830	1
6831	1
6832	2
6833	2
6834	3
6835	2
6836	3
6837	2
6838	2
6839	4
6840	2
6841	3
6842	4
6843	1
6844	4
6845	2
6846	2
6847	3
6848	6
6849	4
6850	2
6851	3
6852	2
6853	4
6854	3
6855	3
6856	1
6857	1
6858	1
6859	1
6860	3
6861	3
6863	3
6864	6
6865	2
6867	3
6868	3
6870	4
6871	3
6872	2
6874	2
6875	2
6876	3
6877	2
6879	3
6880	4
6881	2
6882	6
6883	4
6884	2
6885	3
6886	5
6887	2
6888	1
6890	3
6891	1
6892	2
6894	1
6895	2
6896	1
6897	2
6899	3
6900	5
6901	1
6902	2
6903	4
6904	3
6905	1
6906	5
6907	3
6908	5
6909	3
6910	1
6911	2
6912	2
6913	1
6914	3
6915	4
6916	2
6917	2
6918	3
6919	2
6920	3
6921	3
6922	2
6923	3
6924	4
6925	2
6926	4
6927	1
6928	1
6929	2
6930	3
6931	5
6932	3
6933	1
6934	1
6936	2
6937	1
6938	3
6939	2
6940	2
6941	3
6942	2
6943	4
6944	2
6945	2
6946	3
6947	2
6948	1
6949	1
6950	3
6951	1
6952	3
6953	5
6954	2
6955	5
6956	1
6957	2
6958	1
6959	1
6960	1
6961	2
6962	2
6963	2
6964	2
6965	1
6966	7
6967	3
6968	1
6969	3
6970	1
6971	1
6972	3
6973	3
6974	2
6975	2
6976	8
6977	7
6978	2
6979	1
6980	1
6981	1
6982	2
6983	1
6984	3
6985	3
6986	1
6987	4
6988	3
6990	2
6991	2
6992	2
6993	2
6994	4
6995	2
6996	2
6997	3
6998	1
6999	2
7000	3
7001	1
7002	1
7003	4
7004	3
7005	3
7006	2
7008	3
7009	1
7010	4
7011	1
7012	1
7013	3
7016	1
7017	2
7018	6
7019	1
7020	2
7021	2
7022	2
7024	1
7025	3
7026	1
7027	2
7028	7
7029	3
7030	1
7031	1
7032	1
7033	1
7034	4
7035	1
7036	1
7038	5
7039	5
7040	3
7041	1
7042	2
7043	2
7044	3
7045	1
7046	3
7048	1
7049	4
7050	1
7051	1
7052	2
7053	1
7054	2
7055	1
7056	1
7057	1
7058	2
7059	3
7060	1
7062	1
7063	1
7064	2
7065	1
7066	2
7067	1
7068	3
7069	1
7070	3
7071	2
7072	2
7073	1
7074	3
7075	3
7076	3
7077	2
7078	3
7079	2
7080	1
7081	1
7082	2
7083	3
7084	1
7085	1
7086	3
7087	1
7088	1
7089	1
7090	1
7091	1
7092	2
7093	1
7094	5
7095	2
7096	2
7098	1
7099	6
7100	2
7101	1
7102	4
7103	1
7104	2
7106	4
7107	5
7109	2
7110	2
7111	4
7112	2
7113	1
7114	4
7115	1
7117	4
7118	1
7119	2
7120	1
7121	3
7122	2
7124	4
7126	4
7127	2
7128	2
7130	3
7131	5
7132	2
7133	2
7134	4
7135	5
7137	1
7138	3
7139	3
7140	3
7141	2
7142	4
7143	1
7144	3
7145	1
7146	4
7147	1
7148	2
7150	1
7151	3
7152	1
7154	4
7155	1
7156	2
7157	3
7159	3
7160	1
7161	2
7163	1
7164	2
7166	2
7168	2
7169	1
7171	3
7172	2
7173	1
7174	4
7175	4
7176	1
7177	1
7178	1
7179	1
7180	4
7181	1
7182	2
7183	5
7184	5
7185	1
7186	2
7187	1
7188	3
7189	3
7191	2
7192	5
7193	2
7194	1
7195	3
7196	1
7197	1
7198	1
7199	4
7200	1
7201	3
7202	2
7203	1
7204	1
7205	2
7206	1
7207	5
7208	3
7209	2
7210	2
7211	3
7212	3
7213	3
7214	2
7215	3
7216	2
7217	2
7218	1
7219	4
7220	1
7221	1
7222	3
7223	3
7224	5
7225	2
7226	2
7227	5
7228	2
7230	1
7232	3
7233	2
7234	6
7235	3
7236	2
7237	1
7238	2
7239	4
7240	2
7241	2
7242	1
7243	1
7244	4
7246	2
7247	2
7248	3
7249	3
7250	2
7251	3
7252	2
7253	2
7254	4
7255	3
7256	1
7258	4
7259	1
7260	2
7262	3
7263	3
7264	1
7265	3
7266	1
7267	2
7268	2
7270	2
7271	6
7272	2
7273	2
7274	1
7275	1
7276	5
7277	2
7278	2
7279	2
7280	4
7281	1
7282	1
7283	4
7284	2
7285	2
7286	1
7289	2
7290	2
7292	2
7293	1
7294	1
7296	1
7297	2
7298	2
7299	2
7300	2
7301	2
7302	3
7303	1
7304	2
7305	2
7306	1
7307	3
7308	1
7309	2
7310	1
7312	1
7313	3
7314	4
7315	1
7317	1
7318	2
7319	1
7320	4
7321	2
7322	2
7323	4
7324	1
7325	2
7326	4
7327	2
7328	6
7329	3
7330	2
7331	1
7332	1
7334	2
7336	1
7338	2
7339	1
7340	2
7343	3
7345	2
7346	2
7347	1
7348	2
7350	1
7351	4
7352	3
7354	2
7355	1
7356	3
7357	5
7358	5
7359	3
7360	4
7362	2
7363	2
7364	3
7365	3
7366	1
7367	2
7368	2
7370	2
7371	2
7372	3
7373	2
7374	1
7376	2
7377	3
7378	1
7379	1
7380	1
7381	1
7382	2
7383	4
7384	2
7385	2
7386	1
7387	1
7388	3
7389	3
7390	2
7391	3
7392	2
7393	1
7394	1
7395	2
7396	3
7398	4
7399	3
7400	2
7402	1
7403	3
7404	4
7405	1
7406	3
7409	2
7410	3
7411	1
7412	2
7413	1
7414	4
7415	5
7416	3
7417	1
7418	1
7419	1
7420	1
7421	4
7422	2
7423	1
7427	2
7428	1
7429	2
7430	1
7432	3
7433	2
7434	2
7438	1
7440	2
7441	3
7442	6
7443	1
7444	2
7445	1
7446	1
7447	2
7448	2
7449	2
7450	3
7452	5
7453	4
7454	1
7455	1
7456	3
7457	3
7459	3
7461	4
7462	3
7464	5
7465	1
7466	2
7467	4
7468	3
7469	1
7470	1
7471	3
7472	2
7473	1
7474	1
7475	1
7476	2
7478	1
7479	2
7480	1
7481	2
7483	1
7484	2
7485	1
7486	2
7487	2
7488	2
7489	1
7491	2
7492	1
7494	6
7495	4
7497	1
7498	1
7501	1
7502	2
7503	2
7504	1
7506	1
7507	2
7508	1
7509	2
7510	4
7511	3
7512	2
7513	2
7514	3
7515	1
7516	4
7517	5
7518	2
7519	3
7520	2
7521	5
7523	1
7525	2
7526	4
7527	2
7528	4
7529	3
7530	1
7531	2
7532	1
7533	2
7534	1
7535	2
7536	2
7537	5
7538	1
7539	2
7540	1
7542	4
7543	4
7544	2
7545	1
7546	4
7548	2
7549	1
7550	3
7551	1
7552	1
7554	2
7556	1
7557	1
7559	2
7560	1
7561	2
7562	2
7564	2
7565	3
7566	1
7568	5
7569	2
7570	1
7571	1
7572	1
7573	4
7574	2
7575	2
7576	1
7577	2
7579	2
7580	2
7581	3
7582	3
7583	1
7585	2
7586	3
7587	5
7588	1
7589	3
7590	2
7591	1
7592	2
7593	3
7594	3
7595	2
7596	1
7598	1
7599	2
7600	3
7601	1
7602	2
7603	1
7607	2
7608	2
7609	1
7611	2
7613	2
7614	1
7615	2
7617	3
7618	3
7619	2
7620	2
7621	2
7622	1
7623	2
7624	1
7625	2
7627	4
7628	1
7630	3
7631	4
7633	3
7634	2
7635	1
7636	1
7637	3
7638	2
7639	3
7640	1
7641	1
7642	3
7643	1
7644	3
7646	3
7647	2
7648	2
7649	2
7650	2
7651	1
7652	2
7653	1
7654	3
7656	1
7657	2
7658	4
7659	1
7660	1
7661	2
7662	2
7663	4
7664	4
7665	3
7666	4
7667	1
7668	7
7669	3
7670	1
7672	2
7674	2
7675	3
7677	2
7678	1
7679	1
7680	1
7681	1
7682	2
7684	1
7685	1
7686	1
7687	3
7688	1
7689	4
7691	4
7692	2
7693	2
7694	2
7695	2
7697	4
7698	2
7700	2
7701	2
7702	1
7703	1
7704	5
7705	1
7706	1
7707	1
7708	1
7709	3
7710	1
7712	1
7714	5
7715	1
7716	3
7717	1
7719	2
7721	1
7722	4
7723	7
7724	1
7725	2
7726	1
7727	2
7728	1
7729	3
7730	4
7731	3
7732	1
7733	1
7734	2
7736	2
7737	3
7739	1
7740	2
7742	1
7743	2
7744	1
7745	2
7746	1
7747	1
7748	1
7749	3
7750	2
7751	1
7752	1
7753	1
7754	4
7755	1
7756	1
7757	2
7760	1
7761	3
7762	2
7763	2
7764	2
7765	3
7766	3
7767	4
7768	2
7769	2
7770	2
7771	1
7772	2
7773	1
7774	2
7775	1
7777	2
7778	1
7779	1
7780	2
7781	2
7782	1
7783	2
7784	4
7785	2
7786	2
7787	2
7788	2
7789	1
7790	2
7791	2
7792	3
7793	3
7794	2
7795	1
7798	2
7799	1
7800	2
7801	2
7802	1
7803	2
7805	1
7806	1
7808	3
7809	1
7810	3
7811	3
7812	2
7813	4
7814	2
7815	1
7816	1
7817	1
7818	4
7819	1
7820	2
7823	2
7824	1
7826	4
7828	1
7830	1
7831	2
7832	4
7833	1
7834	3
7835	4
7836	1
7837	4
7838	3
7839	1
7840	1
7841	1
7842	1
7844	2
7845	2
7847	1
7848	3
7851	1
7852	2
7853	1
7854	1
7858	1
7859	4
7860	3
7861	1
7862	2
7863	1
7864	2
7866	5
7868	3
7871	3
7872	1
7873	1
7874	2
7875	1
7876	2
7877	6
7878	1
7880	1
7881	4
7882	2
7883	1
7884	3
7885	3
7887	1
7888	2
7889	1
7890	4
7891	2
7893	1
7896	1
7897	2
7898	3
7899	1
7900	2
7901	3
7902	2
7903	2
7904	2
7905	2
7906	2
7907	1
7908	2
7909	1
7910	1
7913	2
7916	1
7917	2
7919	1
7920	2
7921	1
7922	2
7923	2
7925	3
7926	1
7927	3
7928	2
7929	2
7930	1
7932	1
7933	2
7936	1
7937	3
7938	1
7939	1
7940	1
7941	5
7943	1
7944	1
7945	1
7947	4
7948	1
7949	1
7950	1
7951	1
7952	2
7953	3
7954	3
7956	1
7957	3
7958	1
7959	3
7961	2
7962	2
7963	2
7965	6
7966	5
7967	2
7968	1
7969	4
7970	1
7971	2
7972	3
7974	2
7975	1
7976	2
7977	2
7978	2
7980	1
7983	1
7985	1
7987	1
7988	1
7989	1
7991	1
7992	3
7993	1
7994	1
7995	1
7996	1
7997	2
7999	4
8000	1
8001	2
8002	3
8003	1
8004	1
8006	3
8007	1
8008	2
8009	2
8010	1
8011	2
8013	2
8014	2
8015	2
8016	3
8017	2
8019	2
8020	3
8021	1
8023	3
8024	2
8025	3
8026	3
8027	2
8029	4
8031	3
8032	1
8033	1
8035	2
8036	2
8037	1
8038	5
8039	1
8040	2
8041	1
8042	1
8045	3
8046	1
8048	4
8049	2
8050	4
8052	4
8053	1
8054	1
8055	1
8056	1
8057	2
8059	2
8060	1
8061	1
8062	2
8063	1
8064	2
8065	3
8066	4
8067	1
8068	1
8070	2
8071	4
8072	5
8073	1
8074	3
8075	1
8076	5
8077	1
8078	1
8079	1
8080	3
8083	3
8084	1
8085	1
8086	3
8087	2
8088	2
8089	1
8090	2
8092	1
8093	2
8094	1
8097	1
8098	2
8099	2
8100	1
8101	2
8102	1
8103	3
8105	2
8106	1
8109	3
8110	1
8111	2
8112	2
8113	3
8114	1
8115	1
8116	1
8117	2
8118	3
8120	1
8121	1
8122	1
8123	1
8124	2
8126	1
8127	2
8128	2
8129	1
8131	1
8132	3
8133	1
8134	3
8135	3
8136	1
8137	1
8141	5
8142	3
8145	3
8147	2
8148	2
8149	1
8150	1
8151	3
8152	1
8153	1
8154	2
8155	2
8156	2
8157	2
8158	1
8160	2
8161	1
8162	1
8163	1
8165	2
8166	1
8167	2
8168	1
8169	3
8170	1
8171	1
8172	2
8173	2
8175	3
8176	2
8177	3
8179	2
8180	1
8182	2
8183	2
8184	2
8186	3
8187	1
8188	1
8189	2
8190	1
8191	1
8192	1
8193	3
8194	1
8195	2
8196	1
8197	2
8198	1
8199	2
8201	2
8202	2
8203	1
8204	3
8205	1
8206	3
8207	3
8208	2
8209	3
8211	1
8212	3
8215	4
8216	2
8218	2
8219	1
8220	3
8221	1
8222	1
8223	1
8227	3
8230	3
8232	3
8233	4
8234	2
8235	1
8236	2
8237	2
8238	3
8239	1
8240	3
8241	1
8242	1
8243	2
8245	2
8246	2
8247	2
8249	2
8251	2
8253	2
8254	4
8255	4
8256	2
8257	1
8258	3
8259	2
8260	2
8261	1
8263	4
8264	3
8265	2
8266	1
8267	1
8268	3
8269	2
8270	2
8271	1
8272	1
8273	1
8274	1
8275	2
8276	3
8278	2
8279	2
8280	5
8281	3
8282	2
8283	3
8284	1
8288	1
8290	2
8291	2
8292	1
8293	1
8295	2
8296	3
8297	1
8298	3
8301	1
8302	1
8303	3
8304	1
8306	3
8307	1
8309	4
8311	2
8312	1
8313	2
8314	2
8315	2
8317	1
8318	2
8320	1
8321	1
8322	2
8323	2
8324	3
8325	2
8326	2
8327	1
8328	3
8330	1
8332	2
8333	2
8334	2
8335	2
8336	3
8340	1
8341	1
8342	1
8345	3
8346	1
8347	3
8350	2
8351	1
8352	4
8355	1
8359	1
8360	3
8361	1
8362	2
8363	2
8364	1
8365	2
8366	1
8368	1
8369	3
8370	1
8371	3
8372	2
8373	1
8374	1
8375	1
8377	1
8378	3
8379	1
8381	1
8382	2
8383	2
8384	1
8385	3
8386	1
8387	2
8388	2
8389	2
8390	4
8392	2
8393	1
8394	1
8395	3
8396	4
8397	3
8398	2
8401	1
8402	1
8404	4
8405	1
8407	1
8408	3
8409	3
8410	4
8411	4
8412	2
8413	1
8414	2
8415	1
8416	3
8417	2
8418	2
8419	1
8420	1
8421	1
8422	5
8423	1
8424	3
8425	2
8429	2
8431	3
8432	1
8433	1
8434	2
8435	1
8436	2
8437	2
8438	2
8439	1
8440	2
8441	2
8442	2
8443	2
8444	1
8447	2
8448	3
8449	2
8450	3
8451	1
8452	1
8453	1
8454	2
8455	1
8456	2
8457	2
8459	2
8460	2
8461	2
8463	1
8464	2
8466	2
8467	1
8468	2
8470	1
8471	1
8473	1
8474	3
8475	1
8476	1
8481	1
8483	1
8484	1
8485	1
8487	2
8488	5
8489	1
8490	1
8491	2
8492	2
8493	2
8494	1
8495	3
8496	2
8498	1
8499	1
8500	1
8501	1
8502	3
8503	1
8504	1
8505	2
8507	1
8508	4
8510	2
8511	2
8512	1
8513	1
8514	1
8515	2
8516	3
8517	1
8518	1
8519	2
8520	2
8521	2
8522	1
8523	1
8524	2
8525	3
8526	2
8527	1
8528	1
8529	1
8530	2
8532	1
8533	2
8534	2
8535	1
8537	2
8538	2
8539	1
8540	1
8541	1
8542	1
8543	3
8544	2
8545	3
8546	2
8547	5
8548	1
8549	2
8550	1
8551	4
8552	3
8553	1
8555	1
8556	1
8557	2
8558	1
8559	2
8561	1
8565	2
8566	1
8567	1
8569	1
8571	2
8574	2
8577	1
8578	2
8579	1
8580	1
8582	1
8583	1
8584	2
8585	2
8587	1
8588	1
8589	4
8590	2
8591	1
8592	2
8594	1
8595	1
8597	1
8599	3
8600	1
8602	1
8604	3
8605	1
8606	2
8607	1
8608	1
8609	1
8610	2
8611	1
8612	2
8613	2
8614	3
8615	1
8616	3
8617	1
8618	2
8619	2
8621	3
8622	2
8623	4
8624	1
8625	4
8626	2
8627	1
8628	1
8629	1
8631	2
8632	1
8633	1
8634	2
8635	1
8636	1
8637	6
8638	1
8639	2
8640	1
8641	3
8642	5
8643	1
8645	2
8646	2
8647	3
8648	1
8649	1
8651	2
8652	1
8653	2
8654	2
8655	1
8656	1
8657	4
8659	1
8660	2
8661	2
8662	1
8663	1
8664	3
8665	1
8668	2
8670	1
8671	2
8672	2
8673	1
8675	1
8676	3
8678	3
8679	2
8680	1
8681	2
8684	1
8685	1
8686	2
8687	3
8689	3
8690	1
8691	3
8693	2
8694	1
8695	2
8697	1
8698	1
8699	1
8700	1
8701	1
8704	3
8705	1
8706	2
8707	1
8708	3
8710	1
8711	1
8713	1
8714	2
8715	2
8716	1
8718	1
8720	3
8721	1
8722	3
8723	2
8724	1
8726	3
8727	2
8728	2
8729	1
8730	2
8731	1
8733	1
8734	3
8735	1
8736	2
8737	1
8738	2
8739	1
8741	1
8742	1
8743	1
8744	1
8745	2
8746	1
8748	2
8750	2
8751	2
8752	1
8753	2
8754	3
8759	2
8761	1
8764	2
8765	1
8767	1
8769	1
8771	1
8772	2
8774	1
8776	2
8779	5
8780	1
8781	1
8782	1
8783	2
8784	1
8787	2
8789	3
8791	1
8792	1
8793	2
8794	1
8795	2
8796	3
8797	1
8798	1
8799	2
8800	1
8801	2
8803	1
8804	2
8806	1
8807	2
8808	1
8809	2
8810	1
8811	1
8812	2
8813	1
8816	1
8817	3
8818	2
8819	5
8821	2
8822	2
8825	1
8826	1
8828	3
8829	1
8831	1
8832	1
8833	3
8835	1
8836	2
8838	1
8839	3
8840	1
8841	1
8844	2
8845	2
8846	1
8847	1
8849	3
8850	1
8851	2
8852	2
8853	2
8854	2
8855	1
8856	1
8858	1
8859	1
8861	1
8862	2
8863	2
8864	2
8865	4
8866	2
8868	1
8870	1
8871	2
8872	1
8873	1
8874	2
8875	1
8876	1
8877	1
8878	1
8879	2
8880	2
8882	2
8885	2
8888	1
8890	1
8891	1
8892	1
8894	1
8895	1
8896	1
8897	2
8898	1
8900	3
8901	2
8903	2
8904	1
8905	4
8906	1
8907	1
8909	3
8914	2
8916	1
8917	4
8918	1
8919	2
8920	1
8921	1
8922	1
8923	1
8924	2
8925	1
8926	2
8927	1
8929	1
8930	1
8932	2
8933	4
8935	1
8938	1
8939	2
8941	3
8942	1
8943	2
8946	1
8947	2
8948	2
8950	1
8951	3
8952	1
8953	2
8954	1
8955	1
8956	3
8958	2
8959	2
8960	3
8961	3
8962	4
8963	2
8965	3
8966	1
8969	2
8970	1
8971	2
8972	2
8973	2
8974	1
8975	2
8976	1
8977	2
8978	1
8980	1
8981	2
8982	1
8983	1
8984	1
8985	3
8987	1
8989	1
8991	2
8993	1
8994	3
8996	1
9000	1
9002	2
9003	3
9004	1
9005	1
9006	1
9008	2
9010	2
9012	2
9013	1
9014	3
9015	1
9016	1
9017	3
9018	2
9019	2
9020	1
9021	1
9022	1
9023	2
9025	1
9027	1
9029	2
9032	3
9033	1
9034	1
9037	2
9038	2
9040	1
9041	2
9042	2
9043	2
9046	1
9049	3
9050	3
9051	4
9053	1
9054	1
9059	4
9061	2
9062	1
9063	1
9064	1
9065	1
9066	1
9067	1
9068	1
9069	2
9070	1
9071	4
9072	2
9073	1
9074	1
9078	1
9080	2
9081	1
9083	2
9084	2
9085	1
9087	2
9089	1
9091	1
9092	1
9094	1
9095	1
9096	2
9097	1
9098	1
9099	2
9100	1
9101	1
9102	1
9104	2
9105	3
9106	1
9108	2
9109	1
9111	2
9112	3
9113	2
9114	2
9116	2
9117	2
9119	1
9121	3
9124	3
9125	1
9126	2
9128	4
9129	1
9131	3
9132	2
9133	1
9134	1
9136	6
9138	1
9139	3
9144	2
9145	1
9146	2
9147	3
9148	4
9149	4
9153	1
9155	3
9157	3
9158	2
9159	3
9161	3
9162	1
9163	3
9164	2
9165	2
9167	3
9169	2
9170	2
9171	2
9174	1
9177	1
9178	2
9179	1
9180	3
9182	1
9183	1
9184	1
9185	1
9186	1
9187	1
9188	2
9190	2
9191	3
9192	1
9193	3
9194	1
9195	1
9196	3
9197	1
9198	4
9199	2
9200	2
9203	2
9205	2
9207	4
9209	1
9210	1
9212	2
9213	2
9214	3
9216	1
9217	1
9218	1
9219	3
9221	2
9224	4
9226	1
9227	2
9231	4
9232	1
9233	5
9234	2
9235	2
9236	2
9238	2
9239	2
9241	2
9242	1
9243	1
9245	1
9246	1
9247	1
9248	1
9249	2
9250	1
9252	1
9256	4
9259	2
9262	1
9263	2
9264	3
9265	2
9266	1
9268	1
9269	1
9270	2
9271	1
9273	1
9274	1
9275	4
9277	2
9278	1
9279	3
9280	2
9281	1
9282	2
9283	1
9284	3
9286	2
9287	1
9288	1
9290	2
9291	3
9292	2
9296	1
9298	1
9299	1
9302	1
9304	3
9305	1
9306	1
9307	4
9308	1
9309	3
9310	2
9312	2
9315	2
9316	3
9317	1
9318	2
9319	3
9322	1
9323	1
9324	1
9325	1
9326	1
9327	2
9328	6
9329	2
9330	5
9331	1
9332	1
9333	2
9337	3
9338	3
9339	1
9342	1
9344	1
9345	2
9347	1
9349	1
9350	2
9351	2
9353	1
9354	1
9355	4
9356	1
9358	2
9359	2
9361	1
9362	1
9365	1
9367	2
9368	1
9369	2
9370	1
9371	1
9372	2
9373	2
9374	2
9375	2
9376	1
9377	1
9379	2
9380	2
9381	2
9382	1
9384	1
9385	1
9386	2
9387	2
9389	2
9391	2
9392	1
9393	2
9394	1
9398	1
9401	1
9402	3
9403	1
9404	1
9406	1
9410	5
9411	3
9412	1
9413	1
9415	2
9416	2
9418	2
9419	1
9421	1
9422	2
9424	1
9426	3
9427	2
9428	2
9429	1
9430	2
9434	1
9437	4
9438	1
9440	3
9442	2
9443	1
9444	2
9445	2
9446	2
9448	2
9449	1
9451	2
9453	1
9454	4
9455	1
9456	1
9457	1
9458	1
9459	1
9461	1
9462	1
9463	1
9464	1
9465	2
9467	2
9468	1
9471	1
9474	1
9475	1
9476	1
9477	1
9480	2
9481	1
9483	2
9484	1
9485	2
9486	1
9488	2
9490	1
9491	2
9492	1
9493	1
9494	2
9495	1
9496	1
9497	3
9498	3
9500	3
9501	2
9502	1
9505	1
9506	2
9508	1
9509	1
9510	2
9511	2
9513	1
9515	1
9516	1
9517	3
9518	2
9521	2
9523	2
9524	1
9525	1
9526	1
9527	1
9528	2
9531	3
9532	2
9533	1
9534	1
9539	3
9540	1
9541	2
9543	2
9545	2
9547	2
9548	1
9550	1
9551	2
9552	1
9553	3
9556	4
9560	1
9561	1
9562	1
9564	1
9569	3
9570	1
9571	2
9573	1
9574	2
9575	1
9576	2
9577	4
9580	1
9581	2
9582	1
9584	2
9585	2
9586	1
9587	1
9589	2
9590	1
9592	1
9593	1
9595	2
9596	2
9597	1
9598	2
9601	3
9603	2
9604	1
9605	1
9608	1
9611	1
9613	2
9614	1
9616	2
9617	2
9624	4
9626	2
9627	1
9628	2
9629	1
9633	1
9634	2
9636	2
9637	1
9638	1
9640	1
9643	1
9644	1
9645	1
9646	1
9648	2
9649	3
9652	1
9653	2
9654	1
9655	2
9656	1
9657	1
9658	3
9659	1
9661	2
9662	2
9663	1
9666	2
9668	2
9670	2
9671	4
9672	1
9673	1
9674	1
9675	2
9677	1
9680	2
9681	2
9682	1
9684	2
9685	3
9687	2
9688	1
9689	1
9690	2
9691	1
9692	4
9694	1
9696	2
9698	1
9699	4
9703	1
9704	2
9705	1
9707	1
9708	2
9709	1
9710	2
9711	3
9712	3
9713	1
9714	1
9715	2
9717	4
9719	2
9720	1
9721	2
9722	3
9724	1
9726	3
9727	1
9728	1
9730	1
9731	1
9732	1
9733	1
9735	1
9736	1
9740	2
9741	1
9742	2
9746	1
9749	2
9750	1
9752	1
9753	1
9754	3
9755	1
9756	2
9757	1
9758	1
9760	2
9763	1
9765	1
9766	2
9768	2
9769	1
9770	1
9771	2
9772	1
9773	1
9774	1
9775	1
9776	1
9777	2
9779	1
9783	1
9784	1
9786	1
9789	3
9790	1
9792	2
9794	1
9795	4
9796	1
9800	1
9801	1
9804	1
9805	1
9806	2
9808	2
9809	2
9810	1
9811	1
9813	1
9816	2
9818	1
9819	1
9820	1
9823	1
9824	2
9825	2
9826	2
9827	1
9828	2
9830	2
9831	1
9832	1
9833	1
9837	2
9838	1
9839	1
9840	1
9842	1
9844	2
9845	1
9848	1
9849	1
9853	1
9854	1
9855	1
9856	1
9857	1
9858	1
9860	1
9861	3
9862	1
9864	1
9865	1
9867	3
9868	1
9870	2
9872	1
9873	1
9875	2
9876	1
9877	2
9878	1
9882	3
9883	2
9884	2
9886	1
9887	1
9889	1
9892	1
9893	2
9894	2
9896	3
9898	1
9901	3
9903	1
9904	2
9906	1
9908	1
9911	1
9912	1
9915	3
9918	1
9920	1
9921	1
9923	2
9924	2
9927	1
9930	4
9932	2
9933	1
9934	1
9936	1
9937	1
9942	1
9943	2
9944	2
9946	1
9948	1
9950	2
9951	2
9953	1
9954	1
9955	1
9956	1
9957	1
9959	1
9960	2
9961	1
9962	1
9964	1
9965	1
9966	1
9968	1
9971	1
9972	1
9973	1
9975	1
9979	1
9980	3
9982	1
9983	1
9984	2
9986	1
9989	2
9992	2
9993	1
9994	1
9995	1
9996	1
9997	1
9998	1
9999	1
10000	1
10002	2
10003	2
10004	1
10006	1
10007	2
10009	2
10010	2
10011	1
10012	1
10013	1
10014	1
10015	2
10016	2
10017	2
10018	1
10020	1
10023	1
10028	2
10029	1
10031	2
10033	2
10035	1
10036	2
10038	2
10039	2
10040	1
10041	2
10044	1
10045	1
10048	1
10051	2
10052	2
10054	1
10055	1
10056	3
10058	1
10059	2
10062	2
10063	1
10064	1
10065	2
10069	3
10070	2
10072	5
10074	4
10075	1
10076	1
10077	3
10078	1
10080	2
10081	1
10085	2
10086	2
10088	1
10089	1
10091	1
10093	1
10095	2
10098	3
10099	1
10100	1
10101	1
10102	1
10103	3
10104	1
10105	1
10106	2
10108	1
10109	1
10110	1
10111	2
10114	1
10117	1
10119	1
10124	2
10125	1
10126	1
10127	2
10129	1
10130	2
10131	2
10132	1
10135	2
10136	2
10137	2
10138	1
10139	1
10141	3
10142	1
10147	1
10148	3
10150	1
10151	2
10152	2
10153	2
10154	2
10155	3
10158	2
10160	1
10161	1
10163	3
10165	1
10166	1
10167	1
10170	2
10171	1
10172	1
10173	1
10175	1
10177	1
10179	1
10180	2
10181	1
10185	1
10187	3
10190	1
10191	3
10193	2
10194	1
10196	2
10197	1
10201	1
10202	1
10203	1
10205	1
10206	2
10209	3
10210	3
10211	1
10212	1
10214	2
10217	1
10218	1
10219	1
10223	1
10224	1
10227	3
10228	1
10232	1
10233	1
10234	2
10235	1
10236	1
10238	1
10239	1
10240	2
10241	2
10242	2
10243	3
10244	1
10245	1
10246	1
10249	1
10251	1
10253	2
10254	2
10255	1
10256	1
10258	2
10259	1
10260	2
10264	2
10267	1
10268	1
10270	2
10272	2
10273	1
10274	3
10275	1
10276	1
10277	2
10279	3
10280	2
10281	2
10282	1
10288	1
10290	3
10291	1
10293	1
10294	1
10295	2
10296	2
10297	3
10298	1
10299	1
10301	1
10303	2
10304	2
10306	1
10307	1
10309	2
10310	1
10313	4
10319	1
10320	2
10322	1
10323	1
10324	2
10327	1
10328	1
10329	1
10330	2
10333	1
10334	1
10335	1
10336	1
10337	2
10338	3
10340	2
10341	1
10342	1
10343	1
10344	2
10345	1
10346	3
10348	1
10351	3
10353	2
10355	1
10358	3
10360	2
10363	1
10364	2
10367	2
10372	3
10374	1
10375	1
10378	1
10379	1
10382	1
10383	2
10386	1
10387	1
10388	2
10395	1
10396	1
10399	2
10400	1
10401	2
10402	2
10405	1
10408	2
10409	1
10410	2
10414	2
10417	2
10422	2
10423	1
10424	1
10427	2
10429	2
10432	1
10435	2
10436	2
10440	1
10441	2
10443	1
10446	1
10447	2
10449	2
10450	1
10451	1
10453	1
10455	1
10459	2
10461	2
10462	2
10465	2
10466	2
10467	2
10471	1
10472	1
10474	1
10475	1
10476	3
10477	2
10478	2
10480	1
10482	2
10483	1
10484	1
10488	1
10490	2
10492	2
10493	3
10497	1
10498	1
10500	2
10501	1
10502	1
10503	1
10504	1
10505	1
10506	1
10507	1
10508	2
10510	3
10511	2
10512	2
10513	1
10515	1
10518	2
10519	2
10520	2
10522	1
10525	2
10526	1
10528	2
10530	1
10531	1
10533	1
10534	1
10535	1
10536	1
10537	1
10540	1
10546	1
10547	2
10549	1
10553	1
10554	2
10557	1
10558	1
10559	1
10560	1
10562	1
10563	1
10565	1
10567	1
10571	1
10573	1
10574	1
10575	1
10576	1
10578	1
10581	2
10582	1
10583	2
10587	1
10591	1
10592	1
10594	1
10595	2
10596	1
10598	2
10601	1
10602	1
10605	1
10607	1
10608	1
10609	1
10610	1
10611	3
10614	1
10618	3
10619	1
10620	1
10622	1
10623	3
10625	2
10626	1
10627	1
10628	1
10629	1
10631	1
10633	1
10634	1
10636	6
10637	1
10638	1
10639	1
10640	2
10641	1
10642	3
10643	1
10650	3
10653	2
10654	2
10655	1
10656	1
10657	1
10659	2
10660	2
10661	1
10663	2
10664	1
10667	1
10668	1
10672	1
10673	2
10674	1
10675	2
10676	1
10677	1
10679	1
10680	1
10682	3
10683	2
10684	2
10685	2
10688	1
10689	1
10692	1
10693	1
10695	2
10699	2
10700	1
10701	1
10703	1
10706	2
10708	1
10712	1
10714	1
10716	2
10717	1
10718	1
10721	2
10722	1
10723	1
10726	2
10727	4
10728	1
10729	1
10730	1
10735	1
10736	1
10737	2
10740	1
10743	2
10744	1
10746	1
10747	2
10748	1
10750	1
10752	1
10753	1
10754	2
10757	1
10758	2
10760	2
10761	2
10767	2
10770	2
10772	1
10773	1
10774	2
10775	1
10776	1
10779	1
10781	2
10782	2
10786	1
10787	1
10790	1
10791	1
10794	2
10796	1
10797	1
10799	1
10801	1
10802	1
10805	1
10807	1
10809	1
10816	1
10817	2
10818	2
10821	1
10822	1
10824	2
10825	2
10826	1
10829	1
10833	2
10836	1
10838	1
10840	1
10841	2
10842	1
10847	1
10848	2
10850	1
10852	2
10854	1
10855	1
10856	1
10857	2
10859	2
10864	4
10867	2
10868	1
10869	1
10870	1
10871	1
10872	3
10873	2
10874	1
10875	1
10876	1
10877	1
10880	1
10881	1
10883	2
10885	1
10888	1
10889	1
10890	2
10893	2
10896	1
10897	1
10898	2
10901	1
10902	2
10903	1
10904	2
10905	2
10908	2
10909	2
10913	1
10914	1
10915	1
10917	2
10918	1
10921	1
10922	1
10923	1
10925	1
10926	1
10927	1
10928	1
10929	1
10930	1
10933	1
10935	1
10937	1
10939	1
10942	1
10944	1
10947	1
10950	1
10951	1
10954	1
10957	1
10959	1
10960	1
10961	2
10962	1
10963	1
10965	1
10967	1
10969	1
10970	1
10971	1
10972	1
10973	1
10974	1
10975	1
10976	1
10979	1
10983	1
10984	1
10985	2
10986	1
10987	1
10988	1
10989	2
10991	1
10992	3
10993	1
10994	1
10995	1
10996	1
11000	1
11001	2
11003	1
11004	2
11006	1
11007	2
11009	1
11011	1
11015	1
11016	1
11017	2
11019	1
11021	1
11022	1
11023	1
11025	1
11026	4
11027	1
11029	1
11030	1
11031	1
11033	1
11034	1
11036	2
11037	1
11039	1
11040	1
11042	1
11043	2
11046	2
11048	1
11051	1
11054	2
11055	3
11058	1
11060	1
11063	3
11064	1
11066	1
11070	1
11071	1
11073	1
11075	1
11076	2
11077	1
11079	1
11082	1
11083	1
11085	1
11086	4
11093	1
11095	2
11101	2
11102	1
11103	1
11105	1
11106	1
11109	2
11110	1
11112	1
11116	1
11117	1
11118	4
11119	2
11121	2
11123	2
11124	1
11125	1
11128	1
11134	1
11136	1
11140	1
11146	1
11147	1
11148	2
11149	1
11150	1
11151	1
11153	1
11154	1
11155	1
11157	2
11161	3
11164	3
11166	2
11167	2
11169	1
11171	1
11172	2
11177	1
11180	1
11182	1
11183	2
11185	1
11186	1
11188	1
11189	2
11193	3
11195	2
11196	1
11197	1
11198	2
11203	2
11204	2
11205	1
11206	1
11209	1
11212	2
11213	2
11216	2
11217	1
11219	1
11220	2
11221	1
11223	2
11226	1
11228	1
11229	1
11230	1
11233	2
11234	1
11235	1
11236	2
11240	1
11242	1
11243	1
11244	1
11249	1
11250	2
11252	2
11254	1
11255	1
11258	2
11259	1
11260	1
11263	1
11264	1
11265	1
11266	1
11267	1
11269	1
11272	2
11273	1
11275	1
11276	1
11278	1
11282	1
11284	1
11286	1
11287	1
11292	2
11297	1
11298	1
11299	2
11301	1
11302	2
11303	3
11305	1
11306	1
11307	1
11308	2
11309	1
11313	1
11314	1
11315	1
11316	1
11324	1
11326	1
11328	1
11331	1
11334	1
11335	1
11336	1
11337	1
11339	1
11340	1
11341	2
11342	1
11345	2
11348	1
11350	1
11351	1
11352	2
11353	2
11359	1
11363	1
11365	1
11367	1
11369	1
11371	1
11372	1
11373	1
11374	1
11377	1
11379	1
11382	1
11384	1
11385	1
11387	1
11388	1
11390	1
11393	1
11394	1
11396	1
11397	1
11398	2
11399	3
11402	1
11403	1
11405	1
11406	1
11409	1
11410	1
11412	1
11416	1
11417	1
11419	1
11420	2
11421	1
11422	2
11423	1
11429	1
11436	1
11437	1
11438	1
11441	1
11444	2
11450	2
11451	1
11452	1
11453	1
11456	1
11457	1
11459	1
11461	1
11462	1
11464	1
11469	1
11471	2
11472	1
11473	1
11474	1
11476	1
11481	1
11482	1
11483	1
11486	1
11487	1
11489	1
11491	1
11493	1
11494	2
11495	1
11496	1
11501	1
11506	1
11507	2
11508	1
11512	1
11513	1
11514	1
11516	1
11517	1
11519	1
11523	1
11525	2
11526	4
11527	1
11528	1
11531	3
11532	1
11537	2
11539	2
11540	1
11541	2
11542	1
11543	2
11546	1
11547	1
11550	1
11551	1
11554	1
11559	1
11562	1
11564	2
11568	1
11579	1
11582	2
11583	1
11587	3
11589	1
11590	2
11591	1
11592	1
11593	1
11594	1
11595	2
11597	2
11599	1
11600	1
11602	1
11605	1
11606	1
11607	1
11609	1
11610	2
11611	1
11613	1
11614	3
11615	1
11616	2
11617	2
11622	1
11623	1
11629	2
11632	2
11637	1
11640	1
11643	3
11644	1
11649	3
11651	1
11653	1
11654	2
11655	1
11656	1
11657	2
11658	1
11662	2
11663	2
11664	2
11667	1
11670	1
11672	1
11673	2
11674	1
11678	3
11679	1
11681	2
11682	1
11684	1
11690	3
11691	1
11692	1
11693	1
11700	1
11705	1
11706	1
11708	1
11711	1
11712	1
11714	1
11717	1
11718	1
11719	2
11722	1
11724	1
11725	1
11731	2
11732	1
11734	1
11735	1
11737	1
11739	1
11740	2
11744	2
11745	1
11748	1
11749	3
11752	2
11759	1
11760	1
11761	1
11763	1
11766	1
11767	2
11769	1
11772	1
11777	2
11779	3
11782	2
11784	2
11788	3
11789	1
11791	3
11792	2
11793	1
11796	1
11797	1
11798	1
11799	1
11803	1
11804	1
11806	2
11807	1
11808	1
11810	1
11811	1
11816	2
11819	1
11820	1
11830	1
11831	1
11836	1
11841	1
11846	1
11851	1
11854	1
11855	1
11858	1
11863	1
11869	1
11872	1
11875	1
11878	3
11882	2
11883	1
11885	1
11886	3
11890	3
11895	1
11896	2
11899	1
11902	1
11904	1
11910	1
11914	1
11916	1
11917	1
11920	1
11922	1
11923	2
11925	1
11927	1
11928	1
11930	3
11931	1
11932	1
11933	1
11934	1
11937	1
11940	2
11941	1
11944	1
11945	1
11946	1
11947	2
11948	1
11950	2
11951	1
11953	2
11954	1
11956	1
11957	1
11961	1
11962	2
11965	1
11967	1
11968	1
11969	1
11970	1
11973	1
11974	2
11980	1
11984	1
11986	1
11987	1
11988	1
11989	1
11991	2
11996	1
11997	1
11998	1
12000	1
12002	1
12004	1
12007	2
12009	2
12010	1
12011	1
12013	1
12015	1
12017	1
12018	1
12019	1
12020	1
12027	1
12028	1
12031	1
12032	1
12033	1
12035	2
12036	2
12041	1
12043	1
12045	1
12046	1
12047	1
12050	1
12052	2
12054	1
12055	1
12056	1
12059	2
12062	1
12064	1
12065	1
12066	1
12068	1
12072	1
12076	1
12078	1
12080	1
12087	1
12092	2
12093	1
12096	1
12097	1
12098	2
12099	2
12105	1
12106	1
12109	1
12110	2
12113	2
12114	1
12120	1
12121	1
12123	1
12124	2
12131	1
12133	1
12135	1
12137	1
12143	2
12149	1
12150	1
12151	2
12152	1
12157	1
12158	1
12159	1
12160	2
12161	1
12163	1
12165	1
12172	2
12175	1
12176	1
12177	2
12183	1
12187	1
12191	1
12197	1
12198	2
12207	1
12211	1
12212	1
12215	1
12218	2
12219	2
12220	1
12221	1
12222	1
12226	2
12229	2
12232	2
12234	1
12237	1
12240	1
12241	2
12248	1
12252	1
12258	1
12265	2
12271	2
12274	1
12275	1
12277	1
12280	1
12285	1
12287	1
12288	1
12290	2
12301	1
12303	1
12304	1
12310	1
12311	1
12313	3
12314	1
12315	2
12317	1
12319	1
12320	1
12321	1
12324	2
12325	1
12326	1
12329	2
12332	1
12334	1
12335	1
12336	3
12339	1
12342	1
12343	1
12344	2
12345	1
12346	1
12353	1
12355	2
12358	1
12359	1
12360	2
12362	1
12363	1
12364	1
12368	3
12369	1
12370	1
12371	2
12372	1
12373	1
12374	2
12376	2
12379	1
12382	1
12393	1
12395	1
12397	2
12402	1
12407	1
12409	1
12413	1
12415	1
12418	1
12420	1
12421	1
12426	1
12430	2
12432	1
12435	1
12438	1
12439	1
12442	2
12443	1
12446	1
12447	1
12448	1
12449	1
12450	1
12451	1
12454	1
12456	3
12458	1
12459	1
12462	1
12463	1
12465	1
12468	1
12473	1
12479	2
12480	1
12484	1
12485	1
12486	1
12491	1
12492	1
12495	1
12496	1
12497	1
12498	1
12503	2
12504	1
12506	1
12508	1
12510	2
12513	2
12514	1
12516	1
12523	1
12525	2
12528	1
12530	1
12531	1
12534	1
12537	1
12540	1
12543	1
12546	1
12548	2
12553	2
12556	1
12557	2
12559	1
12561	1
12568	1
12575	1
12576	2
12580	1
12582	1
12587	1
12590	1
12594	1
12600	1
12603	1
12604	1
12605	1
12611	1
12613	1
12614	2
12624	3
12630	1
12635	1
12639	1
12640	1
12641	1
12642	1
12647	1
12648	2
12649	1
12651	1
12654	1
12660	1
12666	1
12670	1
12671	1
12675	1
12678	1
12679	1
12682	1
12687	1
12689	1
12691	1
12692	1
12693	1
12696	1
12699	1
12700	2
12702	1
12704	1
12705	1
12706	1
12711	1
12712	2
12713	2
12718	1
12721	2
12727	1
12737	2
12738	1
12744	1
12746	1
12747	1
12752	1
12757	1
12760	1
12763	1
12765	1
12766	1
12771	1
12777	1
12778	1
12788	2
12789	2
12793	1
12796	1
12798	1
12799	2
12800	1
12804	1
12805	1
12807	1
12809	1
12815	1
12816	1
12817	1
12818	1
12825	1
12826	2
12829	1
12831	1
12833	1
12835	1
12838	1
12839	1
12841	2
12842	1
12843	1
12845	2
12846	2
12850	1
12855	1
12856	1
12857	1
12858	1
12862	2
12864	1
12868	1
12873	1
12877	1
12879	2
12880	1
12881	1
12885	1
12887	1
12891	1
12894	1
12896	1
12897	1
12901	1
12903	1
12908	1
12909	1
12910	2
12911	2
12916	1
12918	1
12922	1
12924	1
12925	1
12928	1
12936	2
12937	1
12942	2
12943	1
12946	2
12949	1
12950	2
12951	1
12955	1
12958	1
12962	3
12967	1
12969	1
12973	1
12978	1
12981	1
12985	1
12986	1
12987	1
12989	1
12994	1
12995	1
12999	1
13014	1
13016	1
13022	1
13023	1
13024	1
13026	1
13034	1
13036	1
13037	1
13038	2
13043	1
13044	1
13045	1
13049	1
13055	1
13056	1
13060	1
13061	1
13063	2
13064	1
13065	1
13069	1
13070	1
13072	1
13079	1
13082	1
13084	1
13086	1
13096	1
13098	1
13099	2
13100	1
13103	1
13104	2
13109	1
13110	1
13112	1
13114	1
13116	1
13118	1
13122	2
13123	2
13127	1
13129	1
13132	1
13134	1
13135	1
13136	2
13138	1
13139	1
13140	1
13142	1
13143	1
13148	1
13149	2
13150	1
13152	2
13153	1
13162	1
13163	1
13164	1
13166	2
13169	1
13170	1
13171	1
13175	1
13177	2
13179	1
13184	1
13185	1
13190	1
13198	1
13199	2
13202	1
13205	1
13208	1
13211	1
13213	1
13220	2
13221	1
13222	2
13225	2
13228	1
13232	2
13234	1
13239	1
13242	1
13243	1
13245	1
13252	1
13254	1
13258	1
13259	1
13262	2
13270	1
13276	1
13278	1
13279	2
13282	1
13284	1
13286	1
13287	1
13288	1
13289	1
13291	1
13297	2
13306	1
13311	1
13321	1
13323	1
13325	1
13326	2
13335	1
13340	2
13342	1
13343	1
13344	1
13345	1
13346	1
13347	1
13353	1
13354	1
13369	1
13371	1
13373	1
13374	1
13375	3
13379	1
13386	2
13388	1
13391	2
13404	1
13406	1
13407	1
13408	1
13409	1
13411	1
13412	1
13414	1
13416	2
13417	1
13420	1
13422	1
13423	2
13425	1
13426	1
13430	1
13431	1
13432	1
13434	1
13436	2
13439	1
13440	1
13451	2
13452	1
13461	1
13463	2
13464	2
13469	2
13472	2
13481	1
13482	1
13483	1
13484	1
13487	2
13489	1
13495	1
13503	1
13506	1
13507	1
13517	1
13523	1
13526	1
13528	1
13529	1
13530	1
13531	2
13532	1
13538	1
13542	1
13546	4
13548	2
13551	1
13554	1
13555	2
13563	1
13565	1
13566	1
13574	2
13580	1
13583	1
13589	1
13596	2
13600	1
13601	1
13605	1
13609	2
13611	1
13618	1
13619	1
13620	1
13621	1
13622	1
13624	1
13627	1
13628	1
13630	1
13632	1
13639	1
13644	1
13645	2
13646	1
13647	1
13648	1
13649	1
13652	1
13653	1
13656	1
13663	2
13668	1
13671	2
13672	1
13675	1
13684	1
13688	1
13692	1
13698	1
13699	1
13700	1
13707	1
13710	1
13712	1
13713	2
13714	1
13723	1
13724	1
13726	1
13728	1
13734	1
13736	1
13738	1
13744	1
13745	2
13746	1
13749	1
13752	1
13759	1
13761	2
13766	1
13773	1
13778	2
13779	1
13780	1
13781	1
13783	1
13784	1
13787	1
13799	1
13805	1
13807	1
13809	1
13814	1
13815	1
13816	2
13823	1
13825	3
13826	1
13833	1
13841	1
13842	1
13845	1
13846	1
13852	1
13855	1
13860	1
13864	1
13868	1
13872	1
13874	1
13877	1
13881	1
13883	1
13884	1
13895	1
13896	1
13898	1
13906	1
13914	1
13918	1
13919	1
13926	1
13929	2
13938	1
13939	2
13948	3
13958	2
13959	1
13960	1
13961	1
13963	2
13968	1
13972	1
13974	1
13975	1
13976	1
13979	3
13980	3
13995	2
13996	1
13998	1
14003	1
14004	1
14005	1
14011	1
14026	1
14033	1
14034	1
14035	2
14037	2
14040	1
14045	1
14046	2
14049	2
14057	1
14062	1
14065	1
14071	1
14075	1
14082	1
14098	1
14099	1
14100	1
14103	1
14104	1
14110	1
14112	1
14113	1
14115	1
14123	2
14125	1
14130	2
14131	1
14134	1
14140	2
14145	1
14147	2
14153	1
14155	1
14157	1
14159	1
14166	1
14171	2
14176	1
14182	1
14198	1
14199	1
14202	2
14203	1
14207	1
14208	1
14209	1
14212	1
14213	1
14215	2
14225	1
14228	1
14230	3
14243	2
14245	1
14247	1
14249	1
14256	1
14258	1
14260	1
14266	1
14271	1
14276	1
14284	1
14285	2
14286	1
14287	1
14288	1
14289	1
14294	1
14295	1
14296	1
14309	1
14323	1
14330	2
14331	1
14336	1
14338	1
14339	1
14341	1
14344	1
14346	1
14363	1
14371	1
14378	1
14384	1
14386	1
14396	1
14397	1
14406	1
14409	1
14410	1
14418	1
14426	1
14428	1
14433	1
14439	1
14441	1
14451	2
14458	1
14461	1
14462	1
14465	1
14472	1
14476	3
14479	1
14480	1
14488	2
14494	1
14497	1
14502	1
14504	2
14508	1
14517	1
14519	1
14523	1
14524	1
14529	1
14536	1
14544	1
14553	1
14558	2
14567	1
14572	2
14577	1
14579	1
14586	1
14591	1
14596	1
14597	1
14601	2
14602	1
14604	1
14605	2
14607	2
14608	1
14616	1
14618	1
14621	1
14622	1
14623	1
14625	1
14629	1
14632	2
14638	1
14648	1
14649	1
14657	2
14659	1
14668	1
14669	2
14675	1
14678	1
14681	1
14685	1
14691	1
14699	1
14700	1
14701	1
14703	1
14704	1
14706	1
14708	1
14714	1
14715	2
14720	1
14727	1
14729	2
14734	1
14737	1
14741	1
14742	1
14744	1
14746	1
14762	1
14763	1
14768	1
14772	1
14774	1
14775	1
14783	1
14799	2
14801	1
14806	1
14808	2
14809	1
14813	3
14817	1
14819	1
14829	1
14832	1
14835	2
14839	1
14850	1
14851	1
14854	1
14861	1
14867	1
14869	1
14877	1
14879	1
14881	1
14892	1
14893	1
14894	1
14895	1
14900	1
14901	1
14907	1
14915	1
14917	1
14923	1
14925	1
14927	1
14928	1
14946	1
14949	1
14954	1
14955	1
14957	1
14961	1
14967	1
14971	1
14977	1
14982	1
14983	1
14984	2
14989	1
14991	1
14998	1
15010	1
15017	2
15018	1
15020	1
15028	1
15029	1
15046	1
15050	1
15053	1
15062	1
15063	1
15067	1
15081	1
15096	1
15098	1
15101	1
15102	1
15114	1
15121	2
15129	2
15133	1
15138	1
15142	1
15143	1
15147	1
15150	1
15167	1
15168	1
15173	1
15176	1
15181	1
15187	1
15201	1
15207	1
15208	1
15210	1
15222	1
15226	1
15230	1
15231	1
15243	1
15256	1
15266	1
15267	1
15284	1
15285	1
15289	1
15293	1
15296	1
15313	1
15330	2
15338	2
15348	1
15349	1
15353	1
15359	1
15364	1
15370	1
15373	1
15375	1
15379	1
15385	1
15389	1
15393	1
15397	1
15399	1
15408	1
15410	4
15411	1
15416	1
15432	2
15436	1
15437	1
15447	1
15451	1
15453	1
15459	1
15462	1
15466	1
15474	2
15480	1
15492	1
15494	1
15510	3
15514	1
15523	1
15533	1
15549	1
15550	1
15555	1
15577	1
15579	1
15580	1
15584	1
15588	1
15594	1
15597	1
15599	1
15605	1
15609	1
15614	1
15615	2
15621	1
15628	1
15639	1
15645	1
15646	1
15650	2
15658	1
15671	1
15675	1
15681	1
15689	1
15696	1
15701	1
15709	1
15712	1
15717	3
15720	1
15734	1
15735	1
15746	1
15749	1
15755	1
15761	1
15768	1
15773	1
15779	1
15781	2
15785	1
15795	1
15800	1
15805	1
15809	2
15817	1
15818	1
15825	1
15826	1
15852	1
15853	1
15855	1
15861	1
15865	1
15883	1
15884	1
15886	1
15888	1
15892	1
15893	1
15895	1
15903	1
15904	2
15905	1
15908	1
15909	1
15921	1
15954	1
15959	1
15961	1
15967	2
15968	2
15971	1
15986	1
15989	1
15996	1
15997	1
16001	2
16010	1
16011	1
16017	1
16033	1
16041	1
16045	2
16047	1
16050	1
16053	1
16058	1
16060	1
16063	1
16064	2
16089	1
16093	1
16099	1
16107	1
16114	1
16121	1
16149	1
16151	1
16157	1
16158	1
16160	1
16167	1
16168	1
16171	1
16172	1
16184	1
16193	1
16206	1
16212	1
16219	1
16220	1
16222	2
16226	1
16227	1
16234	1
16238	1
16241	1
16244	1
16247	1
16251	1
16261	1
16268	1
16269	1
16271	1
16284	1
16292	1
16303	1
16307	1
16308	1
16321	1
16327	2
16337	1
16345	1
16352	1
16362	1
16372	1
16375	1
16383	1
16387	2
16391	1
16395	1
16410	1
16412	2
16413	1
16414	1
16421	1
16423	1
16428	1
16431	1
16433	1
16449	1
16451	1
16466	1
16479	1
16481	1
16496	1
16505	1
16519	1
16522	2
16532	1
16549	1
16553	1
16556	1
16558	1
16562	1
16566	1
16577	1
16583	1
16596	1
16604	1
16606	1
16617	1
16632	1
16636	1
16640	1
16641	1
16647	1
16649	1
16657	1
16663	2
16667	1
16668	1
16673	1
16675	1
16677	1
16684	2
16695	1
16720	1
16722	1
16728	1
16734	1
16742	2
16753	1
16758	1
16774	1
16795	1
16797	1
16800	2
16801	1
16803	1
16811	1
16813	1
16817	1
16819	1
16824	1
16825	1
16826	1
16837	1
16839	1
16844	1
16860	1
16870	1
16872	1
16878	1
16886	1
16890	1
16900	1
16910	1
16921	1
16922	1
16923	1
16934	1
16940	1
16953	1
16954	1
16976	1
16982	1
16983	1
16998	1
17007	1
17012	1
17019	1
17038	1
17040	1
17043	1
17044	1
17070	1
17071	1
17075	2
17081	1
17089	1
17094	1
17110	1
17117	1
17118	1
17121	1
17125	1
17140	1
17147	1
17150	1
17163	1
17188	1
17200	1
17201	2
17203	1
17211	1
17213	1
17224	1
17258	1
17271	1
17280	1
17288	1
17298	1
17312	1
17313	1
17325	2
17332	1
17335	1
17337	1
17355	1
17357	1
17358	1
17368	1
17371	1
17375	1
17386	1
17400	1
17415	1
17419	1
17420	1
17424	1
17441	1
17461	1
17463	1
17485	1
17500	1
17506	1
17509	1
17519	1
17522	1
17524	2
17541	1
17546	1
17553	1
17558	1
17564	1
17580	1
17584	1
17585	1
17593	1
17598	1
17600	1
17613	1
17628	1
17629	1
17635	1
17646	1
17652	1
17654	1
17655	1
17667	1
17670	2
17683	1
17686	1
17687	1
17704	1
17725	2
17732	1
17736	1
17758	1
17780	1
17781	1
17785	1
17799	1
17824	2
17827	1
17841	2
17869	1
17871	1
17905	1
17918	1
17939	1
17940	1
17950	1
17951	1
17960	1
17964	1
17981	2
17988	1
17990	1
17993	1
18008	1
18021	1
18030	1
18033	1
18039	1
18049	1
18058	1
18062	1
18063	1
18087	1
18095	1
18107	1
18115	1
18119	1
18124	1
18125	1
18131	1
18135	1
18139	2
18143	1
18152	1
18167	1
18181	1
18184	1
18188	1
18197	2
18198	1
18199	1
18210	1
18214	1
18240	1
18252	1
18253	1
18256	1
18267	1
18278	1
18295	1
18300	1
18323	1
18338	1
18343	1
18367	1
18402	1
18443	1
18444	1
18449	1
18457	1
18466	1
18493	1
18524	1
18533	1
18534	2
18538	1
18542	1
18545	2
18552	1
18555	1
18561	1
18565	1
18581	1
18583	1
18589	2
18594	1
18596	1
18599	1
18601	1
18627	1
18630	1
18633	1
18634	1
18640	1
18650	1
18655	1
18680	1
18684	1
18692	1
18710	1
18726	1
18727	1
18730	1
18732	1
18756	1
18763	1
18766	1
18780	1
18797	1
18800	1
18803	1
18810	2
18812	1
18816	1
18829	2
18838	1
18846	1
18861	2
18864	1
18875	1
18896	1
18902	1
18939	1
18964	1
18966	1
18967	1
18990	1
18998	1
19004	1
19012	1
19034	1
19064	1
19072	1
19087	1
19106	1
19118	1
19122	1
19125	1
19157	1
19189	2
19192	1
19243	1
19272	2
19295	1
19307	1
19328	1
19356	1
19368	1
19378	1
19381	1
19411	1
19426	1
19456	1
19457	1
19458	1
19460	1
19465	1
19470	1
19477	1
19493	1
19495	1
19501	1
19512	1
19517	1
19529	1
19558	1
19559	1
19566	1
19567	1
19577	1
19580	1
19601	1
19610	1
19611	1
19620	1
19621	1
19625	1
19659	1
19665	1
19674	1
19679	1
19683	1
19702	1
19710	1
19714	1
19716	1
19724	1
19731	1
19733	1
19743	1
19746	1
19754	1
19759	1
19761	1
19793	1
19800	1
19801	1
19804	1
19805	1
19825	1
19841	1
19843	1
19858	1
19862	1
19866	2
19874	1
19878	1
19889	1
19915	1
19923	1
19960	1
19964	1
20031	1
20090	1
20107	1
20112	1
20113	1
20136	1
20157	1
20164	1
20167	1
20200	1
20207	1
20235	2
20236	1
20244	1
20247	1
20248	1
20268	1
20278	1
20320	1
20345	1
20349	1
20355	1
20374	1
20376	1
20377	1
20385	1
20390	1
20413	1
20423	1
20429	1
20431	1
20434	1
20444	1
20453	1
20501	1
20505	1
20525	1
20526	1
20529	1
20558	1
20586	1
20591	1
20597	1
20607	1
20617	1
20629	1
20636	1
20657	1
20670	1
20751	1
20759	1
20800	1
20842	1
20843	1
20848	1
20919	1
20921	1
20941	1
20959	1
20995	1
20999	1
21008	1
21009	1
21020	1
21024	1
21051	1
21070	1
21099	1
21103	1
21113	1
21115	1
21119	1
21122	1
21130	1
21149	1
21184	1
21199	1
21218	1
21232	1
21246	1
21263	1
21268	1
21271	1
21280	1
21299	1
21311	1
21343	1
21375	1
21432	1
21451	1
21501	1
21560	1
21566	1
21589	1
21606	1
21626	1
21628	1
21673	1
21675	1
21706	1
21726	1
21760	1
21830	1
21842	1
21855	1
21864	1
21866	1
21897	1
21904	1
21937	1
21956	1
21965	1
21992	1
21993	1
22023	1
22031	1
22053	1
22063	1
22073	1
22088	1
22119	1
22133	1
22141	1
22210	1
22215	1
22217	1
22326	1
22332	1
22342	1
22375	1
22441	1
22472	1
22484	1
22503	1
22517	1
22589	1
22591	1
22632	1
22674	1
22701	1
22722	1
22734	1
22744	1
22770	1
22785	1
22789	1
22812	1
22824	1
22832	1
22848	1
22884	1
22940	1
22988	1
23054	1
23125	1
23126	1
23137	1
23138	1
23146	1
23180	1
23186	1
23188	1
23191	2
23202	1
23223	1
23237	1
23244	1
23296	1
23303	2
23314	1
23334	1
23388	1
23523	1
23550	1
23583	1
23614	1
23637	1
23698	1
23702	1
23785	1
23827	1
23885	1
23908	1
23959	1
24100	1
24108	1
24187	1
24202	1
24243	1
24289	1
24343	1
24386	1
24477	1
24561	1
24639	1
24642	1
24788	1
24800	1
24850	1
25058	1
25116	1
25172	1
25206	1
25229	1
25312	1
25381	1
25449	1
25526	1
25568	1
25591	1
25608	1
25621	1
25660	1
25814	1
25879	1
26052	1
26077	1
26344	1
26360	1
26422	1
26427	1
26445	1
26452	1
26488	1
26528	1
26554	1
26613	1
26721	1
26735	1
26804	1
26852	1
26876	1
27008	1
27013	1
27111	1
27133	1
27134	1
27140	1
27178	1
27210	1
27276	1
27295	1
27303	1
27319	1
27573	1
27617	1
27749	1
27790	1
27819	1
27910	1
27916	1
28186	1
28204	1
28278	1
28645	1
28773	1
28839	1
29045	1
29096	1
29300	1
29342	1
29370	1
29510	1
29556	1
29860	1
30168	1
30232	1
30279	1
30461	1
30595	1
30697	1
30734	1
30760	1
31408	1
31521	1
31887	1
32000	1
32217	1
32291	1
32594	1
32639	1
32744	1
32801	1
33025	1
33336	1
34121	1
34246	1
34573	1
34580	1
34726	1
34902	1
34999	1
35627	1
35848	1
36211	1
37006	1
37208	1
37479	1
38064	1
38371	1
38603	1
38916	1
39394	1
39467	1
40087	1
40670	1
41100	1
41512	1
41568	1
42598	1
49590	1
50729	1
52149	1
52493	1
56472	1
59161	1
70351	1
70564	1
74700	1
80032	1
89826	1
98552	1
125935	1
3011141	1
