1 314401585
2 138335736
3 88544259
4 78314296
5 82005829
6 89049656
7 95256740
8 99589208
9 101521946
10 101014334
11 98183128
12 93413259
13 87167041
14 79853370
15 71867083
16 63712474
17 55658530
18 47952655
19 40838033
20 34435328
21 28741819
22 23827956
23 19625876
24 16078435
25 13139982
26 10716844
27 8759119
28 7175462
29 5895546
30 4884102
31 4067264
32 3424808
33 2901561
34 2489520
35 2155492
36 1886460
37 1664871
38 1485251
39 1335085
40 1210870
41 1104197
42 1012448
43 935151
44 865662
45 803497
46 751339
47 703927
48 664145
49 624207
50 591538
51 557844
52 528633
53 504450
54 479844
55 459929
56 437106
57 419101
58 400339
59 384159
60 368754
61 354430
62 341176
63 329204
64 316645
65 304945
66 294153
67 284094
68 274281
69 265796
70 256306
71 250597
72 241474
73 233303
74 226052
75 219809
76 212600
77 206832
78 200767
79 195233
80 189529
81 184526
82 179823
83 175247
84 171275
85 166036
86 161588
87 157390
88 153353
89 150231
90 146121
91 143001
92 139835
93 135888
94 133392
95 129812
96 127053
97 124012
98 121816
99 118223
100 115615
101 113946
102 111545
103 109233
104 106848
105 104380
106 102718
107 100438
108 98339
109 96064
110 93896
111 92439
112 90837
113 88319
114 87384
115 85575
116 84519
117 82545
118 81296
119 79952
120 78292
121 76459
122 75319
123 73947
124 72423
125 71107
126 70178
127 68648
128 67887
129 66976
130 65669
131 64788
132 63566
133 62556
134 61682
135 60069
136 59295
137 58454
138 58155
139 57264
140 56271
141 54897
142 54760
143 53248
144 52615
145 51762
146 51235
147 50753
148 49563
149 49002
150 48373
151 47637
152 47185
153 46372
154 45497
155 45251
156 45020
157 44265
158 43549
159 42580
160 42506
161 42008
162 41407
163 40726
164 40178
165 39803
166 39086
167 38809
168 38481
169 37438
170 37164
171 36363
172 36682
173 35653
174 35185
175 35030
176 34436
177 33980
178 33669
179 33115
180 33122
181 32442
182 32063
183 32144
184 31565
185 30974
186 30955
187 30372
188 30213
189 29840
190 29424
191 29180
192 28940
193 28724
194 28527
195 28235
196 27531
197 27758
198 27146
199 26743
200 26739
201 26356
202 26229
203 25580
204 25555
205 25470
206 24918
207 24873
208 24540
209 24189
210 23935
211 23739
212 23821
213 23298
214 22877
215 22382
216 22599
217 22598
218 21865
219 22013
220 21733
221 21723
222 21349
223 20973
224 20721
225 20672
226 20666
227 20592
228 20363
229 20037
230 19722
231 19605
232 19396
233 19206
234 19048
235 18853
236 18782
237 18498
238 18367
239 18323
240 18069
241 18002
242 17842
243 17937
244 17832
245 17673
246 17192
247 17072
248 17226
249 17021
250 17020
251 16547
252 16406
253 16317
254 16187
255 16096
256 15973
257 15999
258 15831
259 15602
260 15506
261 15468
262 15416
263 15023
264 14950
265 14979
266 14710
267 14597
268 14518
269 14523
270 14373
271 14139
272 14142
273 13954
274 13741
275 13948
276 13952
277 13740
278 13603
279 13665
280 13307
281 13424
282 13416
283 13124
284 13075
285 12925
286 12714
287 12801
288 12637
289 12425
290 12464
291 12537
292 12327
293 11969
294 12117
295 12170
296 12074
297 11975
298 11895
299 11906
300 11558
301 11621
302 11684
303 11481
304 11365
305 11286
306 11394
307 11093
308 11242
309 11110
310 11109
311 10915
312 10680
313 10898
314 10736
315 10415
316 10362
317 10554
318 10192
319 10291
320 10191
321 10214
322 10072
323 10077
324 9880
325 9921
326 10020
327 9824
328 9714
329 9697
330 9884
331 9672
332 9540
333 9430
334 9494
335 9295
336 9411
337 9308
338 9182
339 9038
340 9099
341 8856
342 8924
343 8873
344 8841
345 8858
346 8662
347 8699
348 8633
349 8604
350 8444
351 8391
352 8307
353 8484
354 8393
355 8269
356 8353
357 8252
358 8275
359 8025
360 8202
361 8060
362 7909
363 7903
364 7947
365 7830
366 7653
367 7639
368 7688
369 7671
370 7499
371 7598
372 7542
373 7406
374 7464
375 7549
376 7357
377 7407
378 7314
379 7437
380 7253
381 7333
382 7080
383 7048
384 7069
385 7194
386 6946
387 7192
388 7006
389 6997
390 6748
391 6839
392 6952
393 6758
394 6709
395 6728
396 6653
397 6720
398 6510
399 6710
400 6424
401 6424
402 6581
403 6601
404 6431
405 6525
406 6246
407 6124
408 6263
409 6229
410 6317
411 5997
412 6124
413 6127
414 5885
415 6020
416 6004
417 6059
418 5961
419 6075
420 5989
421 5956
422 5767
423 5719
424 5859
425 5779
426 5758
427 5802
428 5642
429 5738
430 5669
431 5654
432 5534
433 5603
434 5531
435 5462
436 5463
437 5576
438 5543
439 5353
440 5361
441 5429
442 5361
443 5187
444 5212
445 5108
446 5292
447 5176
448 5344
449 5347
450 5133
451 5133
452 5056
453 5172
454 5138
455 5024
456 4996
457 4975
458 5069
459 5095
460 4909
461 4851
462 4999
463 4840
464 4837
465 4743
466 4887
467 4809
468 4695
469 4527
470 4808
471 4619
472 4655
473 4578
474 4619
475 4609
476 4578
477 4656
478 4528
479 4442
480 4544
481 4464
482 4365
483 4475
484 4574
485 4471
486 4406
487 4276
488 4385
489 4206
490 4262
491 4219
492 4306
493 4343
494 4335
495 4244
496 4117
497 4194
498 4090
499 4236
500 4126
501 4184
502 4026
503 4129
504 4110
505 4110
506 4043
507 4030
508 3992
509 4077
510 4022
511 3940
512 3982
513 3940
514 3958
515 3876
516 3850
517 3890
518 3816
519 3927
520 3875
521 3720
522 3783
523 3844
524 3778
525 3776
526 3753
527 3713
528 3766
529 3686
530 3683
531 3721
532 3647
533 3706
534 3571
535 3675
536 3657
537 3706
538 3652
539 3705
540 3541
541 3449
542 3478
543 3422
544 3440
545 3431
546 3414
547 3487
548 3413
549 3424
550 3474
551 3338
552 3337
553 3405
554 3434
555 3258
556 3264
557 3305
558 3266
559 3219
560 3218
561 3323
562 3388
563 3234
564 3245
565 3270
566 3249
567 3183
568 3244
569 3198
570 3198
571 3191
572 3174
573 3112
574 3184
575 3069
576 3189
577 3104
578 3116
579 3177
580 3126
581 3093
582 3072
583 3120
584 2995
585 2982
586 3030
587 2962
588 2882
589 2992
590 2949
591 2965
592 2939
593 2896
594 2842
595 2891
596 2917
597 3003
598 2907
599 2841
600 2843
601 2739
602 2906
603 2706
604 2780
605 2783
606 2766
607 2756
608 2770
609 2803
610 2697
611 2678
612 2662
613 2731
614 2629
615 2797
616 2744
617 2606
618 2654
619 2656
620 2552
621 2707
622 2544
623 2689
624 2580
625 2652
626 2484
627 2582
628 2604
629 2538
630 2553
631 2576
632 2479
633 2563
634 2536
635 2520
636 2538
637 2510
638 2446
639 2420
640 2490
641 2522
642 2433
643 2510
644 2436
645 2492
646 2425
647 2399
648 2376
649 2403
650 2404
651 2393
652 2323
653 2363
654 2346
655 2404
656 2375
657 2347
658 2386
659 2391
660 2380
661 2363
662 2342
663 2285
664 2206
665 2304
666 2344
667 2244
668 2293
669 2253
670 2265
671 2165
672 2204
673 2183
674 2228
675 2266
676 2190
677 2220
678 2139
679 2197
680 2211
681 2085
682 2098
683 2055
684 2065
685 2054
686 2174
687 2219
688 2184
689 2111
690 2047
691 2020
692 2111
693 2127
694 2187
695 2074
696 2001
697 2114
698 2057
699 2046
700 1982
701 2040
702 1978
703 2042
704 2080
705 2045
706 2051
707 1994
708 1999
709 2003
710 1937
711 1994
712 2020
713 2008
714 1985
715 1940
716 1921
717 1972
718 1965
719 1890
720 1890
721 1881
722 1969
723 1891
724 1818
725 1923
726 1853
727 1841
728 1912
729 1854
730 1855
731 1761
732 1866
733 1935
734 1879
735 1899
736 1809
737 1822
738 1812
739 1939
740 1887
741 1869
742 1804
743 1825
744 1749
745 1818
746 1748
747 1677
748 1751
749 1808
750 1709
751 1752
752 1777
753 1791
754 1699
755 1754
756 1770
757 1775
758 1733
759 1758
760 1801
761 1656
762 1762
763 1785
764 1676
765 1734
766 1730
767 1689
768 1746
769 1695
770 1665
771 1703
772 1739
773 1660
774 1664
775 1638
776 1630
777 1588
778 1645
779 1616
780 1695
781 1613
782 1654
783 1604
784 1551
785 1573
786 1671
787 1553
788 1616
789 1576
790 1561
791 1582
792 1581
793 1568
794 1550
795 1547
796 1579
797 1576
798 1563
799 1559
800 1601
801 1513
802 1537
803 1573
804 1558
805 1516
806 1559
807 1446
808 1479
809 1522
810 1493
811 1502
812 1490
813 1493
814 1454
815 1524
816 1443
817 1470
818 1449
819 1472
820 1552
821 1487
822 1397
823 1471
824 1463
825 1505
826 1434
827 1459
828 1455
829 1401
830 1440
831 1303
832 1473
833 1468
834 1420
835 1470
836 1420
837 1402
838 1392
839 1366
840 1398
841 1423
842 1386
843 1444
844 1327
845 1377
846 1389
847 1406
848 1390
849 1367
850 1414
851 1339
852 1359
853 1366
854 1340
855 1380
856 1300
857 1387
858 1367
859 1423
860 1368
861 1354
862 1328
863 1336
864 1346
865 1266
866 1297
867 1329
868 1315
869 1322
870 1326
871 1333
872 1276
873 1300
874 1243
875 1322
876 1294
877 1273
878 1246
879 1241
880 1297
881 1243
882 1296
883 1277
884 1299
885 1218
886 1300
887 1280
888 1273
889 1239
890 1210
891 1239
892 1238
893 1284
894 1264
895 1274
896 1232
897 1237
898 1143
899 1222
900 1188
901 1179
902 1141
903 1211
904 1146
905 1241
906 1218
907 1218
908 1139
909 1160
910 1226
911 1200
912 1198
913 1263
914 1203
915 1151
916 1212
917 1186
918 1234
919 1155
920 1157
921 1154
922 1180
923 1174
924 1187
925 1149
926 1170
927 1138
928 1214
929 1122
930 1125
931 1154
932 1120
933 1173
934 1143
935 1110
936 1068
937 1168
938 1089
939 1152
940 1092
941 1072
942 1140
943 1093
944 1082
945 1107
946 1086
947 1092
948 1050
949 1071
950 1062
951 1053
952 1075
953 1014
954 1008
955 1073
956 1027
957 1050
958 1045
959 1017
960 1072
961 1041
962 1089
963 1059
964 1050
965 992
966 1018
967 1007
968 1073
969 1024
970 1004
971 1047
972 1085
973 982
974 1025
975 1000
976 988
977 1060
978 985
979 995
980 1082
981 986
982 999
983 983
984 1009
985 961
986 987
987 1012
988 927
989 960
990 960
991 1024
992 983
993 935
994 1016
995 923
996 989
997 974
998 953
999 962
1000 922
1001 935
1002 947
1003 910
1004 942
1005 934
1006 987
1007 908
1008 918
1009 932
1010 950
1011 913
1012 936
1013 957
1014 917
1015 993
1016 921
1017 915
1018 919
1019 953
1020 919
1021 953
1022 920
1023 893
1024 900
1025 927
1026 856
1027 901
1028 904
1029 859
1030 974
1031 876
1032 965
1033 898
1034 932
1035 851
1036 911
1037 908
1038 821
1039 867
1040 830
1041 841
1042 889
1043 834
1044 854
1045 879
1046 849
1047 874
1048 825
1049 875
1050 864
1051 862
1052 885
1053 810
1054 839
1055 880
1056 863
1057 913
1058 834
1059 869
1060 792
1061 860
1062 842
1063 764
1064 850
1065 811
1066 792
1067 785
1068 810
1069 852
1070 759
1071 826
1072 872
1073 855
1074 802
1075 827
1076 807
1077 812
1078 792
1079 811
1080 810
1081 805
1082 818
1083 823
1084 783
1085 833
1086 784
1087 815
1088 843
1089 819
1090 818
1091 768
1092 829
1093 769
1094 824
1095 806
1096 757
1097 830
1098 793
1099 847
1100 791
1101 840
1102 821
1103 804
1104 790
1105 744
1106 782
1107 704
1108 768
1109 803
1110 781
1111 742
1112 764
1113 767
1114 742
1115 818
1116 789
1117 761
1118 786
1119 771
1120 763
1121 757
1122 712
1123 791
1124 819
1125 735
1126 765
1127 717
1128 748
1129 763
1130 737
1131 776
1132 741
1133 734
1134 785
1135 747
1136 737
1137 768
1138 750
1139 727
1140 749
1141 677
1142 769
1143 781
1144 721
1145 768
1146 693
1147 716
1148 750
1149 749
1150 741
1151 708
1152 765
1153 719
1154 681
1155 785
1156 739
1157 708
1158 695
1159 668
1160 769
1161 744
1162 721
1163 710
1164 691
1165 756
1166 747
1167 693
1168 715
1169 699
1170 676
1171 706
1172 727
1173 715
1174 738
1175 704
1176 695
1177 662
1178 707
1179 668
1180 689
1181 709
1182 714
1183 729
1184 682
1185 654
1186 682
1187 693
1188 713
1189 657
1190 687
1191 689
1192 698
1193 645
1194 675
1195 711
1196 666
1197 657
1198 673
1199 660
1200 700
1201 682
1202 656
1203 669
1204 645
1205 671
1206 713
1207 634
1208 657
1209 683
1210 676
1211 624
1212 635
1213 629
1214 667
1215 678
1216 664
1217 664
1218 660
1219 576
1220 637
1221 653
1222 614
1223 658
1224 640
1225 639
1226 655
1227 585
1228 662
1229 648
1230 649
1231 634
1232 627
1233 631
1234 604
1235 688
1236 631
1237 636
1238 599
1239 580
1240 548
1241 605
1242 615
1243 592
1244 664
1245 655
1246 622
1247 636
1248 649
1249 631
1250 638
1251 631
1252 617
1253 562
1254 595
1255 601
1256 589
1257 616
1258 616
1259 631
1260 617
1261 563
1262 640
1263 647
1264 561
1265 648
1266 580
1267 593
1268 608
1269 608
1270 592
1271 598
1272 564
1273 602
1274 617
1275 572
1276 656
1277 616
1278 593
1279 573
1280 611
1281 604
1282 561
1283 566
1284 570
1285 594
1286 529
1287 560
1288 584
1289 584
1290 561
1291 581
1292 630
1293 566
1294 545
1295 566
1296 568
1297 599
1298 548
1299 577
1300 560
1301 593
1302 551
1303 574
1304 584
1305 556
1306 594
1307 563
1308 575
1309 546
1310 536
1311 564
1312 540
1313 557
1314 564
1315 560
1316 536
1317 505
1318 547
1319 546
1320 572
1321 518
1322 532
1323 563
1324 549
1325 532
1326 561
1327 555
1328 540
1329 528
1330 535
1331 565
1332 522
1333 545
1334 545
1335 568
1336 547
1337 535
1338 510
1339 550
1340 512
1341 526
1342 521
1343 554
1344 511
1345 549
1346 527
1347 519
1348 502
1349 529
1350 538
1351 538
1352 497
1353 496
1354 537
1355 538
1356 518
1357 523
1358 522
1359 523
1360 547
1361 516
1362 512
1363 502
1364 521
1365 496
1366 483
1367 513
1368 514
1369 457
1370 496
1371 540
1372 495
1373 540
1374 496
1375 491
1376 495
1377 516
1378 521
1379 527
1380 511
1381 502
1382 523
1383 470
1384 508
1385 515
1386 505
1387 491
1388 495
1389 515
1390 447
1391 497
1392 491
1393 494
1394 497
1395 498
1396 530
1397 476
1398 448
1399 501
1400 499
1401 489
1402 521
1403 530
1404 503
1405 462
1406 492
1407 476
1408 490
1409 468
1410 511
1411 448
1412 470
1413 448
1414 464
1415 466
1416 472
1417 493
1418 482
1419 435
1420 458
1421 478
1422 488
1423 472
1424 459
1425 434
1426 512
1427 462
1428 453
1429 457
1430 490
1431 467
1432 471
1433 452
1434 468
1435 453
1436 466
1437 442
1438 466
1439 427
1440 455
1441 492
1442 470
1443 435
1444 467
1445 454
1446 490
1447 434
1448 430
1449 457
1450 448
1451 484
1452 433
1453 454
1454 417
1455 441
1456 462
1457 442
1458 469
1459 458
1460 453
1461 425
1462 453
1463 439
1464 440
1465 413
1466 494
1467 450
1468 459
1469 434
1470 481
1471 459
1472 417
1473 436
1474 448
1475 444
1476 423
1477 447
1478 411
1479 420
1480 397
1481 437
1482 424
1483 371
1484 421
1485 416
1486 412
1487 423
1488 406
1489 448
1490 417
1491 417
1492 400
1493 434
1494 433
1495 382
1496 462
1497 440
1498 411
1499 404
1500 396
1501 397
1502 421
1503 435
1504 399
1505 396
1506 424
1507 397
1508 433
1509 444
1510 455
1511 414
1512 399
1513 394
1514 414
1515 420
1516 403
1517 415
1518 417
1519 390
1520 424
1521 387
1522 427
1523 437
1524 407
1525 411
1526 396
1527 396
1528 363
1529 391
1530 399
1531 423
1532 385
1533 407
1534 441
1535 415
1536 363
1537 418
1538 389
1539 397
1540 377
1541 419
1542 416
1543 412
1544 361
1545 386
1546 434
1547 390
1548 416
1549 405
1550 422
1551 387
1552 357
1553 372
1554 400
1555 405
1556 369
1557 340
1558 374
1559 389
1560 403
1561 392
1562 387
1563 384
1564 363
1565 404
1566 384
1567 379
1568 362
1569 375
1570 392
1571 386
1572 377
1573 388
1574 376
1575 410
1576 380
1577 340
1578 396
1579 309
1580 410
1581 353
1582 348
1583 359
1584 356
1585 353
1586 337
1587 394
1588 338
1589 390
1590 385
1591 360
1592 389
1593 354
1594 375
1595 327
1596 357
1597 359
1598 357
1599 347
1600 371
1601 373
1602 379
1603 340
1604 417
1605 343
1606 336
1607 354
1608 360
1609 395
1610 382
1611 337
1612 368
1613 390
1614 340
1615 347
1616 377
1617 382
1618 372
1619 353
1620 352
1621 371
1622 365
1623 355
1624 329
1625 383
1626 354
1627 320
1628 371
1629 326
1630 351
1631 356
1632 375
1633 375
1634 355
1635 324
1636 373
1637 363
1638 376
1639 345
1640 329
1641 371
1642 346
1643 345
1644 362
1645 354
1646 315
1647 369
1648 328
1649 350
1650 360
1651 342
1652 348
1653 338
1654 342
1655 335
1656 340
1657 357
1658 339
1659 339
1660 355
1661 351
1662 313
1663 328
1664 316
1665 340
1666 315
1667 308
1668 345
1669 295
1670 350
1671 322
1672 351
1673 337
1674 275
1675 322
1676 345
1677 360
1678 310
1679 334
1680 315
1681 349
1682 318
1683 317
1684 319
1685 342
1686 321
1687 325
1688 293
1689 333
1690 339
1691 302
1692 312
1693 341
1694 337
1695 333
1696 272
1697 323
1698 307
1699 334
1700 310
1701 336
1702 304
1703 309
1704 356
1705 338
1706 285
1707 330
1708 324
1709 328
1710 320
1711 342
1712 311
1713 332
1714 304
1715 298
1716 337
1717 304
1718 288
1719 310
1720 320
1721 291
1722 305
1723 315
1724 318
1725 335
1726 293
1727 321
1728 341
1729 335
1730 327
1731 315
1732 344
1733 300
1734 287
1735 322
1736 324
1737 305
1738 335
1739 301
1740 280
1741 305
1742 328
1743 305
1744 326
1745 319
1746 297
1747 320
1748 327
1749 283
1750 296
1751 339
1752 323
1753 297
1754 297
1755 295
1756 287
1757 333
1758 297
1759 292
1760 304
1761 292
1762 281
1763 304
1764 296
1765 298
1766 280
1767 287
1768 292
1769 287
1770 296
1771 287
1772 306
1773 280
1774 276
1775 274
1776 307
1777 290
1778 310
1779 265
1780 288
1781 311
1782 278
1783 293
1784 278
1785 262
1786 281
1787 303
1788 293
1789 309
1790 279
1791 282
1792 281
1793 311
1794 274
1795 267
1796 284
1797 322
1798 292
1799 308
1800 262
1801 278
1802 281
1803 285
1804 281
1805 329
1806 310
1807 260
1808 302
1809 276
1810 331
1811 294
1812 284
1813 311
1814 294
1815 250
1816 272
1817 260
1818 270
1819 282
1820 283
1821 272
1822 268
1823 282
1824 279
1825 265
1826 262
1827 251
1828 268
1829 286
1830 305
1831 290
1832 301
1833 260
1834 271
1835 291
1836 273
1837 284
1838 238
1839 266
1840 238
1841 257
1842 310
1843 273
1844 266
1845 244
1846 293
1847 250
1848 274
1849 261
1850 271
1851 266
1852 295
1853 263
1854 271
1855 272
1856 291
1857 283
1858 245
1859 263
1860 293
1861 294
1862 264
1863 272
1864 276
1865 249
1866 251
1867 275
1868 282
1869 272
1870 292
1871 246
1872 289
1873 251
1874 251
1875 267
1876 272
1877 226
1878 280
1879 247
1880 262
1881 266
1882 246
1883 286
1884 286
1885 255
1886 264
1887 244
1888 258
1889 250
1890 276
1891 255
1892 243
1893 287
1894 220
1895 246
1896 285
1897 261
1898 252
1899 265
1900 249
1901 290
1902 264
1903 252
1904 276
1905 280
1906 231
1907 268
1908 226
1909 260
1910 272
1911 243
1912 240
1913 267
1914 245
1915 265
1916 238
1917 249
1918 246
1919 252
1920 276
1921 230
1922 277
1923 257
1924 244
1925 194
1926 221
1927 229
1928 265
1929 266
1930 264
1931 268
1932 229
1933 252
1934 260
1935 232
1936 246
1937 242
1938 251
1939 239
1940 228
1941 261
1942 246
1943 259
1944 249
1945 238
1946 246
1947 256
1948 241
1949 251
1950 215
1951 214
1952 265
1953 249
1954 235
1955 237
1956 226
1957 232
1958 251
1959 225
1960 241
1961 238
1962 216
1963 258
1964 263
1965 238
1966 247
1967 253
1968 265
1969 235
1970 243
1971 199
1972 234
1973 237
1974 243
1975 229
1976 233
1977 247
1978 243
1979 253
1980 204
1981 232
1982 232
1983 242
1984 221
1985 234
1986 216
1987 252
1988 241
1989 249
1990 257
1991 223
1992 216
1993 239
1994 222
1995 251
1996 215
1997 219
1998 236
1999 240
2000 224
2001 225
2002 224
2003 197
2004 259
2005 209
2006 213
2007 224
2008 188
2009 244
2010 216
2011 218
2012 229
2013 246
2014 208
2015 238
2016 215
2017 253
2018 221
2019 214
2020 222
2021 227
2022 233
2023 228
2024 210
2025 224
2026 229
2027 227
2028 201
2029 219
2030 225
2031 205
2032 223
2033 219
2034 236
2035 214
2036 227
2037 244
2038 228
2039 225
2040 233
2041 243
2042 210
2043 227
2044 231
2045 212
2046 200
2047 219
2048 229
2049 202
2050 231
2051 205
2052 217
2053 205
2054 241
2055 221
2056 224
2057 215
2058 212
2059 238
2060 240
2061 212
2062 216
2063 201
2064 216
2065 209
2066 204
2067 238
2068 198
2069 215
2070 214
2071 219
2072 211
2073 237
2074 222
2075 217
2076 210
2077 197
2078 210
2079 201
2080 220
2081 213
2082 235
2083 209
2084 248
2085 190
2086 193
2087 248
2088 197
2089 226
2090 210
2091 200
2092 215
2093 238
2094 226
2095 215
2096 184
2097 190
2098 194
2099 258
2100 206
2101 206
2102 225
2103 203
2104 216
2105 213
2106 185
2107 205
2108 202
2109 210
2110 217
2111 232
2112 215
2113 204
2114 206
2115 221
2116 202
2117 210
2118 201
2119 192
2120 207
2121 212
2122 213
2123 198
2124 224
2125 200
2126 184
2127 213
2128 233
2129 232
2130 219
2131 197
2132 197
2133 192
2134 216
2135 218
2136 219
2137 218
2138 206
2139 224
2140 202
2141 191
2142 208
2143 216
2144 207
2145 204
2146 219
2147 185
2148 217
2149 216
2150 197
2151 211
2152 209
2153 183
2154 215
2155 187
2156 197
2157 224
2158 196
2159 219
2160 201
2161 190
2162 176
2163 187
2164 241
2165 205
2166 171
2167 209
2168 183
2169 216
2170 200
2171 205
2172 188
2173 226
2174 178
2175 209
2176 236
2177 205
2178 207
2179 218
2180 190
2181 196
2182 218
2183 216
2184 203
2185 215
2186 176
2187 176
2188 188
2189 218
2190 217
2191 188
2192 209
2193 205
2194 195
2195 196
2196 183
2197 193
2198 213
2199 195
2200 184
2201 202
2202 205
2203 206
2204 186
2205 189
2206 181
2207 200
2208 167
2209 165
2210 165
2211 177
2212 190
2213 183
2214 193
2215 205
2216 195
2217 172
2218 177
2219 191
2220 198
2221 181
2222 204
2223 183
2224 190
2225 174
2226 200
2227 184
2228 175
2229 198
2230 163
2231 193
2232 190
2233 188
2234 169
2235 219
2236 198
2237 187
2238 182
2239 191
2240 171
2241 179
2242 199
2243 179
2244 179
2245 151
2246 161
2247 191
2248 193
2249 171
2250 207
2251 187
2252 190
2253 175
2254 211
2255 163
2256 187
2257 193
2258 170
2259 183
2260 187
2261 174
2262 191
2263 184
2264 185
2265 183
2266 187
2267 200
2268 181
2269 174
2270 166
2271 162
2272 194
2273 205
2274 199
2275 174
2276 170
2277 185
2278 164
2279 202
2280 176
2281 186
2282 177
2283 188
2284 181
2285 191
2286 184
2287 207
2288 183
2289 180
2290 189
2291 209
2292 199
2293 170
2294 179
2295 173
2296 187
2297 170
2298 192
2299 165
2300 181
2301 162
2302 195
2303 168
2304 183
2305 147
2306 199
2307 146
2308 177
2309 173
2310 188
2311 168
2312 200
2313 178
2314 197
2315 180
2316 190
2317 186
2318 171
2319 177
2320 164
2321 167
2322 172
2323 203
2324 182
2325 168
2326 190
2327 184
2328 175
2329 171
2330 150
2331 148
2332 181
2333 167
2334 175
2335 162
2336 182
2337 170
2338 178
2339 146
2340 162
2341 174
2342 150
2343 169
2344 125
2345 168
2346 173
2347 161
2348 189
2349 185
2350 153
2351 161
2352 154
2353 166
2354 187
2355 178
2356 183
2357 176
2358 185
2359 161
2360 177
2361 163
2362 186
2363 164
2364 164
2365 187
2366 189
2367 198
2368 171
2369 169
2370 173
2371 162
2372 188
2373 142
2374 180
2375 156
2376 167
2377 165
2378 178
2379 166
2380 128
2381 175
2382 171
2383 160
2384 159
2385 178
2386 162
2387 144
2388 164
2389 170
2390 172
2391 162
2392 154
2393 159
2394 174
2395 171
2396 163
2397 174
2398 170
2399 145
2400 161
2401 166
2402 152
2403 154
2404 150
2405 128
2406 170
2407 174
2408 162
2409 142
2410 161
2411 185
2412 135
2413 152
2414 166
2415 163
2416 151
2417 159
2418 160
2419 162
2420 158
2421 160
2422 146
2423 160
2424 173
2425 131
2426 176
2427 163
2428 164
2429 173
2430 144
2431 120
2432 161
2433 157
2434 174
2435 181
2436 164
2437 164
2438 141
2439 161
2440 154
2441 151
2442 153
2443 142
2444 147
2445 156
2446 151
2447 116
2448 156
2449 131
2450 149
2451 139
2452 165
2453 148
2454 126
2455 137
2456 159
2457 172
2458 150
2459 167
2460 176
2461 139
2462 161
2463 156
2464 163
2465 133
2466 162
2467 159
2468 163
2469 161
2470 157
2471 144
2472 154
2473 162
2474 147
2475 155
2476 161
2477 161
2478 169
2479 167
2480 159
2481 141
2482 155
2483 137
2484 140
2485 163
2486 134
2487 156
2488 163
2489 154
2490 154
2491 138
2492 142
2493 163
2494 166
2495 137
2496 127
2497 173
2498 137
2499 144
2500 158
2501 137
2502 148
2503 128
2504 139
2505 146
2506 158
2507 143
2508 128
2509 134
2510 161
2511 147
2512 154
2513 154
2514 160
2515 137
2516 159
2517 126
2518 124
2519 127
2520 149
2521 163
2522 134
2523 144
2524 141
2525 148
2526 163
2527 137
2528 150
2529 162
2530 146
2531 119
2532 130
2533 153
2534 127
2535 137
2536 162
2537 151
2538 149
2539 153
2540 144
2541 141
2542 144
2543 150
2544 147
2545 153
2546 137
2547 132
2548 150
2549 153
2550 135
2551 153
2552 148
2553 134
2554 147
2555 146
2556 136
2557 146
2558 141
2559 158
2560 151
2561 142
2562 129
2563 131
2564 132
2565 133
2566 131
2567 141
2568 151
2569 156
2570 140
2571 140
2572 135
2573 146
2574 137
2575 137
2576 147
2577 134
2578 167
2579 152
2580 169
2581 143
2582 137
2583 157
2584 116
2585 128
2586 133
2587 143
2588 140
2589 154
2590 138
2591 158
2592 139
2593 136
2594 155
2595 147
2596 140
2597 122
2598 131
2599 137
2600 146
2601 136
2602 155
2603 154
2604 144
2605 141
2606 124
2607 169
2608 164
2609 130
2610 116
2611 133
2612 156
2613 130
2614 135
2615 122
2616 144
2617 124
2618 133
2619 125
2620 128
2621 134
2622 140
2623 128
2624 133
2625 139
2626 122
2627 137
2628 146
2629 143
2630 154
2631 148
2632 132
2633 141
2634 137
2635 157
2636 140
2637 141
2638 113
2639 133
2640 123
2641 147
2642 144
2643 133
2644 141
2645 147
2646 157
2647 107
2648 126
2649 136
2650 140
2651 123
2652 120
2653 119
2654 145
2655 118
2656 125
2657 136
2658 144
2659 158
2660 128
2661 115
2662 122
2663 146
2664 132
2665 139
2666 134
2667 144
2668 137
2669 114
2670 156
2671 127
2672 100
2673 132
2674 120
2675 142
2676 135
2677 144
2678 122
2679 120
2680 135
2681 127
2682 126
2683 141
2684 125
2685 120
2686 106
2687 130
2688 124
2689 116
2690 126
2691 146
2692 120
2693 144
2694 139
2695 121
2696 154
2697 142
2698 118
2699 132
2700 147
2701 131
2702 120
2703 118
2704 130
2705 148
2706 127
2707 124
2708 121
2709 140
2710 127
2711 125
2712 132
2713 127
2714 129
2715 116
2716 145
2717 123
2718 141
2719 131
2720 113
2721 115
2722 117
2723 118
2724 125
2725 120
2726 112
2727 117
2728 129
2729 105
2730 146
2731 137
2732 118
2733 135
2734 137
2735 119
2736 109
2737 136
2738 127
2739 131
2740 126
2741 143
2742 134
2743 126
2744 112
2745 118
2746 123
2747 112
2748 126
2749 120
2750 124
2751 121
2752 116
2753 112
2754 141
2755 110
2756 119
2757 122
2758 146
2759 117
2760 121
2761 123
2762 109
2763 122
2764 131
2765 129
2766 118
2767 125
2768 121
2769 118
2770 104
2771 129
2772 120
2773 109
2774 110
2775 114
2776 127
2777 134
2778 151
2779 118
2780 118
2781 105
2782 136
2783 125
2784 113
2785 133
2786 112
2787 139
2788 127
2789 114
2790 111
2791 104
2792 126
2793 127
2794 120
2795 112
2796 137
2797 126
2798 136
2799 114
2800 137
2801 132
2802 130
2803 128
2804 122
2805 131
2806 118
2807 129
2808 138
2809 113
2810 110
2811 118
2812 110
2813 146
2814 123
2815 116
2816 121
2817 116
2818 126
2819 104
2820 121
2821 127
2822 121
2823 127
2824 140
2825 121
2826 114
2827 123
2828 135
2829 124
2830 145
2831 120
2832 129
2833 123
2834 123
2835 101
2836 112
2837 125
2838 115
2839 111
2840 111
2841 113
2842 121
2843 118
2844 109
2845 117
2846 129
2847 139
2848 115
2849 109
2850 122
2851 124
2852 114
2853 107
2854 98
2855 118
2856 120
2857 115
2858 129
2859 130
2860 121
2861 125
2862 113
2863 114
2864 107
2865 110
2866 113
2867 119
2868 130
2869 120
2870 119
2871 128
2872 118
2873 125
2874 115
2875 127
2876 92
2877 131
2878 117
2879 108
2880 107
2881 138
2882 113
2883 112
2884 107
2885 141
2886 113
2887 114
2888 111
2889 111
2890 145
2891 133
2892 131
2893 98
2894 119
2895 97
2896 138
2897 108
2898 95
2899 125
2900 93
2901 142
2902 132
2903 99
2904 121
2905 127
2906 104
2907 115
2908 130
2909 138
2910 138
2911 127
2912 122
2913 129
2914 118
2915 115
2916 107
2917 124
2918 126
2919 107
2920 119
2921 112
2922 133
2923 131
2924 110
2925 125
2926 113
2927 138
2928 96
2929 111
2930 120
2931 122
2932 129
2933 101
2934 100
2935 107
2936 132
2937 119
2938 135
2939 111
2940 105
2941 114
2942 102
2943 99
2944 123
2945 108
2946 116
2947 131
2948 116
2949 105
2950 90
2951 105
2952 111
2953 107
2954 96
2955 103
2956 85
2957 124
2958 120
2959 111
2960 105
2961 102
2962 112
2963 106
2964 92
2965 86
2966 115
2967 94
2968 113
2969 121
2970 105
2971 122
2972 99
2973 108
2974 117
2975 114
2976 124
2977 106
2978 121
2979 114
2980 111
2981 105
2982 108
2983 116
2984 114
2985 115
2986 126
2987 97
2988 122
2989 102
2990 113
2991 106
2992 117
2993 95
2994 104
2995 108
2996 109
2997 117
2998 118
2999 108
3000 111
3001 106
3002 104
3003 101
3004 108
3005 95
3006 110
3007 104
3008 125
3009 96
3010 109
3011 111
3012 106
3013 109
3014 102
3015 92
3016 112
3017 102
3018 125
3019 102
3020 92
3021 92
3022 108
3023 117
3024 102
3025 112
3026 97
3027 112
3028 92
3029 105
3030 97
3031 98
3032 105
3033 120
3034 133
3035 106
3036 109
3037 108
3038 99
3039 106
3040 94
3041 108
3042 109
3043 102
3044 114
3045 111
3046 97
3047 104
3048 101
3049 119
3050 102
3051 115
3052 105
3053 99
3054 111
3055 112
3056 116
3057 115
3058 101
3059 97
3060 109
3061 113
3062 104
3063 102
3064 106
3065 93
3066 77
3067 102
3068 105
3069 95
3070 100
3071 109
3072 91
3073 93
3074 111
3075 92
3076 91
3077 113
3078 111
3079 87
3080 125
3081 90
3082 107
3083 99
3084 123
3085 112
3086 108
3087 92
3088 97
3089 115
3090 83
3091 102
3092 107
3093 106
3094 105
3095 100
3096 106
3097 94
3098 89
3099 108
3100 113
3101 98
3102 89
3103 92
3104 83
3105 104
3106 108
3107 93
3108 120
3109 93
3110 99
3111 87
3112 101
3113 119
3114 90
3115 111
3116 116
3117 113
3118 83
3119 103
3120 87
3121 99
3122 91
3123 103
3124 84
3125 111
3126 112
3127 104
3128 86
3129 113
3130 105
3131 90
3132 109
3133 82
3134 103
3135 103
3136 119
3137 118
3138 116
3139 104
3140 109
3141 98
3142 92
3143 95
3144 76
3145 120
3146 95
3147 87
3148 102
3149 110
3150 92
3151 104
3152 86
3153 97
3154 108
3155 92
3156 93
3157 79
3158 104
3159 91
3160 107
3161 82
3162 96
3163 95
3164 99
3165 95
3166 97
3167 104
3168 93
3169 100
3170 108
3171 107
3172 120
3173 84
3174 112
3175 100
3176 85
3177 93
3178 99
3179 121
3180 98
3181 96
3182 102
3183 102
3184 85
3185 104
3186 98
3187 105
3188 98
3189 95
3190 94
3191 77
3192 102
3193 102
3194 105
3195 97
3196 101
3197 88
3198 101
3199 109
3200 91
3201 88
3202 101
3203 75
3204 81
3205 103
3206 100
3207 100
3208 94
3209 92
3210 70
3211 98
3212 91
3213 93
3214 89
3215 91
3216 111
3217 94
3218 93
3219 96
3220 94
3221 87
3222 80
3223 88
3224 86
3225 80
3226 86
3227 90
3228 107
3229 68
3230 83
3231 86
3232 78
3233 96
3234 107
3235 91
3236 103
3237 109
3238 91
3239 104
3240 106
3241 83
3242 107
3243 88
3244 87
3245 103
3246 107
3247 86
3248 112
3249 93
3250 76
3251 105
3252 92
3253 95
3254 96
3255 95
3256 81
3257 77
3258 94
3259 103
3260 88
3261 96
3262 93
3263 82
3264 86
3265 98
3266 78
3267 99
3268 92
3269 78
3270 71
3271 80
3272 106
3273 98
3274 92
3275 89
3276 90
3277 80
3278 85
3279 71
3280 100
3281 100
3282 93
3283 79
3284 89
3285 92
3286 91
3287 89
3288 89
3289 88
3290 92
3291 94
3292 96
3293 78
3294 102
3295 84
3296 68
3297 83
3298 87
3299 88
3300 93
3301 86
3302 99
3303 91
3304 87
3305 87
3306 112
3307 84
3308 78
3309 79
3310 77
3311 82
3312 84
3313 91
3314 84
3315 83
3316 91
3317 76
3318 75
3319 82
3320 83
3321 82
3322 86
3323 68
3324 89
3325 78
3326 76
3327 87
3328 98
3329 97
3330 83
3331 101
3332 83
3333 98
3334 69
3335 84
3336 103
3337 101
3338 84
3339 80
3340 94
3341 82
3342 92
3343 85
3344 68
3345 95
3346 99
3347 98
3348 80
3349 76
3350 91
3351 85
3352 66
3353 72
3354 81
3355 74
3356 74
3357 76
3358 85
3359 85
3360 69
3361 67
3362 85
3363 77
3364 72
3365 71
3366 70
3367 89
3368 72
3369 86
3370 92
3371 91
3372 83
3373 74
3374 64
3375 80
3376 70
3377 68
3378 77
3379 79
3380 77
3381 79
3382 78
3383 95
3384 84
3385 74
3386 77
3387 68
3388 68
3389 79
3390 68
3391 88
3392 72
3393 93
3394 86
3395 91
3396 98
3397 87
3398 80
3399 67
3400 72
3401 92
3402 67
3403 91
3404 67
3405 74
3406 68
3407 82
3408 73
3409 93
3410 84
3411 68
3412 73
3413 98
3414 64
3415 85
3416 94
3417 83
3418 68
3419 51
3420 75
3421 77
3422 81
3423 80
3424 69
3425 67
3426 66
3427 78
3428 85
3429 82
3430 84
3431 87
3432 55
3433 75
3434 92
3435 62
3436 76
3437 78
3438 74
3439 66
3440 76
3441 80
3442 74
3443 88
3444 85
3445 84
3446 79
3447 82
3448 95
3449 83
3450 81
3451 68
3452 84
3453 85
3454 83
3455 77
3456 81
3457 79
3458 93
3459 74
3460 76
3461 77
3462 78
3463 76
3464 76
3465 90
3466 73
3467 70
3468 72
3469 72
3470 66
3471 62
3472 83
3473 77
3474 70
3475 67
3476 89
3477 75
3478 92
3479 74
3480 80
3481 67
3482 82
3483 82
3484 58
3485 66
3486 59
3487 65
3488 73
3489 81
3490 77
3491 80
3492 83
3493 82
3494 76
3495 89
3496 60
3497 67
3498 96
3499 69
3500 58
3501 73
3502 72
3503 75
3504 76
3505 70
3506 84
3507 76
3508 66
3509 65
3510 76
3511 76
3512 79
3513 78
3514 93
3515 62
3516 66
3517 68
3518 79
3519 76
3520 69
3521 79
3522 75
3523 68
3524 76
3525 66
3526 73
3527 64
3528 69
3529 77
3530 65
3531 67
3532 74
3533 81
3534 70
3535 68
3536 75
3537 70
3538 60
3539 64
3540 54
3541 73
3542 70
3543 72
3544 93
3545 69
3546 61
3547 86
3548 73
3549 52
3550 67
3551 66
3552 74
3553 71
3554 74
3555 72
3556 69
3557 53
3558 65
3559 71
3560 76
3561 64
3562 80
3563 82
3564 70
3565 72
3566 71
3567 62
3568 93
3569 75
3570 77
3571 70
3572 67
3573 70
3574 66
3575 72
3576 75
3577 65
3578 62
3579 70
3580 67
3581 57
3582 86
3583 63
3584 66
3585 77
3586 71
3587 52
3588 59
3589 77
3590 65
3591 55
3592 74
3593 66
3594 71
3595 65
3596 64
3597 69
3598 59
3599 71
3600 73
3601 77
3602 80
3603 90
3604 69
3605 62
3606 84
3607 75
3608 73
3609 74
3610 52
3611 71
3612 63
3613 69
3614 70
3615 68
3616 80
3617 60
3618 83
3619 74
3620 68
3621 63
3622 64
3623 66
3624 76
3625 66
3626 72
3627 70
3628 63
3629 67
3630 75
3631 80
3632 58
3633 64
3634 68
3635 64
3636 65
3637 68
3638 64
3639 77
3640 61
3641 66
3642 85
3643 68
3644 73
3645 76
3646 69
3647 69
3648 61
3649 62
3650 70
3651 60
3652 62
3653 57
3654 57
3655 75
3656 57
3657 57
3658 72
3659 54
3660 53
3661 58
3662 63
3663 63
3664 66
3665 69
3666 69
3667 70
3668 70
3669 53
3670 62
3671 58
3672 68
3673 64
3674 61
3675 81
3676 68
3677 62
3678 59
3679 73
3680 70
3681 65
3682 83
3683 74
3684 55
3685 58
3686 52
3687 55
3688 65
3689 69
3690 66
3691 58
3692 57
3693 75
3694 58
3695 60
3696 79
3697 78
3698 59
3699 65
3700 71
3701 51
3702 65
3703 72
3704 44
3705 58
3706 73
3707 70
3708 64
3709 54
3710 74
3711 68
3712 55
3713 61
3714 55
3715 79
3716 71
3717 56
3718 68
3719 78
3720 63
3721 67
3722 82
3723 58
3724 61
3725 73
3726 66
3727 70
3728 73
3729 74
3730 62
3731 65
3732 61
3733 62
3734 72
3735 69
3736 60
3737 51
3738 53
3739 67
3740 83
3741 59
3742 57
3743 52
3744 61
3745 64
3746 67
3747 65
3748 51
3749 48
3750 66
3751 59
3752 59
3753 64
3754 64
3755 45
3756 71
3757 60
3758 57
3759 70
3760 61
3761 54
3762 61
3763 70
3764 83
3765 84
3766 54
3767 67
3768 66
3769 54
3770 61
3771 75
3772 69
3773 73
3774 67
3775 58
3776 52
3777 65
3778 65
3779 67
3780 52
3781 51
3782 74
3783 60
3784 59
3785 62
3786 53
3787 63
3788 47
3789 77
3790 56
3791 55
3792 49
3793 41
3794 66
3795 72
3796 65
3797 50
3798 72
3799 57
3800 55
3801 61
3802 60
3803 48
3804 58
3805 70
3806 62
3807 59
3808 64
3809 56
3810 66
3811 66
3812 51
3813 51
3814 66
3815 65
3816 59
3817 62
3818 64
3819 66
3820 61
3821 53
3822 63
3823 73
3824 63
3825 68
3826 56
3827 68
3828 57
3829 66
3830 73
3831 57
3832 62
3833 49
3834 56
3835 56
3836 47
3837 57
3838 69
3839 49
3840 59
3841 63
3842 52
3843 61
3844 63
3845 47
3846 57
3847 73
3848 60
3849 67
3850 50
3851 66
3852 60
3853 64
3854 53
3855 55
3856 51
3857 50
3858 38
3859 67
3860 52
3861 56
3862 52
3863 54
3864 45
3865 52
3866 53
3867 74
3868 69
3869 56
3870 49
3871 68
3872 47
3873 65
3874 66
3875 56
3876 60
3877 55
3878 63
3879 68
3880 52
3881 61
3882 67
3883 59
3884 40
3885 56
3886 53
3887 61
3888 58
3889 65
3890 51
3891 59
3892 61
3893 62
3894 50
3895 59
3896 51
3897 64
3898 47
3899 51
3900 36
3901 60
3902 56
3903 48
3904 61
3905 61
3906 48
3907 52
3908 67
3909 54
3910 55
3911 71
3912 53
3913 55
3914 46
3915 56
3916 49
3917 51
3918 58
3919 41
3920 59
3921 58
3922 51
3923 66
3924 49
3925 53
3926 52
3927 47
3928 62
3929 54
3930 52
3931 68
3932 64
3933 55
3934 40
3935 52
3936 46
3937 66
3938 44
3939 39
3940 49
3941 59
3942 61
3943 63
3944 49
3945 55
3946 58
3947 56
3948 42
3949 54
3950 54
3951 48
3952 47
3953 46
3954 57
3955 57
3956 51
3957 49
3958 68
3959 48
3960 52
3961 44
3962 60
3963 56
3964 54
3965 57
3966 43
3967 47
3968 48
3969 48
3970 58
3971 48
3972 61
3973 61
3974 47
3975 42
3976 53
3977 67
3978 57
3979 50
3980 60
3981 61
3982 46
3983 42
3984 53
3985 62
3986 50
3987 65
3988 36
3989 50
3990 38
3991 63
3992 39
3993 55
3994 45
3995 71
3996 69
3997 36
3998 55
3999 41
4000 53
4001 46
4002 59
4003 47
4004 62
4005 61
4006 54
4007 54
4008 46
4009 36
4010 57
4011 52
4012 45
4013 64
4014 51
4015 53
4016 55
4017 73
4018 63
4019 52
4020 52
4021 49
4022 53
4023 54
4024 68
4025 41
4026 47
4027 71
4028 57
4029 57
4030 59
4031 64
4032 47
4033 56
4034 43
4035 39
4036 67
4037 64
4038 61
4039 61
4040 48
4041 48
4042 54
4043 63
4044 59
4045 61
4046 54
4047 49
4048 58
4049 69
4050 57
4051 52
4052 63
4053 48
4054 49
4055 50
4056 42
4057 46
4058 42
4059 54
4060 48
4061 50
4062 41
4063 54
4064 52
4065 44
4066 58
4067 37
4068 62
4069 51
4070 57
4071 54
4072 52
4073 52
4074 40
4075 50
4076 53
4077 43
4078 53
4079 57
4080 60
4081 43
4082 43
4083 46
4084 45
4085 56
4086 64
4087 46
4088 40
4089 50
4090 55
4091 48
4092 65
4093 50
4094 57
4095 48
4096 70
4097 50
4098 46
4099 61
4100 56
4101 48
4102 53
4103 57
4104 54
4105 44
4106 56
4107 43
4108 49
4109 47
4110 49
4111 61
4112 49
4113 47
4114 54
4115 59
4116 64
4117 51
4118 46
4119 47
4120 51
4121 52
4122 60
4123 52
4124 60
4125 50
4126 62
4127 55
4128 47
4129 62
4130 52
4131 58
4132 54
4133 60
4134 51
4135 50
4136 47
4137 38
4138 46
4139 54
4140 58
4141 61
4142 56
4143 54
4144 55
4145 57
4146 58
4147 41
4148 54
4149 40
4150 57
4151 52
4152 49
4153 52
4154 48
4155 61
4156 54
4157 51
4158 45
4159 46
4160 42
4161 40
4162 53
4163 44
4164 34
4165 45
4166 60
4167 53
4168 47
4169 39
4170 48
4171 58
4172 47
4173 54
4174 46
4175 44
4176 46
4177 51
4178 44
4179 40
4180 55
4181 40
4182 44
4183 60
4184 39
4185 50
4186 47
4187 50
4188 47
4189 54
4190 48
4191 52
4192 38
4193 55
4194 39
4195 42
4196 58
4197 40
4198 54
4199 50
4200 56
4201 49
4202 51
4203 39
4204 39
4205 38
4206 36
4207 46
4208 50
4209 64
4210 36
4211 55
4212 48
4213 46
4214 52
4215 52
4216 43
4217 36
4218 52
4219 43
4220 49
4221 47
4222 53
4223 37
4224 48
4225 50
4226 44
4227 37
4228 57
4229 59
4230 39
4231 65
4232 44
4233 48
4234 58
4235 35
4236 57
4237 50
4238 49
4239 40
4240 40
4241 52
4242 43
4243 47
4244 46
4245 52
4246 34
4247 37
4248 40
4249 57
4250 75
4251 39
4252 47
4253 54
4254 40
4255 40
4256 54
4257 40
4258 49
4259 52
4260 52
4261 40
4262 41
4263 46
4264 45
4265 53
4266 30
4267 48
4268 37
4269 57
4270 44
4271 53
4272 53
4273 39
4274 38
4275 37
4276 46
4277 34
4278 54
4279 57
4280 52
4281 42
4282 41
4283 49
4284 44
4285 50
4286 45
4287 46
4288 48
4289 39
4290 51
4291 63
4292 60
4293 41
4294 45
4295 38
4296 45
4297 45
4298 44
4299 56
4300 48
4301 52
4302 43
4303 36
4304 37
4305 43
4306 43
4307 40
4308 50
4309 48
4310 60
4311 42
4312 52
4313 50
4314 50
4315 36
4316 43
4317 51
4318 60
4319 37
4320 47
4321 46
4322 50
4323 52
4324 45
4325 37
4326 47
4327 51
4328 46
4329 54
4330 47
4331 53
4332 45
4333 47
4334 53
4335 36
4336 56
4337 45
4338 40
4339 57
4340 42
4341 43
4342 41
4343 48
4344 42
4345 37
4346 40
4347 48
4348 61
4349 43
4350 40
4351 40
4352 45
4353 40
4354 38
4355 52
4356 44
4357 41
4358 35
4359 55
4360 43
4361 48
4362 41
4363 46
4364 41
4365 30
4366 45
4367 50
4368 58
4369 45
4370 52
4371 45
4372 51
4373 37
4374 47
4375 40
4376 46
4377 33
4378 41
4379 37
4380 45
4381 47
4382 37
4383 42
4384 42
4385 42
4386 48
4387 37
4388 40
4389 45
4390 33
4391 52
4392 40
4393 37
4394 44
4395 43
4396 50
4397 34
4398 41
4399 41
4400 46
4401 42
4402 43
4403 40
4404 46
4405 39
4406 51
4407 47
4408 47
4409 45
4410 54
4411 39
4412 47
4413 66
4414 36
4415 43
4416 38
4417 51
4418 41
4419 44
4420 43
4421 42
4422 46
4423 42
4424 50
4425 30
4426 56
4427 41
4428 47
4429 37
4430 35
4431 41
4432 63
4433 49
4434 25
4435 34
4436 49
4437 33
4438 35
4439 48
4440 46
4441 62
4442 31
4443 38
4444 43
4445 28
4446 46
4447 46
4448 45
4449 33
4450 48
4451 40
4452 36
4453 37
4454 52
4455 40
4456 58
4457 42
4458 40
4459 34
4460 46
4461 44
4462 56
4463 44
4464 37
4465 42
4466 42
4467 44
4468 46
4469 33
4470 42
4471 42
4472 42
4473 37
4474 43
4475 28
4476 39
4477 50
4478 32
4479 51
4480 51
4481 35
4482 42
4483 32
4484 39
4485 43
4486 37
4487 38
4488 33
4489 33
4490 43
4491 40
4492 38
4493 31
4494 29
4495 38
4496 36
4497 43
4498 36
4499 49
4500 45
4501 41
4502 51
4503 49
4504 50
4505 39
4506 42
4507 51
4508 42
4509 46
4510 31
4511 33
4512 37
4513 33
4514 29
4515 29
4516 51
4517 37
4518 41
4519 39
4520 45
4521 37
4522 45
4523 33
4524 45
4525 42
4526 49
4527 39
4528 39
4529 46
4530 40
4531 47
4532 40
4533 42
4534 28
4535 41
4536 44
4537 31
4538 50
4539 35
4540 33
4541 37
4542 39
4543 43
4544 42
4545 32
4546 34
4547 36
4548 45
4549 48
4550 43
4551 33
4552 26
4553 40
4554 49
4555 39
4556 32
4557 45
4558 39
4559 38
4560 47
4561 42
4562 44
4563 39
4564 42
4565 36
4566 44
4567 49
4568 57
4569 43
4570 33
4571 32
4572 39
4573 33
4574 51
4575 46
4576 40
4577 35
4578 40
4579 38
4580 42
4581 35
4582 45
4583 41
4584 35
4585 37
4586 44
4587 37
4588 36
4589 47
4590 47
4591 40
4592 31
4593 40
4594 38
4595 33
4596 39
4597 29
4598 24
4599 39
4600 39
4601 37
4602 35
4603 39
4604 43
4605 43
4606 27
4607 39
4608 38
4609 44
4610 25
4611 38
4612 43
4613 36
4614 44
4615 36
4616 27
4617 44
4618 30
4619 39
4620 33
4621 35
4622 32
4623 51
4624 37
4625 36
4626 32
4627 31
4628 42
4629 41
4630 34
4631 52
4632 28
4633 35
4634 39
4635 42
4636 42
4637 50
4638 38
4639 42
4640 40
4641 30
4642 39
4643 37
4644 38
4645 33
4646 42
4647 40
4648 39
4649 36
4650 31
4651 39
4652 43
4653 42
4654 35
4655 40
4656 49
4657 30
4658 29
4659 38
4660 43
4661 41
4662 39
4663 36
4664 46
4665 35
4666 56
4667 39
4668 36
4669 48
4670 44
4671 22
4672 42
4673 37
4674 43
4675 45
4676 40
4677 26
4678 47
4679 32
4680 28
4681 37
4682 47
4683 49
4684 33
4685 46
4686 40
4687 44
4688 44
4689 31
4690 30
4691 36
4692 41
4693 42
4694 35
4695 34
4696 35
4697 51
4698 36
4699 44
4700 40
4701 45
4702 45
4703 46
4704 38
4705 32
4706 34
4707 41
4708 33
4709 36
4710 37
4711 40
4712 46
4713 37
4714 25
4715 26
4716 28
4717 30
4718 48
4719 48
4720 34
4721 31
4722 45
4723 35
4724 30
4725 31
4726 39
4727 50
4728 32
4729 28
4730 43
4731 32
4732 38
4733 30
4734 38
4735 32
4736 34
4737 33
4738 25
4739 32
4740 42
4741 40
4742 43
4743 40
4744 38
4745 44
4746 39
4747 25
4748 46
4749 38
4750 42
4751 39
4752 36
4753 35
4754 36
4755 42
4756 34
4757 40
4758 39
4759 33
4760 49
4761 39
4762 36
4763 32
4764 42
4765 27
4766 35
4767 33
4768 38
4769 28
4770 35
4771 42
4772 33
4773 42
4774 27
4775 35
4776 34
4777 36
4778 33
4779 32
4780 40
4781 44
4782 55
4783 42
4784 23
4785 47
4786 38
4787 34
4788 31
4789 32
4790 46
4791 30
4792 32
4793 30
4794 42
4795 38
4796 37
4797 34
4798 41
4799 31
4800 34
4801 43
4802 43
4803 31
4804 31
4805 27
4806 37
4807 32
4808 34
4809 47
4810 36
4811 21
4812 26
4813 36
4814 36
4815 42
4816 46
4817 34
4818 33
4819 31
4820 28
4821 24
4822 40
4823 52
4824 35
4825 43
4826 34
4827 37
4828 39
4829 38
4830 37
4831 34
4832 39
4833 39
4834 27
4835 28
4836 36
4837 39
4838 38
4839 36
4840 33
4841 37
4842 38
4843 35
4844 28
4845 37
4846 36
4847 39
4848 44
4849 26
4850 35
4851 31
4852 35
4853 33
4854 30
4855 44
4856 43
4857 31
4858 43
4859 25
4860 46
4861 28
4862 28
4863 34
4864 37
4865 26
4866 36
4867 38
4868 39
4869 40
4870 39
4871 31
4872 40
4873 27
4874 32
4875 32
4876 43
4877 28
4878 31
4879 33
4880 24
4881 31
4882 45
4883 40
4884 48
4885 35
4886 40
4887 42
4888 29
4889 46
4890 27
4891 36
4892 30
4893 38
4894 28
4895 35
4896 30
4897 29
4898 38
4899 24
4900 31
4901 31
4902 31
4903 31
4904 37
4905 38
4906 37
4907 31
4908 31
4909 36
4910 27
4911 33
4912 23
4913 39
4914 33
4915 34
4916 24
4917 39
4918 43
4919 29
4920 40
4921 24
4922 36
4923 34
4924 25
4925 32
4926 39
4927 42
4928 27
4929 34
4930 42
4931 38
4932 26
4933 31
4934 39
4935 32
4936 29
4937 35
4938 36
4939 33
4940 33
4941 36
4942 41
4943 37
4944 29
4945 31
4946 31
4947 39
4948 33
4949 40
4950 39
4951 32
4952 32
4953 39
4954 34
4955 42
4956 33
4957 33
4958 25
4959 44
4960 33
4961 45
4962 36
4963 33
4964 30
4965 40
4966 34
4967 39
4968 30
4969 29
4970 35
4971 27
4972 37
4973 37
4974 23
4975 37
4976 24
4977 35
4978 31
4979 49
4980 36
4981 33
4982 44
4983 34
4984 43
4985 28
4986 30
4987 48
4988 26
4989 30
4990 27
4991 30
4992 33
4993 29
4994 31
4995 38
4996 26
4997 34
4998 34
4999 32
5000 36
5001 42
5002 22
5003 36
5004 42
5005 33
5006 36
5007 28
5008 28
5009 27
5010 25
5011 40
5012 38
5013 32
5014 34
5015 36
5016 30
5017 34
5018 35
5019 46
5020 36
5021 34
5022 31
5023 32
5024 31
5025 27
5026 40
5027 29
5028 34
5029 31
5030 28
5031 22
5032 38
5033 33
5034 36
5035 33
5036 36
5037 35
5038 27
5039 32
5040 27
5041 35
5042 29
5043 31
5044 28
5045 35
5046 34
5047 36
5048 30
5049 35
5050 34
5051 21
5052 35
5053 36
5054 29
5055 38
5056 28
5057 30
5058 30
5059 37
5060 30
5061 22
5062 35
5063 29
5064 38
5065 24
5066 29
5067 27
5068 45
5069 44
5070 30
5071 33
5072 33
5073 30
5074 29
5075 24
5076 26
5077 34
5078 31
5079 43
5080 41
5081 33
5082 24
5083 39
5084 32
5085 43
5086 24
5087 23
5088 32
5089 27
5090 38
5091 26
5092 39
5093 30
5094 33
5095 33
5096 39
5097 26
5098 28
5099 39
5100 24
5101 25
5102 33
5103 46
5104 25
5105 32
5106 21
5107 25
5108 40
5109 33
5110 29
5111 35
5112 24
5113 31
5114 36
5115 37
5116 32
5117 27
5118 38
5119 33
5120 33
5121 32
5122 29
5123 27
5124 31
5125 23
5126 33
5127 36
5128 37
5129 29
5130 31
5131 23
5132 24
5133 29
5134 30
5135 32
5136 26
5137 30
5138 25
5139 32
5140 34
5141 25
5142 38
5143 43
5144 33
5145 29
5146 32
5147 27
5148 35
5149 29
5150 28
5151 37
5152 40
5153 22
5154 28
5155 29
5156 30
5157 23
5158 36
5159 28
5160 25
5161 37
5162 35
5163 27
5164 30
5165 24
5166 27
5167 31
5168 23
5169 25
5170 31
5171 28
5172 38
5173 32
5174 31
5175 32
5176 30
5177 30
5178 19
5179 34
5180 28
5181 36
5182 29
5183 46
5184 31
5185 32
5186 21
5187 27
5188 40
5189 29
5190 36
5191 25
5192 29
5193 34
5194 37
5195 36
5196 46
5197 43
5198 34
5199 29
5200 34
5201 26
5202 29
5203 36
5204 27
5205 25
5206 27
5207 36
5208 27
5209 34
5210 32
5211 30
5212 37
5213 26
5214 26
5215 35
5216 34
5217 34
5218 28
5219 33
5220 33
5221 28
5222 36
5223 28
5224 36
5225 51
5226 29
5227 32
5228 35
5229 34
5230 35
5231 34
5232 33
5233 41
5234 25
5235 35
5236 35
5237 29
5238 34
5239 21
5240 32
5241 36
5242 29
5243 25
5244 39
5245 27
5246 36
5247 33
5248 26
5249 27
5250 26
5251 35
5252 31
5253 35
5254 24
5255 21
5256 28
5257 31
5258 30
5259 36
5260 33
5261 25
5262 33
5263 27
5264 35
5265 35
5266 39
5267 33
5268 36
5269 27
5270 26
5271 29
5272 44
5273 24
5274 32
5275 30
5276 27
5277 30
5278 40
5279 30
5280 26
5281 27
5282 28
5283 39
5284 38
5285 30
5286 36
5287 38
5288 34
5289 28
5290 26
5291 41
5292 33
5293 41
5294 38
5295 31
5296 31
5297 33
5298 28
5299 32
5300 23
5301 26
5302 32
5303 23
5304 31
5305 23
5306 24
5307 41
5308 36
5309 34
5310 32
5311 33
5312 30
5313 29
5314 35
5315 28
5316 27
5317 37
5318 39
5319 26
5320 35
5321 34
5322 29
5323 21
5324 29
5325 34
5326 26
5327 24
5328 36
5329 42
5330 26
5331 32
5332 20
5333 35
5334 32
5335 32
5336 30
5337 28
5338 35
5339 44
5340 29
5341 24
5342 31
5343 31
5344 29
5345 25
5346 22
5347 32
5348 26
5349 42
5350 28
5351 29
5352 26
5353 35
5354 25
5355 29
5356 31
5357 28
5358 30
5359 31
5360 35
5361 32
5362 26
5363 28
5364 27
5365 36
5366 29
5367 34
5368 31
5369 22
5370 37
5371 36
5372 34
5373 45
5374 22
5375 18
5376 35
5377 41
5378 30
5379 30
5380 23
5381 22
5382 21
5383 42
5384 29
5385 30
5386 24
5387 32
5388 33
5389 21
5390 29
5391 32
5392 39
5393 32
5394 32
5395 32
5396 41
5397 20
5398 27
5399 24
5400 34
5401 26
5402 36
5403 39
5404 30
5405 25
5406 29
5407 32
5408 30
5409 30
5410 40
5411 40
5412 23
5413 25
5414 40
5415 29
5416 31
5417 40
5418 28
5419 34
5420 31
5421 32
5422 29
5423 25
5424 35
5425 27
5426 25
5427 30
5428 27
5429 31
5430 22
5431 41
5432 32
5433 26
5434 25
5435 37
5436 22
5437 27
5438 28
5439 42
5440 34
5441 32
5442 43
5443 29
5444 26
5445 34
5446 29
5447 30
5448 21
5449 40
5450 38
5451 26
5452 32
5453 35
5454 23
5455 26
5456 33
5457 32
5458 28
5459 19
5460 25
5461 29
5462 31
5463 30
5464 29
5465 29
5466 25
5467 15
5468 24
5469 29
5470 37
5471 38
5472 26
5473 29
5474 24
5475 25
5476 32
5477 31
5478 36
5479 25
5480 26
5481 30
5482 39
5483 25
5484 15
5485 32
5486 32
5487 38
5488 26
5489 23
5490 20
5491 21
5492 31
5493 32
5494 25
5495 34
5496 40
5497 28
5498 35
5499 35
5500 31
5501 29
5502 39
5503 33
5504 26
5505 35
5506 29
5507 35
5508 32
5509 30
5510 33
5511 28
5512 31
5513 24
5514 29
5515 28
5516 24
5517 30
5518 35
5519 30
5520 24
5521 29
5522 32
5523 29
5524 32
5525 22
5526 32
5527 23
5528 27
5529 19
5530 29
5531 29
5532 34
5533 25
5534 35
5535 24
5536 33
5537 30
5538 23
5539 30
5540 29
5541 31
5542 31
5543 34
5544 26
5545 21
5546 26
5547 25
5548 32
5549 29
5550 34
5551 33
5552 28
5553 19
5554 20
5555 28
5556 31
5557 26
5558 27
5559 27
5560 29
5561 32
5562 26
5563 23
5564 25
5565 26
5566 27
5567 29
5568 29
5569 24
5570 23
5571 33
5572 26
5573 25
5574 27
5575 28
5576 21
5577 26
5578 23
5579 25
5580 21
5581 22
5582 23
5583 29
5584 28
5585 20
5586 25
5587 22
5588 25
5589 21
5590 24
5591 27
5592 25
5593 30
5594 38
5595 28
5596 35
5597 28
5598 30
5599 23
5600 29
5601 26
5602 24
5603 22
5604 25
5605 18
5606 30
5607 47
5608 35
5609 35
5610 34
5611 29
5612 21
5613 25
5614 23
5615 21
5616 31
5617 30
5618 21
5619 22
5620 22
5621 24
5622 24
5623 32
5624 20
5625 39
5626 27
5627 26
5628 25
5629 31
5630 24
5631 22
5632 26
5633 26
5634 20
5635 29
5636 24
5637 31
5638 26
5639 23
5640 40
5641 26
5642 25
5643 24
5644 31
5645 25
5646 32
5647 24
5648 32
5649 35
5650 20
5651 10
5652 23
5653 26
5654 29
5655 31
5656 33
5657 27
5658 36
5659 29
5660 28
5661 35
5662 23
5663 33
5664 21
5665 30
5666 37
5667 30
5668 30
5669 24
5670 25
5671 26
5672 31
5673 21
5674 24
5675 15
5676 31
5677 23
5678 29
5679 19
5680 26
5681 34
5682 30
5683 20
5684 28
5685 19
5686 27
5687 26
5688 20
5689 25
5690 19
5691 29
5692 29
5693 23
5694 26
5695 23
5696 25
5697 32
5698 34
5699 26
5700 14
5701 28
5702 29
5703 25
5704 19
5705 25
5706 27
5707 25
5708 25
5709 27
5710 39
5711 27
5712 32
5713 19
5714 22
5715 21
5716 19
5717 25
5718 25
5719 21
5720 22
5721 30
5722 30
5723 19
5724 16
5725 25
5726 25
5727 20
5728 25
5729 28
5730 29
5731 29
5732 30
5733 20
5734 25
5735 22
5736 22
5737 24
5738 31
5739 27
5740 26
5741 44
5742 22
5743 27
5744 29
5745 17
5746 24
5747 21
5748 21
5749 21
5750 24
5751 22
5752 25
5753 34
5754 23
5755 30
5756 29
5757 24
5758 23
5759 32
5760 22
5761 26
5762 24
5763 26
5764 17
5765 14
5766 20
5767 34
5768 22
5769 28
5770 20
5771 35
5772 23
5773 21
5774 29
5775 21
5776 27
5777 30
5778 26
5779 31
5780 25
5781 24
5782 16
5783 25
5784 30
5785 23
5786 19
5787 34
5788 16
5789 25
5790 26
5791 29
5792 18
5793 37
5794 31
5795 35
5796 23
5797 33
5798 24
5799 26
5800 27
5801 22
5802 22
5803 17
5804 23
5805 31
5806 26
5807 27
5808 25
5809 30
5810 29
5811 27
5812 27
5813 26
5814 26
5815 25
5816 33
5817 22
5818 26
5819 24
5820 20
5821 24
5822 19
5823 19
5824 29
5825 20
5826 24
5827 27
5828 23
5829 26
5830 17
5831 23
5832 21
5833 17
5834 27
5835 26
5836 23
5837 20
5838 23
5839 20
5840 20
5841 23
5842 33
5843 29
5844 30
5845 29
5846 20
5847 20
5848 20
5849 25
5850 30
5851 28
5852 20
5853 19
5854 22
5855 26
5856 20
5857 26
5858 21
5859 24
5860 11
5861 28
5862 32
5863 33
5864 17
5865 20
5866 25
5867 28
5868 27
5869 21
5870 15
5871 25
5872 25
5873 19
5874 23
5875 26
5876 24
5877 25
5878 23
5879 27
5880 31
5881 15
5882 22
5883 25
5884 25
5885 20
5886 24
5887 28
5888 21
5889 23
5890 23
5891 20
5892 23
5893 24
5894 22
5895 22
5896 20
5897 17
5898 14
5899 17
5900 37
5901 33
5902 22
5903 18
5904 25
5905 24
5906 18
5907 19
5908 30
5909 22
5910 20
5911 19
5912 23
5913 25
5914 26
5915 31
5916 23
5917 32
5918 19
5919 29
5920 24
5921 16
5922 29
5923 20
5924 24
5925 21
5926 26
5927 23
5928 25
5929 26
5930 24
5931 24
5932 23
5933 28
5934 25
5935 33
5936 22
5937 25
5938 22
5939 17
5940 28
5941 26
5942 19
5943 23
5944 25
5945 30
5946 24
5947 18
5948 25
5949 23
5950 27
5951 20
5952 28
5953 22
5954 23
5955 23
5956 35
5957 31
5958 31
5959 25
5960 31
5961 24
5962 24
5963 19
5964 19
5965 19
5966 26
5967 25
5968 22
5969 16
5970 30
5971 17
5972 16
5973 27
5974 21
5975 17
5976 20
5977 19
5978 18
5979 30
5980 21
5981 25
5982 19
5983 18
5984 31
5985 31
5986 21
5987 22
5988 20
5989 23
5990 22
5991 23
5992 23
5993 23
5994 24
5995 34
5996 27
5997 16
5998 27
5999 25
6000 22
6001 20
6002 17
6003 26
6004 23
6005 29
6006 23
6007 27
6008 19
6009 34
6010 17
6011 29
6012 31
6013 13
6014 25
6015 15
6016 24
6017 28
6018 17
6019 20
6020 15
6021 28
6022 20
6023 23
6024 28
6025 27
6026 15
6027 20
6028 23
6029 20
6030 16
6031 17
6032 16
6033 23
6034 31
6035 24
6036 22
6037 25
6038 11
6039 22
6040 28
6041 21
6042 19
6043 22
6044 20
6045 20
6046 18
6047 15
6048 24
6049 26
6050 24
6051 20
6052 20
6053 31
6054 17
6055 23
6056 28
6057 28
6058 21
6059 27
6060 15
6061 21
6062 24
6063 31
6064 19
6065 27
6066 21
6067 24
6068 24
6069 21
6070 25
6071 13
6072 28
6073 22
6074 28
6075 22
6076 17
6077 20
6078 22
6079 25
6080 31
6081 23
6082 21
6083 19
6084 16
6085 21
6086 30
6087 28
6088 19
6089 26
6090 30
6091 13
6092 18
6093 19
6094 27
6095 20
6096 15
6097 25
6098 10
6099 22
6100 28
6101 23
6102 22
6103 22
6104 17
6105 21
6106 26
6107 19
6108 23
6109 19
6110 31
6111 24
6112 19
6113 21
6114 21
6115 21
6116 23
6117 31
6118 16
6119 18
6120 23
6121 15
6122 21
6123 21
6124 32
6125 26
6126 25
6127 16
6128 31
6129 22
6130 23
6131 24
6132 27
6133 17
6134 18
6135 20
6136 17
6137 21
6138 19
6139 17
6140 24
6141 20
6142 19
6143 18
6144 27
6145 20
6146 25
6147 24
6148 16
6149 21
6150 18
6151 30
6152 19
6153 18
6154 26
6155 30
6156 24
6157 19
6158 20
6159 26
6160 22
6161 18
6162 14
6163 19
6164 25
6165 19
6166 24
6167 20
6168 17
6169 25
6170 18
6171 23
6172 20
6173 32
6174 20
6175 16
6176 18
6177 22
6178 17
6179 24
6180 23
6181 23
6182 20
6183 17
6184 23
6185 29
6186 16
6187 20
6188 21
6189 20
6190 19
6191 21
6192 22
6193 27
6194 17
6195 16
6196 27
6197 19
6198 25
6199 22
6200 22
6201 20
6202 19
6203 26
6204 19
6205 20
6206 22
6207 23
6208 17
6209 16
6210 19
6211 25
6212 22
6213 19
6214 28
6215 25
6216 26
6217 15
6218 28
6219 25
6220 15
6221 22
6222 11
6223 17
6224 18
6225 22
6226 17
6227 18
6228 15
6229 32
6230 18
6231 17
6232 30
6233 22
6234 16
6235 31
6236 17
6237 14
6238 22
6239 30
6240 26
6241 16
6242 16
6243 27
6244 17
6245 21
6246 18
6247 33
6248 20
6249 15
6250 17
6251 20
6252 21
6253 20
6254 15
6255 27
6256 23
6257 18
6258 17
6259 18
6260 17
6261 30
6262 14
6263 27
6264 15
6265 22
6266 22
6267 9
6268 25
6269 22
6270 21
6271 25
6272 15
6273 25
6274 18
6275 22
6276 21
6277 20
6278 17
6279 21
6280 24
6281 25
6282 24
6283 22
6284 17
6285 20
6286 20
6287 21
6288 17
6289 26
6290 17
6291 21
6292 14
6293 22
6294 14
6295 21
6296 19
6297 20
6298 14
6299 26
6300 27
6301 27
6302 18
6303 14
6304 16
6305 15
6306 23
6307 25
6308 15
6309 26
6310 18
6311 23
6312 22
6313 24
6314 18
6315 20
6316 18
6317 16
6318 18
6319 23
6320 22
6321 24
6322 21
6323 28
6324 19
6325 17
6326 24
6327 25
6328 18
6329 20
6330 23
6331 19
6332 22
6333 26
6334 15
6335 16
6336 19
6337 18
6338 20
6339 16
6340 21
6341 21
6342 20
6343 15
6344 20
6345 15
6346 23
6347 19
6348 18
6349 19
6350 17
6351 14
6352 17
6353 24
6354 12
6355 18
6356 19
6357 23
6358 21
6359 10
6360 17
6361 23
6362 28
6363 23
6364 17
6365 16
6366 24
6367 17
6368 20
6369 20
6370 18
6371 20
6372 19
6373 19
6374 20
6375 19
6376 24
6377 23
6378 21
6379 16
6380 15
6381 19
6382 25
6383 25
6384 17
6385 17
6386 17
6387 13
6388 16
6389 21
6390 28
6391 26
6392 20
6393 11
6394 20
6395 29
6396 19
6397 22
6398 22
6399 15
6400 23
6401 20
6402 17
6403 24
6404 15
6405 22
6406 22
6407 17
6408 23
6409 17
6410 22
6411 28
6412 22
6413 20
6414 27
6415 17
6416 19
6417 22
6418 15
6419 20
6420 18
6421 20
6422 24
6423 19
6424 18
6425 20
6426 24
6427 16
6428 22
6429 17
6430 22
6431 17
6432 25
6433 19
6434 15
6435 18
6436 23
6437 17
6438 15
6439 25
6440 18
6441 20
6442 23
6443 18
6444 27
6445 13
6446 18
6447 27
6448 16
6449 17
6450 11
6451 26
6452 23
6453 21
6454 17
6455 18
6456 14
6457 19
6458 8
6459 15
6460 16
6461 18
6462 20
6463 14
6464 15
6465 19
6466 18
6467 19
6468 5
6469 28
6470 21
6471 24
6472 16
6473 21
6474 22
6475 18
6476 21
6477 12
6478 25
6479 19
6480 14
6481 32
6482 20
6483 17
6484 21
6485 18
6486 13
6487 13
6488 22
6489 28
6490 26
6491 21
6492 17
6493 18
6494 29
6495 25
6496 19
6497 17
6498 27
6499 19
6500 16
6501 20
6502 21
6503 18
6504 18
6505 16
6506 20
6507 14
6508 20
6509 21
6510 20
6511 23
6512 21
6513 20
6514 20
6515 26
6516 21
6517 15
6518 14
6519 16
6520 25
6521 15
6522 15
6523 15
6524 22
6525 18
6526 16
6527 14
6528 28
6529 12
6530 16
6531 16
6532 12
6533 18
6534 17
6535 22
6536 21
6537 14
6538 15
6539 16
6540 18
6541 17
6542 20
6543 19
6544 23
6545 17
6546 16
6547 16
6548 18
6549 17
6550 20
6551 14
6552 21
6553 20
6554 13
6555 15
6556 21
6557 23
6558 25
6559 18
6560 14
6561 14
6562 12
6563 21
6564 14
6565 13
6566 20
6567 22
6568 21
6569 25
6570 11
6571 17
6572 15
6573 25
6574 25
6575 20
6576 19
6577 21
6578 13
6579 20
6580 14
6581 15
6582 13
6583 15
6584 19
6585 22
6586 33
6587 18
6588 21
6589 13
6590 17
6591 26
6592 20
6593 19
6594 14
6595 24
6596 22
6597 18
6598 30
6599 20
6600 14
6601 14
6602 22
6603 16
6604 15
6605 20
6606 18
6607 29
6608 20
6609 20
6610 15
6611 20
6612 12
6613 10
6614 22
6615 14
6616 13
6617 23
6618 13
6619 17
6620 16
6621 17
6622 23
6623 15
6624 9
6625 22
6626 15
6627 22
6628 14
6629 24
6630 18
6631 13
6632 12
6633 20
6634 22
6635 16
6636 11
6637 23
6638 16
6639 15
6640 11
6641 20
6642 24
6643 23
6644 15
6645 15
6646 13
6647 18
6648 23
6649 19
6650 20
6651 16
6652 14
6653 21
6654 18
6655 34
6656 19
6657 17
6658 10
6659 21
6660 17
6661 17
6662 16
6663 22
6664 18
6665 21
6666 13
6667 18
6668 16
6669 16
6670 26
6671 17
6672 22
6673 19
6674 11
6675 13
6676 26
6677 22
6678 20
6679 14
6680 18
6681 21
6682 20
6683 14
6684 23
6685 19
6686 10
6687 16
6688 18
6689 17
6690 17
6691 21
6692 17
6693 15
6694 18
6695 17
6696 16
6697 22
6698 27
6699 18
6700 22
6701 24
6702 24
6703 12
6704 17
6705 21
6706 12
6707 22
6708 12
6709 22
6710 22
6711 23
6712 13
6713 18
6714 21
6715 17
6716 29
6717 22
6718 18
6719 13
6720 15
6721 14
6722 25
6723 13
6724 18
6725 17
6726 8
6727 20
6728 17
6729 12
6730 17
6731 19
6732 26
6733 21
6734 24
6735 23
6736 19
6737 14
6738 23
6739 18
6740 17
6741 9
6742 20
6743 14
6744 13
6745 15
6746 13
6747 23
6748 20
6749 17
6750 12
6751 18
6752 18
6753 15
6754 16
6755 13
6756 18
6757 16
6758 16
6759 18
6760 14
6761 12
6762 20
6763 22
6764 17
6765 27
6766 33
6767 18
6768 13
6769 20
6770 12
6771 13
6772 13
6773 21
6774 17
6775 9
6776 16
6777 17
6778 12
6779 13
6780 12
6781 22
6782 27
6783 15
6784 12
6785 13
6786 23
6787 14
6788 21
6789 14
6790 21
6791 16
6792 14
6793 14
6794 10
6795 16
6796 15
6797 19
6798 18
6799 18
6800 21
6801 16
6802 18
6803 18
6804 18
6805 22
6806 15
6807 20
6808 21
6809 15
6810 18
6811 12
6812 17
6813 14
6814 13
6815 18
6816 19
6817 12
6818 18
6819 15
6820 29
6821 11
6822 15
6823 21
6824 17
6825 14
6826 18
6827 11
6828 13
6829 9
6830 14
6831 11
6832 19
6833 13
6834 17
6835 12
6836 20
6837 23
6838 12
6839 23
6840 19
6841 19
6842 15
6843 10
6844 24
6845 18
6846 14
6847 15
6848 18
6849 19
6850 17
6851 22
6852 13
6853 14
6854 13
6855 15
6856 8
6857 18
6858 23
6859 17
6860 16
6861 11
6862 16
6863 13
6864 14
6865 17
6866 16
6867 12
6868 20
6869 15
6870 10
6871 14
6872 15
6873 18
6874 17
6875 15
6876 24
6877 16
6878 15
6879 20
6880 20
6881 16
6882 8
6883 18
6884 17
6885 20
6886 14
6887 23
6888 15
6889 23
6890 14
6891 25
6892 15
6893 16
6894 13
6895 20
6896 9
6897 20
6898 21
6899 17
6900 16
6901 18
6902 20
6903 18
6904 18
6905 13
6906 21
6907 16
6908 19
6909 10
6910 9
6911 14
6912 14
6913 16
6914 14
6915 15
6916 19
6917 13
6918 18
6919 22
6920 13
6921 11
6922 15
6923 18
6924 12
6925 11
6926 20
6927 23
6928 16
6929 16
6930 8
6931 5
6932 18
6933 11
6934 17
6935 19
6936 15
6937 24
6938 22
6939 14
6940 16
6941 14
6942 14
6943 20
6944 11
6945 16
6946 15
6947 14
6948 16
6949 15
6950 15
6951 11
6952 16
6953 16
6954 19
6955 20
6956 13
6957 11
6958 17
6959 14
6960 8
6961 16
6962 24
6963 10
6964 14
6965 14
6966 15
6967 13
6968 14
6969 13
6970 16
6971 23
6972 18
6973 15
6974 13
6975 20
6976 19
6977 22
6978 20
6979 15
6980 22
6981 12
6982 13
6983 11
6984 15
6985 12
6986 15
6987 13
6988 13
6989 10
6990 18
6991 10
6992 17
6993 16
6994 15
6995 12
6996 12
6997 19
6998 15
6999 16
7000 16
7001 19
7002 17
7003 14
7004 13
7005 17
7006 14
7007 19
7008 13
7009 11
7010 17
7011 19
7012 14
7013 15
7014 13
7015 16
7016 12
7017 10
7018 14
7019 19
7020 13
7021 17
7022 18
7023 23
7024 12
7025 14
7026 14
7027 15
7028 18
7029 20
7030 11
7031 15
7032 20
7033 19
7034 12
7035 14
7036 8
7037 18
7038 19
7039 18
7040 13
7041 23
7042 19
7043 22
7044 15
7045 14
7046 19
7047 13
7048 12
7049 16
7050 17
7051 17
7052 17
7053 20
7054 12
7055 12
7056 12
7057 19
7058 15
7059 18
7060 16
7061 12
7062 21
7063 17
7064 14
7065 15
7066 23
7067 23
7068 14
7069 13
7070 25
7071 16
7072 16
7073 12
7074 16
7075 16
7076 18
7077 17
7078 22
7079 10
7080 17
7081 17
7082 20
7083 13
7084 17
7085 18
7086 13
7087 13
7088 17
7089 23
7090 11
7091 20
7092 21
7093 18
7094 15
7095 11
7096 17
7097 10
7098 21
7099 15
7100 15
7101 13
7102 15
7103 17
7104 12
7105 8
7106 18
7107 12
7108 14
7109 14
7110 16
7111 13
7112 20
7113 19
7114 14
7115 21
7116 20
7117 10
7118 17
7119 9
7120 8
7121 17
7122 22
7123 16
7124 12
7125 10
7126 19
7127 14
7128 13
7129 9
7130 16
7131 10
7132 11
7133 19
7134 11
7135 20
7136 17
7137 14
7138 20
7139 9
7140 23
7141 11
7142 14
7143 16
7144 17
7145 17
7146 13
7147 11
7148 13
7149 15
7150 17
7151 19
7152 18
7153 10
7154 18
7155 17
7156 17
7157 13
7158 19
7159 18
7160 27
7161 20
7162 14
7163 13
7164 10
7165 16
7166 20
7167 20
7168 14
7169 14
7170 14
7171 16
7172 18
7173 14
7174 12
7175 13
7176 14
7177 16
7178 12
7179 13
7180 13
7181 18
7182 16
7183 15
7184 21
7185 17
7186 23
7187 19
7188 13
7189 12
7190 19
7191 10
7192 12
7193 11
7194 16
7195 18
7196 14
7197 6
7198 16
7199 9
7200 23
7201 20
7202 19
7203 15
7204 13
7205 10
7206 17
7207 13
7208 9
7209 16
7210 17
7211 15
7212 16
7213 18
7214 15
7215 18
7216 16
7217 17
7218 13
7219 14
7220 15
7221 13
7222 10
7223 14
7224 17
7225 15
7226 12
7227 11
7228 12
7229 15
7230 10
7231 9
7232 15
7233 12
7234 14
7235 17
7236 16
7237 16
7238 15
7239 17
7240 21
7241 9
7242 19
7243 14
7244 14
7245 16
7246 18
7247 24
7248 19
7249 13
7250 14
7251 19
7252 20
7253 14
7254 14
7255 15
7256 8
7257 12
7258 13
7259 16
7260 18
7261 16
7262 16
7263 11
7264 18
7265 23
7266 11
7267 17
7268 22
7269 10
7270 22
7271 18
7272 12
7273 9
7274 13
7275 15
7276 12
7277 9
7278 10
7279 18
7280 27
7281 10
7282 12
7283 16
7284 19
7285 14
7286 20
7287 14
7288 10
7289 16
7290 14
7291 11
7292 10
7293 19
7294 19
7295 13
7296 13
7297 17
7298 5
7299 9
7300 18
7301 17
7302 9
7303 21
7304 21
7305 14
7306 12
7307 15
7308 14
7309 17
7310 10
7311 19
7312 17
7313 9
7314 21
7315 15
7316 14
7317 14
7318 17
7319 10
7320 22
7321 19
7322 12
7323 14
7324 13
7325 18
7326 13
7327 21
7328 13
7329 17
7330 8
7331 15
7332 16
7333 15
7334 20
7335 7
7336 13
7337 13
7338 15
7339 15
7340 19
7341 16
7342 14
7343 12
7344 20
7345 16
7346 12
7347 11
7348 13
7349 16
7350 9
7351 14
7352 22
7353 16
7354 17
7355 20
7356 14
7357 22
7358 17
7359 14
7360 13
7361 16
7362 11
7363 19
7364 16
7365 9
7366 14
7367 12
7368 13
7369 15
7370 15
7371 24
7372 16
7373 16
7374 11
7375 13
7376 16
7377 12
7378 7
7379 17
7380 15
7381 14
7382 13
7383 18
7384 14
7385 20
7386 7
7387 15
7388 12
7389 23
7390 15
7391 13
7392 15
7393 14
7394 17
7395 17
7396 13
7397 17
7398 14
7399 16
7400 22
7401 19
7402 11
7403 20
7404 20
7405 15
7406 17
7407 11
7408 8
7409 13
7410 18
7411 10
7412 16
7413 11
7414 18
7415 11
7416 9
7417 19
7418 12
7419 20
7420 7
7421 9
7422 18
7423 11
7424 16
7425 14
7426 6
7427 13
7428 13
7429 15
7430 8
7431 10
7432 16
7433 14
7434 16
7435 12
7436 12
7437 13
7438 12
7439 18
7440 17
7441 14
7442 18
7443 12
7444 21
7445 18
7446 15
7447 22
7448 13
7449 8
7450 23
7451 14
7452 17
7453 19
7454 22
7455 18
7456 16
7457 10
7458 14
7459 14
7460 16
7461 15
7462 14
7463 13
7464 15
7465 17
7466 18
7467 13
7468 13
7469 7
7470 12
7471 13
7472 13
7473 15
7474 17
7475 12
7476 11
7477 19
7478 18
7479 15
7480 12
7481 13
7482 15
7483 12
7484 13
7485 15
7486 18
7487 15
7488 14
7489 14
7490 19
7491 16
7492 11
7493 17
7494 10
7495 12
7496 16
7497 13
7498 11
7499 14
7500 10
7501 16
7502 12
7503 7
7504 17
7505 19
7506 10
7507 14
7508 17
7509 12
7510 15
7511 8
7512 17
7513 19
7514 13
7515 8
7516 10
7517 19
7518 13
7519 10
7520 13
7521 9
7522 12
7523 13
7524 14
7525 19
7526 18
7527 13
7528 12
7529 17
7530 20
7531 20
7532 10
7533 13
7534 12
7535 11
7536 14
7537 20
7538 17
7539 11
7540 17
7541 20
7542 20
7543 21
7544 11
7545 18
7546 14
7547 16
7548 14
7549 18
7550 11
7551 10
7552 13
7553 11
7554 7
7555 8
7556 16
7557 14
7558 13
7559 14
7560 18
7561 11
7562 10
7563 15
7564 14
7565 16
7566 10
7567 20
7568 9
7569 11
7570 14
7571 11
7572 13
7573 13
7574 9
7575 20
7576 12
7577 13
7578 8
7579 14
7580 8
7581 15
7582 14
7583 11
7584 18
7585 8
7586 17
7587 12
7588 14
7589 12
7590 12
7591 12
7592 20
7593 16
7594 13
7595 12
7596 13
7597 16
7598 12
7599 11
7600 16
7601 12
7602 17
7603 13
7604 18
7605 12
7606 21
7607 15
7608 17
7609 14
7610 12
7611 17
7612 13
7613 14
7614 20
7615 19
7616 12
7617 15
7618 13
7619 11
7620 12
7621 14
7622 22
7623 14
7624 6
7625 18
7626 14
7627 14
7628 14
7629 14
7630 17
7631 11
7632 12
7633 16
7634 14
7635 13
7636 10
7637 11
7638 15
7639 11
7640 12
7641 14
7642 17
7643 13
7644 14
7645 9
7646 14
7647 10
7648 11
7649 15
7650 14
7651 9
7652 12
7653 11
7654 13
7655 14
7656 15
7657 10
7658 18
7659 10
7660 17
7661 14
7662 9
7663 12
7664 15
7665 10
7666 18
7667 14
7668 11
7669 10
7670 15
7671 9
7672 14
7673 12
7674 10
7675 15
7676 17
7677 12
7678 11
7679 6
7680 16
7681 10
7682 15
7683 10
7684 8
7685 11
7686 10
7687 13
7688 13
7689 14
7690 15
7691 15
7692 9
7693 6
7694 15
7695 16
7696 10
7697 18
7698 15
7699 14
7700 10
7701 10
7702 23
7703 11
7704 10
7705 14
7706 7
7707 12
7708 13
7709 21
7710 14
7711 12
7712 17
7713 20
7714 13
7715 20
7716 16
7717 18
7718 9
7719 9
7720 13
7721 7
7722 14
7723 7
7724 15
7725 13
7726 11
7727 11
7728 15
7729 11
7730 13
7731 7
7732 19
7733 10
7734 8
7735 14
7736 8
7737 17
7738 11
7739 9
7740 8
7741 12
7742 16
7743 20
7744 18
7745 12
7746 18
7747 12
7748 17
7749 9
7750 11
7751 10
7752 20
7753 11
7754 11
7755 9
7756 17
7757 10
7758 14
7759 8
7760 15
7761 18
7762 18
7763 8
7764 12
7765 18
7766 14
7767 18
7768 16
7769 15
7770 16
7771 12
7772 20
7773 17
7774 12
7775 15
7776 10
7777 9
7778 11
7779 7
7780 12
7781 10
7782 14
7783 18
7784 14
7785 12
7786 9
7787 11
7788 9
7789 13
7790 17
7791 16
7792 14
7793 16
7794 10
7795 15
7796 5
7797 12
7798 13
7799 8
7800 11
7801 17
7802 12
7803 12
7804 13
7805 14
7806 7
7807 19
7808 14
7809 9
7810 19
7811 11
7812 19
7813 10
7814 21
7815 16
7816 19
7817 16
7818 15
7819 13
7820 6
7821 13
7822 13
7823 15
7824 12
7825 14
7826 10
7827 12
7828 14
7829 16
7830 6
7831 5
7832 12
7833 14
7834 11
7835 10
7836 12
7837 13
7838 24
7839 15
7840 14
7841 10
7842 12
7843 11
7844 10
7845 17
7846 12
7847 13
7848 14
7849 13
7850 13
7851 13
7852 13
7853 14
7854 8
7855 18
7856 17
7857 9
7858 12
7859 14
7860 12
7861 10
7862 15
7863 15
7864 7
7865 4
7866 17
7867 10
7868 9
7869 12
7870 10
7871 18
7872 16
7873 14
7874 10
7875 9
7876 14
7877 15
7878 11
7879 8
7880 13
7881 7
7882 12
7883 10
7884 9
7885 7
7886 7
7887 18
7888 10
7889 11
7890 12
7891 18
7892 23
7893 22
7894 11
7895 10
7896 8
7897 13
7898 18
7899 17
7900 15
7901 13
7902 17
7903 11
7904 17
7905 18
7906 15
7907 10
7908 8
7909 10
7910 18
7911 9
7912 15
7913 16
7914 14
7915 16
7916 15
7917 13
7918 10
7919 17
7920 15
7921 12
7922 13
7923 11
7924 10
7925 16
7926 11
7927 14
7928 13
7929 13
7930 13
7931 10
7932 6
7933 15
7934 13
7935 9
7936 10
7937 15
7938 12
7939 10
7940 13
7941 10
7942 9
7943 13
7944 19
7945 10
7946 16
7947 15
7948 15
7949 12
7950 9
7951 17
7952 12
7953 14
7954 12
7955 7
7956 14
7957 8
7958 11
7959 13
7960 14
7961 12
7962 16
7963 15
7964 10
7965 13
7966 16
7967 11
7968 10
7969 15
7970 13
7971 7
7972 11
7973 10
7974 10
7975 16
7976 17
7977 18
7978 14
7979 15
7980 10
7981 8
7982 15
7983 16
7984 7
7985 13
7986 13
7987 13
7988 12
7989 12
7990 13
7991 14
7992 11
7993 14
7994 12
7995 12
7996 10
7997 8
7998 16
7999 18
8000 12
8001 12
8002 14
8003 11
8004 16
8005 8
8006 10
8007 7
8008 14
8009 10
8010 16
8011 13
8012 13
8013 11
8014 14
8015 12
8016 9
8017 7
8018 15
8019 18
8020 9
8021 19
8022 10
8023 16
8024 14
8025 14
8026 12
8027 12
8028 16
8029 20
8030 11
8031 13
8032 20
8033 12
8034 16
8035 10
8036 13
8037 10
8038 14
8039 14
8040 16
8041 7
8042 17
8043 6
8044 11
8045 7
8046 6
8047 13
8048 8
8049 7
8050 13
8051 11
8052 9
8053 16
8054 8
8055 10
8056 10
8057 7
8058 5
8059 3
8060 9
8061 11
8062 16
8063 12
8064 16
8065 9
8066 19
8067 16
8068 8
8069 12
8070 19
8071 13
8072 17
8073 10
8074 11
8075 10
8076 15
8077 14
8078 11
8079 12
8080 11
8081 7
8082 12
8083 9
8084 12
8085 10
8086 11
8087 13
8088 14
8089 14
8090 13
8091 13
8092 11
8093 9
8094 17
8095 14
8096 11
8097 9
8098 10
8099 17
8100 11
8101 10
8102 13
8103 20
8104 8
8105 5
8106 12
8107 8
8108 12
8109 8
8110 11
8111 16
8112 15
8113 8
8114 12
8115 20
8116 15
8117 14
8118 11
8119 7
8120 17
8121 6
8122 6
8123 11
8124 11
8125 10
8126 9
8127 10
8128 11
8129 9
8130 11
8131 11
8132 11
8133 11
8134 12
8135 13
8136 12
8137 16
8138 10
8139 7
8140 8
8141 16
8142 11
8143 7
8144 11
8145 12
8146 13
8147 8
8148 10
8149 12
8150 13
8151 15
8152 10
8153 14
8154 13
8155 16
8156 13
8157 7
8158 14
8159 8
8160 11
8161 16
8162 13
8163 9
8164 12
8165 13
8166 14
8167 10
8168 12
8169 9
8170 9
8171 16
8172 13
8173 15
8174 12
8175 15
8176 12
8177 9
8178 13
8179 11
8180 9
8181 14
8182 14
8183 11
8184 14
8185 11
8186 10
8187 14
8188 11
8189 17
8190 15
8191 16
8192 12
8193 13
8194 11
8195 11
8196 14
8197 12
8198 7
8199 8
8200 12
8201 9
8202 8
8203 5
8204 9
8205 12
8206 15
8207 13
8208 13
8209 12
8210 17
8211 19
8212 8
8213 12
8214 9
8215 9
8216 13
8217 9
8218 15
8219 12
8220 13
8221 23
8222 7
8223 11
8224 11
8225 13
8226 14
8227 6
8228 12
8229 14
8230 13
8231 12
8232 12
8233 11
8234 18
8235 6
8236 15
8237 12
8238 7
8239 13
8240 14
8241 8
8242 17
8243 11
8244 16
8245 11
8246 8
8247 4
8248 10
8249 11
8250 8
8251 6
8252 9
8253 8
8254 13
8255 10
8256 9
8257 10
8258 8
8259 9
8260 11
8261 15
8262 5
8263 9
8264 15
8265 8
8266 18
8267 7
8268 10
8269 14
8270 9
8271 5
8272 9
8273 6
8274 11
8275 7
8276 13
8277 8
8278 9
8279 9
8280 8
8281 13
8282 8
8283 11
8284 14
8285 12
8286 6
8287 5
8288 9
8289 16
8290 14
8291 9
8292 10
8293 8
8294 5
8295 10
8296 8
8297 9
8298 13
8299 11
8300 6
8301 9
8302 12
8303 17
8304 12
8305 12
8306 11
8307 8
8308 15
8309 11
8310 9
8311 10
8312 10
8313 7
8314 7
8315 9
8316 14
8317 8
8318 7
8319 8
8320 8
8321 7
8322 6
8323 12
8324 15
8325 19
8326 7
8327 7
8328 9
8329 9
8330 15
8331 14
8332 12
8333 13
8334 7
8335 14
8336 7
8337 10
8338 11
8339 15
8340 15
8341 10
8342 16
8343 10
8344 14
8345 9
8346 18
8347 6
8348 7
8349 7
8350 9
8351 15
8352 12
8353 8
8354 12
8355 10
8356 15
8357 10
8358 12
8359 14
8360 4
8361 5
8362 11
8363 10
8364 9
8365 15
8366 14
8367 7
8368 13
8369 11
8370 9
8371 15
8372 10
8373 13
8374 8
8375 8
8376 12
8377 18
8378 11
8379 13
8380 6
8381 12
8382 10
8383 14
8384 5
8385 7
8386 9
8387 9
8388 10
8389 19
8390 10
8391 12
8392 11
8393 11
8394 13
8395 10
8396 10
8397 8
8398 9
8399 15
8400 9
8401 11
8402 12
8403 18
8404 11
8405 6
8406 7
8407 13
8408 12
8409 12
8410 16
8411 10
8412 8
8413 10
8414 17
8415 16
8416 11
8417 10
8418 11
8419 16
8420 19
8421 11
8422 8
8423 10
8424 6
8425 11
8426 8
8427 5
8428 11
8429 12
8430 11
8431 11
8432 8
8433 13
8434 8
8435 16
8436 10
8437 4
8438 11
8439 11
8440 13
8441 9
8442 9
8443 8
8444 7
8445 8
8446 10
8447 8
8448 11
8449 7
8450 13
8451 16
8452 11
8453 12
8454 13
8455 7
8456 12
8457 13
8458 9
8459 10
8460 18
8461 14
8462 15
8463 8
8464 7
8465 14
8466 12
8467 17
8468 5
8469 15
8470 10
8471 10
8472 8
8473 17
8474 6
8475 13
8476 5
8477 12
8478 8
8479 12
8480 12
8481 9
8482 14
8483 7
8484 10
8485 9
8486 6
8487 7
8488 7
8489 10
8490 14
8491 13
8492 6
8493 9
8494 8
8495 11
8496 13
8497 8
8498 3
8499 9
8500 12
8501 10
8502 7
8503 9
8504 13
8505 11
8506 14
8507 11
8508 8
8509 11
8510 9
8511 12
8512 7
8513 10
8514 15
8515 10
8516 17
8517 9
8518 8
8519 10
8520 17
8521 18
8522 16
8523 7
8524 10
8525 7
8526 14
8527 13
8528 6
8529 13
8530 7
8531 7
8532 11
8533 8
8534 11
8535 4
8536 11
8537 8
8538 10
8539 12
8540 8
8541 7
8542 13
8543 7
8544 11
8545 15
8546 8
8547 6
8548 8
8549 10
8550 12
8551 12
8552 11
8553 11
8554 12
8555 10
8556 9
8557 12
8558 12
8559 7
8560 9
8561 13
8562 12
8563 6
8564 9
8565 12
8566 10
8567 9
8568 7
8569 10
8570 15
8571 10
8572 13
8573 9
8574 13
8575 11
8576 11
8577 6
8578 6
8579 11
8580 9
8581 9
8582 7
8583 7
8584 8
8585 10
8586 9
8587 19
8588 18
8589 14
8590 7
8591 2
8592 6
8593 10
8594 10
8595 6
8596 5
8597 14
8598 13
8599 6
8600 7
8601 4
8602 7
8603 10
8604 6
8605 12
8606 12
8607 8
8608 5
8609 7
8610 10
8611 13
8612 9
8613 10
8614 13
8615 13
8616 8
8617 8
8618 8
8619 10
8620 2
8621 7
8622 6
8623 13
8624 10
8625 6
8626 7
8627 13
8628 8
8629 7
8630 14
8631 10
8632 9
8633 6
8634 5
8635 10
8636 14
8637 5
8638 6
8639 13
8640 11
8641 6
8642 11
8643 11
8644 11
8645 5
8646 11
8647 17
8648 12
8649 9
8650 13
8651 9
8652 9
8653 10
8654 13
8655 10
8656 9
8657 9
8658 10
8659 10
8660 13
8661 7
8662 10
8663 5
8664 12
8665 8
8666 10
8667 9
8668 6
8669 11
8670 5
8671 8
8672 11
8673 10
8674 6
8675 6
8676 11
8677 9
8678 11
8679 11
8680 9
8681 8
8682 13
8683 8
8684 9
8685 8
8686 11
8687 9
8688 9
8689 8
8690 10
8691 7
8692 4
8693 9
8694 10
8695 9
8696 12
8697 10
8698 10
8699 9
8700 10
8701 12
8702 8
8703 7
8704 8
8705 7
8706 7
8707 6
8708 10
8709 7
8710 8
8711 10
8712 12
8713 8
8714 7
8715 8
8716 10
8717 10
8718 8
8719 8
8720 8
8721 14
8722 6
8723 13
8724 13
8725 12
8726 10
8727 10
8728 14
8729 5
8730 5
8731 6
8732 8
8733 11
8734 9
8735 15
8736 8
8737 10
8738 3
8739 10
8740 8
8741 10
8742 10
8743 7
8744 7
8745 5
8746 13
8747 11
8748 10
8749 7
8750 6
8751 6
8752 4
8753 14
8754 17
8755 10
8756 15
8757 6
8758 18
8759 7
8760 9
8761 14
8762 5
8763 9
8764 9
8765 10
8766 10
8767 17
8768 8
8769 8
8770 13
8771 13
8772 12
8773 9
8774 10
8775 13
8776 10
8777 10
8778 6
8779 9
8780 12
8781 7
8782 8
8783 11
8784 13
8785 7
8786 13
8787 9
8788 9
8789 5
8790 6
8791 10
8792 6
8793 6
8794 9
8795 9
8796 1
8797 7
8798 8
8799 11
8800 6
8801 6
8802 4
8803 12
8804 10
8805 9
8806 12
8807 11
8808 10
8809 6
8810 11
8811 9
8812 12
8813 4
8814 8
8815 9
8816 6
8817 8
8818 9
8819 12
8820 6
8821 9
8822 6
8823 13
8824 9
8825 8
8826 8
8827 6
8828 6
8829 9
8830 7
8831 15
8832 3
8833 12
8834 14
8835 9
8836 10
8837 4
8838 8
8839 2
8840 7
8841 8
8842 13
8843 11
8844 6
8845 15
8846 9
8847 11
8848 6
8849 11
8850 8
8851 8
8852 12
8853 11
8854 5
8855 11
8856 13
8857 10
8858 9
8859 13
8860 13
8861 9
8862 9
8863 8
8864 9
8865 14
8866 4
8867 9
8868 9
8869 7
8870 13
8871 4
8872 5
8873 7
8874 10
8875 14
8876 8
8877 6
8878 13
8879 4
8880 7
8881 7
8882 7
8883 7
8884 10
8885 14
8886 13
8887 13
8888 10
8889 9
8890 13
8891 9
8892 11
8893 7
8894 8
8895 13
8896 6
8897 5
8898 9
8899 5
8900 12
8901 9
8902 7
8903 10
8904 10
8905 10
8906 16
8907 16
8908 6
8909 8
8910 9
8911 6
8912 5
8913 7
8914 13
8915 12
8916 7
8917 6
8918 7
8919 7
8920 3
8921 6
8922 8
8923 10
8924 8
8925 14
8926 10
8927 9
8928 7
8929 15
8930 6
8931 14
8932 6
8933 7
8934 8
8935 6
8936 9
8937 11
8938 6
8939 7
8940 12
8941 14
8942 12
8943 7
8944 5
8945 11
8946 6
8947 12
8948 10
8949 4
8950 9
8951 9
8952 7
8953 9
8954 7
8955 12
8956 5
8957 5
8958 3
8959 9
8960 11
8961 8
8962 10
8963 5
8964 14
8965 9
8966 9
8967 5
8968 4
8969 12
8970 8
8971 8
8972 11
8973 5
8974 7
8975 7
8976 16
8977 14
8978 10
8979 12
8980 6
8981 10
8982 7
8983 10
8984 9
8985 6
8986 12
8987 11
8988 12
8989 10
8990 7
8991 15
8992 10
8993 9
8994 8
8995 9
8996 13
8997 14
8998 9
8999 11
9000 8
9001 2
9002 8
9003 8
9004 6
9005 9
9006 9
9007 13
9008 10
9009 7
9010 10
9011 14
9012 10
9013 8
9014 9
9015 8
9016 7
9017 10
9018 6
9019 5
9020 10
9021 8
9022 10
9023 4
9024 11
9025 17
9026 13
9027 12
9028 8
9029 12
9030 9
9031 9
9032 10
9033 11
9034 10
9035 13
9036 8
9037 13
9038 8
9039 11
9040 7
9041 7
9042 12
9043 7
9044 5
9045 9
9046 6
9047 9
9048 9
9049 7
9050 13
9051 11
9052 5
9053 2
9054 5
9055 7
9056 11
9057 15
9058 9
9059 13
9060 3
9061 16
9062 9
9063 9
9064 7
9065 11
9066 6
9067 12
9068 15
9069 12
9070 4
9071 11
9072 10
9073 14
9074 10
9075 4
9076 10
9077 13
9078 10
9079 14
9080 8
9081 4
9082 7
9083 14
9084 11
9085 12
9086 7
9087 9
9088 8
9089 8
9090 8
9091 6
9092 7
9093 8
9094 11
9095 6
9096 6
9097 9
9098 9
9099 12
9100 10
9101 8
9102 5
9103 9
9104 11
9105 13
9106 10
9107 8
9108 9
9109 9
9110 7
9111 13
9112 9
9113 13
9114 9
9115 10
9116 4
9117 10
9118 10
9119 9
9120 12
9121 9
9122 12
9123 12
9124 10
9125 11
9126 7
9127 13
9128 3
9129 11
9130 10
9131 10
9132 9
9133 7
9134 5
9135 6
9136 14
9137 9
9138 13
9139 13
9140 11
9141 9
9142 8
9143 21
9144 6
9145 13
9146 11
9147 14
9148 6
9149 11
9150 6
9151 5
9152 13
9153 9
9154 7
9155 7
9156 11
9157 6
9158 7
9159 10
9160 8
9161 5
9162 11
9163 8
9164 7
9165 4
9166 12
9167 10
9168 3
9169 12
9170 12
9171 14
9172 4
9173 14
9174 9
9175 8
9176 13
9177 11
9178 10
9179 8
9180 7
9181 5
9182 8
9183 6
9184 8
9185 8
9186 8
9187 9
9188 7
9189 9
9190 6
9191 8
9192 8
9193 10
9194 7
9195 6
9196 9
9197 8
9198 9
9199 2
9200 12
9201 7
9202 11
9203 11
9204 10
9205 7
9206 6
9207 8
9208 11
9209 4
9210 11
9211 4
9212 9
9213 5
9214 6
9215 9
9216 9
9217 5
9218 5
9219 6
9220 8
9221 7
9222 9
9223 9
9224 11
9225 6
9226 11
9227 9
9228 11
9229 9
9230 5
9231 10
9232 3
9233 10
9234 10
9235 9
9236 8
9237 9
9238 7
9239 1
9240 8
9241 5
9242 5
9243 9
9244 6
9245 5
9246 5
9247 7
9248 9
9249 6
9250 9
9251 5
9252 3
9253 4
9254 5
9255 11
9256 11
9257 9
9258 5
9259 7
9260 7
9261 8
9262 5
9263 9
9264 6
9265 11
9266 6
9267 3
9268 10
9269 8
9270 4
9271 14
9272 9
9273 10
9274 9
9275 11
9276 4
9277 6
9278 6
9279 8
9280 6
9281 9
9282 5
9283 10
9284 6
9285 4
9286 6
9287 6
9288 7
9289 11
9290 6
9291 12
9292 5
9293 4
9294 10
9295 7
9296 12
9297 10
9298 8
9299 14
9300 9
9301 6
9302 9
9303 7
9304 8
9305 11
9306 7
9307 5
9308 10
9309 11
9310 8
9311 11
9312 13
9313 5
9314 7
9315 4
9316 7
9317 8
9318 14
9319 9
9320 7
9321 7
9322 10
9323 4
9324 4
9325 8
9326 5
9327 6
9328 9
9329 7
9330 10
9331 7
9332 11
9333 5
9334 2
9335 9
9336 7
9337 7
9338 5
9339 10
9340 10
9341 11
9342 3
9343 3
9344 5
9345 4
9346 11
9347 6
9348 9
9349 12
9350 5
9351 5
9352 4
9353 3
9354 9
9355 9
9356 5
9357 9
9358 8
9359 6
9360 6
9361 9
9362 10
9363 9
9364 9
9365 9
9366 2
9367 6
9368 4
9369 7
9370 11
9371 5
9372 4
9373 6
9374 7
9375 10
9376 6
9377 8
9378 6
9379 8
9380 9
9381 4
9382 13
9383 12
9384 15
9385 8
9386 8
9387 12
9388 12
9389 5
9390 8
9391 9
9392 11
9393 7
9394 7
9395 8
9396 9
9397 7
9398 10
9399 3
9400 7
9401 3
9402 10
9403 6
9404 7
9405 10
9406 6
9407 7
9408 7
9409 4
9410 5
9411 8
9412 5
9413 5
9414 10
9415 4
9416 6
9417 10
9418 6
9419 10
9420 6
9421 6
9422 10
9423 8
9424 7
9425 8
9426 7
9427 5
9428 8
9429 5
9431 4
9432 9
9433 6
9434 7
9435 7
9436 3
9437 9
9438 7
9439 6
9440 4
9441 9
9442 7
9443 5
9444 6
9445 9
9446 7
9447 4
9448 6
9449 12
9450 11
9451 8
9452 6
9453 13
9454 11
9455 9
9456 14
9457 4
9458 7
9459 10
9460 7
9461 4
9462 8
9463 8
9464 2
9465 5
9466 6
9467 5
9468 4
9469 8
9470 10
9471 13
9472 8
9473 14
9474 8
9475 4
9476 4
9477 10
9478 13
9479 3
9480 12
9481 6
9482 10
9483 4
9484 7
9485 8
9486 7
9487 8
9488 10
9489 11
9490 8
9491 9
9492 9
9493 6
9494 10
9495 7
9496 10
9497 6
9498 7
9499 12
9500 5
9501 5
9502 8
9503 6
9504 9
9505 8
9506 13
9507 7
9508 10
9509 6
9510 15
9511 6
9512 8
9513 8
9514 9
9515 12
9516 7
9517 6
9518 6
9519 8
9520 5
9521 7
9522 5
9523 5
9524 6
9525 4
9526 8
9527 7
9528 4
9529 9
9530 6
9531 12
9532 9
9533 10
9534 6
9535 7
9536 8
9537 4
9538 10
9539 5
9540 10
9541 7
9542 3
9543 7
9544 10
9545 6
9546 8
9547 4
9548 10
9549 9
9550 5
9551 4
9552 2
9553 4
9554 10
9555 5
9556 5
9557 5
9558 5
9559 11
9560 4
9561 7
9562 10
9563 12
9564 10
9565 9
9566 6
9567 7
9568 8
9569 7
9570 7
9571 3
9572 5
9573 9
9574 11
9575 7
9576 2
9577 6
9578 9
9579 10
9580 11
9581 6
9582 7
9583 6
9584 6
9585 9
9586 11
9587 11
9588 5
9589 7
9590 9
9591 10
9592 2
9593 11
9594 4
9595 5
9596 8
9597 7
9598 12
9599 8
9600 5
9601 10
9602 7
9603 12
9604 6
9605 9
9606 3
9607 6
9608 10
9609 4
9610 9
9611 13
9612 8
9613 6
9614 5
9615 4
9616 8
9617 6
9618 7
9619 8
9620 3
9621 11
9622 5
9623 6
9624 7
9625 3
9626 10
9627 2
9628 9
9629 10
9630 5
9631 12
9632 5
9633 3
9634 8
9635 9
9636 6
9637 5
9638 5
9639 9
9640 4
9641 5
9642 6
9643 10
9644 9
9645 10
9646 7
9647 7
9648 5
9649 7
9650 9
9651 11
9652 8
9653 8
9654 1
9655 5
9656 8
9657 5
9658 6
9659 5
9660 4
9661 13
9662 7
9663 10
9664 12
9665 7
9666 11
9667 15
9668 10
9669 4
9670 4
9671 5
9672 4
9673 15
9674 4
9675 6
9676 4
9677 8
9678 11
9679 7
9680 15
9681 8
9682 6
9683 10
9684 6
9685 6
9686 8
9687 9
9688 7
9689 5
9690 4
9691 7
9692 10
9693 9
9694 2
9695 5
9696 4
9697 2
9698 6
9699 6
9700 4
9701 4
9702 4
9703 6
9704 7
9705 5
9706 7
9707 7
9708 3
9709 5
9710 8
9711 7
9712 11
9713 5
9714 8
9715 3
9716 12
9717 2
9718 8
9719 14
9720 5
9721 4
9722 10
9723 11
9724 3
9725 4
9726 4
9727 10
9728 6
9729 8
9730 10
9731 2
9732 3
9733 4
9734 9
9735 8
9736 5
9737 6
9738 7
9739 3
9740 11
9741 9
9742 8
9743 7
9744 5
9745 6
9746 5
9747 7
9748 7
9749 6
9750 7
9751 4
9752 8
9753 5
9754 7
9755 7
9756 9
9757 6
9758 4
9759 6
9760 2
9761 7
9762 5
9763 2
9764 7
9765 5
9766 8
9767 6
9768 7
9769 6
9770 4
9771 6
9772 2
9773 7
9774 6
9775 6
9776 5
9777 4
9778 7
9779 5
9780 5
9781 6
9782 11
9783 7
9784 9
9785 7
9786 3
9787 4
9788 11
9789 8
9790 12
9791 4
9792 8
9793 6
9794 14
9795 7
9796 6
9797 9
9798 10
9799 6
9800 7
9801 7
9802 5
9803 13
9804 3
9805 5
9806 7
9807 10
9808 8
9809 9
9810 6
9811 3
9812 6
9813 5
9814 2
9815 10
9816 4
9817 6
9818 8
9819 6
9820 8
9821 9
9822 5
9823 5
9824 6
9825 7
9826 14
9827 7
9828 10
9829 6
9830 12
9831 6
9832 5
9833 9
9834 5
9835 7
9836 5
9837 5
9838 6
9839 5
9840 6
9841 7
9842 10
9843 6
9844 13
9845 4
9846 6
9847 5
9848 4
9849 4
9850 11
9851 5
9852 5
9853 11
9854 7
9855 12
9856 3
9857 11
9858 9
9859 9
9860 7
9861 8
9862 7
9863 8
9864 8
9865 4
9866 7
9867 6
9868 8
9869 12
9870 6
9871 10
9872 1
9873 9
9874 7
9875 7
9876 9
9877 5
9878 7
9879 5
9880 10
9881 6
9882 5
9883 10
9884 3
9885 3
9886 13
9887 4
9888 3
9889 6
9890 5
9891 10
9892 6
9893 10
9894 9
9895 4
9896 8
9897 4
9898 7
9899 12
9900 6
9901 5
9902 11
9903 8
9904 5
9905 9
9906 11
9907 6
9908 10
9909 8
9910 5
9911 11
9912 8
9913 3
9914 13
9915 6
9916 7
9917 4
9918 5
9919 7
9920 7
9921 10
9922 6
9923 6
9924 6
9925 6
9926 9
9927 5
9928 2
9929 3
9930 7
9931 5
9932 7
9933 10
9934 6
9935 6
9936 7
9937 4
9938 2
9939 12
9940 5
9941 5
9942 8
9943 5
9944 8
9945 10
9946 2
9947 3
9948 8
9949 4
9950 6
9951 7
9952 8
9953 4
9954 3
9955 6
9956 8
9957 7
9958 5
9959 9
9960 3
9961 6
9962 10
9963 5
9964 7
9965 6
9966 9
9967 7
9968 2
9969 4
9970 8
9971 10
9972 5
9973 4
9974 11
9975 7
9976 5
9977 2
9978 8
9979 9
9980 5
9981 10
9982 5
9983 6
9984 4
9985 5
9986 5
9987 5
9988 8
9989 9
9990 10
9991 8
9992 7
9993 7
9994 11
9995 6
9996 8
9997 4
9998 8
9999 6
10000 4
10001 57607
